PROFILES: ELECTRIC POTENTIAL phi, MACH NUMBER U_z/cs, MACH NUMBER U_Bdir/c_s 
distance(mm)    phi(V)      U_z/cs(-)      U_Bdir/c_s(-)
 0.0000e+00    0.0000e+00    0.0000e+00    0.0000e+00
 1.0000e-03    0.0000e+00   -2.4472e+00    2.2270e+00
 2.0000e-03    6.7620e+00   -2.4090e+00    2.2077e+00
 3.0000e-03    1.3246e+01   -2.3518e+00    2.1788e+00
 4.0000e-03    1.9455e+01   -2.2957e+00    2.1505e+00
 5.0000e-03    2.5392e+01   -2.2407e+00    2.1227e+00
 6.0000e-03    3.1060e+01   -2.1870e+00    2.0955e+00
 7.0000e-03    3.6462e+01   -2.1345e+00    2.0690e+00
 8.0000e-03    4.1603e+01   -2.0833e+00    2.0431e+00
 9.0000e-03    4.6488e+01   -2.0336e+00    2.0179e+00
 1.0000e-02    5.1123e+01   -1.9852e+00    1.9935e+00
 1.1000e-02    5.5514e+01   -1.9383e+00    1.9697e+00
 1.2000e-02    5.9669e+01   -1.8929e+00    1.9467e+00
 1.3000e-02    6.3595e+01   -1.8490e+00    1.9244e+00
 1.4000e-02    6.7300e+01   -1.8067e+00    1.9029e+00
 1.5000e-02    7.0794e+01   -1.7658e+00    1.8821e+00
 1.6000e-02    7.4084e+01   -1.7265e+00    1.8621e+00
 1.7000e-02    7.7181e+01   -1.6886e+00    1.8428e+00
 1.8000e-02    8.0092e+01   -1.6523e+00    1.8243e+00
 1.9000e-02    8.2829e+01   -1.6174e+00    1.8065e+00
 2.0000e-02    8.5399e+01   -1.5840e+00    1.7894e+00
 2.1000e-02    8.7813e+01   -1.5521e+00    1.7731e+00
 2.2000e-02    9.0079e+01   -1.5215e+00    1.7574e+00
 2.3000e-02    9.2206e+01   -1.4923e+00    1.7424e+00
 2.4000e-02    9.4202e+01   -1.4643e+00    1.7281e+00
 2.5000e-02    9.6077e+01   -1.4376e+00    1.7143e+00
 2.6000e-02    9.7837e+01   -1.4122e+00    1.7012e+00
 2.7000e-02    9.9491e+01   -1.3879e+00    1.6886e+00
 2.8000e-02    1.0105e+02   -1.3647e+00    1.6766e+00
 2.9000e-02    1.0251e+02   -1.3425e+00    1.6652e+00
 3.0000e-02    1.0388e+02   -1.3214e+00    1.6542e+00
 3.1000e-02    1.0517e+02   -1.3013e+00    1.6437e+00
 3.2000e-02    1.0639e+02   -1.2821e+00    1.6337e+00
 3.3000e-02    1.0753e+02   -1.2639e+00    1.6241e+00
 3.4000e-02    1.0861e+02   -1.2464e+00    1.6150e+00
 3.5000e-02    1.0963e+02   -1.2299e+00    1.6063e+00
 3.6000e-02    1.1059e+02   -1.2141e+00    1.5979e+00
 3.7000e-02    1.1149e+02   -1.1990e+00    1.5900e+00
 3.8000e-02    1.1234e+02   -1.1847e+00    1.5823e+00
 3.9000e-02    1.1314e+02   -1.1711e+00    1.5751e+00
 4.0000e-02    1.1390e+02   -1.1581e+00    1.5681e+00
 4.1000e-02    1.1462e+02   -1.1457e+00    1.5615e+00
 4.2000e-02    1.1530e+02   -1.1340e+00    1.5552e+00
 4.3000e-02    1.1594e+02   -1.1227e+00    1.5491e+00
 4.4000e-02    1.1655e+02   -1.1121e+00    1.5433e+00
 4.5000e-02    1.1713e+02   -1.1019e+00    1.5378e+00
 4.6000e-02    1.1768e+02   -1.0922e+00    1.5324e+00
 4.7000e-02    1.1820e+02   -1.0829e+00    1.5274e+00
 4.8000e-02    1.1870e+02   -1.0741e+00    1.5225e+00
 4.9000e-02    1.1917e+02   -1.0656e+00    1.5178e+00
 5.0000e-02    1.1962e+02   -1.0576e+00    1.5133e+00
 5.1000e-02    1.2005e+02   -1.0498e+00    1.5089e+00
 5.2000e-02    1.2047e+02   -1.0424e+00    1.5047e+00
 5.3000e-02    1.2086e+02   -1.0353e+00    1.5007e+00
 5.4000e-02    1.2124e+02   -1.0284e+00    1.4968e+00
 5.5000e-02    1.2160e+02   -1.0218e+00    1.4930e+00
 5.6000e-02    1.2195e+02   -1.0154e+00    1.4893e+00
 5.7000e-02    1.2229e+02   -1.0092e+00    1.4858e+00
 5.8000e-02    1.2261e+02   -1.0033e+00    1.4823e+00
 5.9000e-02    1.2293e+02   -9.9749e-01    1.4789e+00
 6.0000e-02    1.2324e+02   -9.9187e-01    1.4757e+00
 6.1000e-02    1.2353e+02   -9.8643e-01    1.4725e+00
 6.2000e-02    1.2382e+02   -9.8114e-01    1.4693e+00
 6.3000e-02    1.2410e+02   -9.7600e-01    1.4663e+00
 6.4000e-02    1.2437e+02   -9.7100e-01    1.4633e+00
 6.5000e-02    1.2463e+02   -9.6615e-01    1.4604e+00
 6.6000e-02    1.2489e+02   -9.6143e-01    1.4576e+00
 6.7000e-02    1.2514e+02   -9.5684e-01    1.4548e+00
 6.8000e-02    1.2538e+02   -9.5240e-01    1.4521e+00
 6.9000e-02    1.2562e+02   -9.4806e-01    1.4495e+00
 7.0000e-02    1.2585e+02   -9.4383e-01    1.4469e+00
 7.1000e-02    1.2607e+02   -9.3971e-01    1.4444e+00
 7.2000e-02    1.2629e+02   -9.3567e-01    1.4419e+00
 7.3000e-02    1.2651e+02   -9.3174e-01    1.4395e+00
 7.4000e-02    1.2672e+02   -9.2789e-01    1.4370e+00
 7.5000e-02    1.2692e+02   -9.2412e-01    1.4347e+00
 7.6000e-02    1.2713e+02   -9.2043e-01    1.4324e+00
 7.7000e-02    1.2732e+02   -9.1681e-01    1.4301e+00
 7.8000e-02    1.2752e+02   -9.1325e-01    1.4278e+00
 7.9000e-02    1.2771e+02   -9.0975e-01    1.4256e+00
 8.0000e-02    1.2789e+02   -9.0631e-01    1.4234e+00
 8.1000e-02    1.2808e+02   -9.0293e-01    1.4212e+00
 8.2000e-02    1.2826e+02   -8.9959e-01    1.4191e+00
 8.3000e-02    1.2843e+02   -8.9630e-01    1.4170e+00
 8.4000e-02    1.2861e+02   -8.9305e-01    1.4149e+00
 8.5000e-02    1.2878e+02   -8.8985e-01    1.4128e+00
 8.6000e-02    1.2895e+02   -8.8667e-01    1.4108e+00
 8.7000e-02    1.2912e+02   -8.8352e-01    1.4087e+00
 8.8000e-02    1.2929e+02   -8.8040e-01    1.4067e+00
 8.9000e-02    1.2946e+02   -8.7730e-01    1.4046e+00
 9.0000e-02    1.2963e+02   -8.7422e-01    1.4026e+00
 9.1000e-02    1.2979e+02   -8.7115e-01    1.4006e+00
 9.2000e-02    1.2995e+02   -8.6807e-01    1.3986e+00
 9.3000e-02    1.3012e+02   -8.6500e-01    1.3966e+00
 9.4000e-02    1.3028e+02   -8.6193e-01    1.3946e+00
 9.5000e-02    1.3045e+02   -8.5885e-01    1.3925e+00
 9.6000e-02    1.3061e+02   -8.5577e-01    1.3905e+00
 9.7000e-02    1.3077e+02   -8.5269e-01    1.3885e+00
 9.8000e-02    1.3093e+02   -8.4958e-01    1.3865e+00
 9.9000e-02    1.3110e+02   -8.4645e-01    1.3844e+00
 1.0000e-01    1.3126e+02   -8.4331e-01    1.3824e+00
 1.0100e-01    1.3142e+02   -8.4018e-01    1.3803e+00
 1.0200e-01    1.3158e+02   -8.3704e-01    1.3783e+00
 1.0300e-01    1.3174e+02   -8.3391e-01    1.3763e+00
 1.0400e-01    1.3190e+02   -8.3081e-01    1.3742e+00
 1.0500e-01    1.3206e+02   -8.2776e-01    1.3722e+00
 1.0600e-01    1.3221e+02   -8.2475e-01    1.3703e+00
 1.0700e-01    1.3236e+02   -8.2180e-01    1.3683e+00
 1.0800e-01    1.3251e+02   -8.1892e-01    1.3664e+00
 1.0900e-01    1.3266e+02   -8.1609e-01    1.3645e+00
 1.1000e-01    1.3280e+02   -8.1333e-01    1.3627e+00
 1.1100e-01    1.3294e+02   -8.1066e-01    1.3609e+00
 1.1200e-01    1.3307e+02   -8.0806e-01    1.3591e+00
 1.1300e-01    1.3321e+02   -8.0556e-01    1.3574e+00
 1.1400e-01    1.3333e+02   -8.0315e-01    1.3557e+00
 1.1500e-01    1.3346e+02   -8.0082e-01    1.3541e+00
 1.1600e-01    1.3358e+02   -7.9858e-01    1.3525e+00
 1.1700e-01    1.3369e+02   -7.9645e-01    1.3510e+00
 1.1800e-01    1.3380e+02   -7.9441e-01    1.3495e+00
 1.1900e-01    1.3391e+02   -7.9248e-01    1.3480e+00
 1.2000e-01    1.3401e+02   -7.9063e-01    1.3466e+00
 1.2100e-01    1.3411e+02   -7.8888e-01    1.3453e+00
 1.2200e-01    1.3421e+02   -7.8726e-01    1.3440e+00
 1.2300e-01    1.3430e+02   -7.8573e-01    1.3428e+00
 1.2400e-01    1.3438e+02   -7.8433e-01    1.3416e+00
 1.2500e-01    1.3446e+02   -7.8303e-01    1.3405e+00
 1.2600e-01    1.3454e+02   -7.8184e-01    1.3394e+00
 1.2700e-01    1.3461e+02   -7.8075e-01    1.3384e+00
 1.2800e-01    1.3468e+02   -7.7978e-01    1.3375e+00
 1.2900e-01    1.3475e+02   -7.7890e-01    1.3366e+00
 1.3000e-01    1.3481e+02   -7.7808e-01    1.3357e+00
 1.3100e-01    1.3487e+02   -7.7734e-01    1.3349e+00
 1.3200e-01    1.3493e+02   -7.7665e-01    1.3341e+00
 1.3300e-01    1.3499e+02   -7.7599e-01    1.3333e+00
 1.3400e-01    1.3505e+02   -7.7536e-01    1.3325e+00
 1.3500e-01    1.3510e+02   -7.7473e-01    1.3317e+00
 1.3600e-01    1.3515e+02   -7.7413e-01    1.3310e+00
 1.3700e-01    1.3521e+02   -7.7353e-01    1.3302e+00
 1.3800e-01    1.3526e+02   -7.7292e-01    1.3295e+00
 1.3900e-01    1.3531e+02   -7.7232e-01    1.3287e+00
 1.4000e-01    1.3536e+02   -7.7173e-01    1.3280e+00
 1.4100e-01    1.3541e+02   -7.7113e-01    1.3273e+00
 1.4200e-01    1.3547e+02   -7.7053e-01    1.3265e+00
 1.4300e-01    1.3552e+02   -7.6990e-01    1.3257e+00
 1.4400e-01    1.3558e+02   -7.6923e-01    1.3250e+00
 1.4500e-01    1.3563e+02   -7.6852e-01    1.3242e+00
 1.4600e-01    1.3569e+02   -7.6776e-01    1.3234e+00
 1.4700e-01    1.3575e+02   -7.6694e-01    1.3225e+00
 1.4800e-01    1.3582e+02   -7.6606e-01    1.3217e+00
 1.4900e-01    1.3588e+02   -7.6512e-01    1.3208e+00
 1.5000e-01    1.3595e+02   -7.6410e-01    1.3198e+00
 1.5100e-01    1.3602e+02   -7.6299e-01    1.3188e+00
 1.5200e-01    1.3610e+02   -7.6179e-01    1.3178e+00
 1.5300e-01    1.3617e+02   -7.6050e-01    1.3167e+00
 1.5400e-01    1.3625e+02   -7.5909e-01    1.3156e+00
 1.5500e-01    1.3634e+02   -7.5760e-01    1.3144e+00
 1.5600e-01    1.3642e+02   -7.5602e-01    1.3132e+00
 1.5700e-01    1.3651e+02   -7.5438e-01    1.3119e+00
 1.5800e-01    1.3660e+02   -7.5267e-01    1.3107e+00
 1.5900e-01    1.3669e+02   -7.5091e-01    1.3094e+00
 1.6000e-01    1.3678e+02   -7.4911e-01    1.3080e+00
 1.6100e-01    1.3687e+02   -7.4727e-01    1.3067e+00
 1.6200e-01    1.3697e+02   -7.4540e-01    1.3053e+00
 1.6300e-01    1.3706e+02   -7.4353e-01    1.3040e+00
 1.6400e-01    1.3716e+02   -7.4165e-01    1.3026e+00
 1.6500e-01    1.3725e+02   -7.3978e-01    1.3012e+00
 1.6600e-01    1.3734e+02   -7.3793e-01    1.2999e+00
 1.6700e-01    1.3743e+02   -7.3613e-01    1.2986e+00
 1.6800e-01    1.3752e+02   -7.3439e-01    1.2973e+00
 1.6900e-01    1.3760e+02   -7.3273e-01    1.2960e+00
 1.7000e-01    1.3768e+02   -7.3115e-01    1.2948e+00
 1.7100e-01    1.3776e+02   -7.2966e-01    1.2937e+00
 1.7200e-01    1.3784e+02   -7.2826e-01    1.2925e+00
 1.7300e-01    1.3791e+02   -7.2696e-01    1.2915e+00
 1.7400e-01    1.3798e+02   -7.2579e-01    1.2905e+00
 1.7500e-01    1.3804e+02   -7.2476e-01    1.2895e+00
 1.7600e-01    1.3810e+02   -7.2388e-01    1.2886e+00
 1.7700e-01    1.3816e+02   -7.2314e-01    1.2879e+00
 1.7800e-01    1.3821e+02   -7.2256e-01    1.2871e+00
 1.7900e-01    1.3825e+02   -7.2211e-01    1.2865e+00
 1.8000e-01    1.3829e+02   -7.2179e-01    1.2859e+00
 1.8100e-01    1.3833e+02   -7.2158e-01    1.2854e+00
 1.8200e-01    1.3837e+02   -7.2147e-01    1.2849e+00
 1.8300e-01    1.3840e+02   -7.2144e-01    1.2845e+00
 1.8400e-01    1.3843e+02   -7.2144e-01    1.2841e+00
 1.8500e-01    1.3847e+02   -7.2144e-01    1.2837e+00
 1.8600e-01    1.3850e+02   -7.2142e-01    1.2832e+00
 1.8700e-01    1.3853e+02   -7.2132e-01    1.2828e+00
 1.8800e-01    1.3857e+02   -7.2112e-01    1.2823e+00
 1.8900e-01    1.3861e+02   -7.2080e-01    1.2817e+00
 1.9000e-01    1.3865e+02   -7.2034e-01    1.2811e+00
 1.9100e-01    1.3870e+02   -7.1974e-01    1.2804e+00
 1.9200e-01    1.3875e+02   -7.1900e-01    1.2796e+00
 1.9300e-01    1.3881e+02   -7.1811e-01    1.2788e+00
 1.9400e-01    1.3887e+02   -7.1707e-01    1.2778e+00
 1.9500e-01    1.3893e+02   -7.1592e-01    1.2769e+00
 1.9600e-01    1.3900e+02   -7.1464e-01    1.2758e+00
 1.9700e-01    1.3907e+02   -7.1324e-01    1.2747e+00
 1.9800e-01    1.3915e+02   -7.1173e-01    1.2736e+00
 1.9900e-01    1.3923e+02   -7.1011e-01    1.2724e+00
 2.0000e-01    1.3932e+02   -7.0841e-01    1.2711e+00
 2.0100e-01    1.3940e+02   -7.0665e-01    1.2698e+00
 2.0200e-01    1.3949e+02   -7.0483e-01    1.2685e+00
 2.0300e-01    1.3958e+02   -7.0296e-01    1.2672e+00
 2.0400e-01    1.3967e+02   -7.0107e-01    1.2658e+00
 2.0500e-01    1.3976e+02   -6.9916e-01    1.2645e+00
 2.0600e-01    1.3985e+02   -6.9726e-01    1.2631e+00
 2.0700e-01    1.3994e+02   -6.9541e-01    1.2618e+00
 2.0800e-01    1.4002e+02   -6.9363e-01    1.2605e+00
 2.0900e-01    1.4010e+02   -6.9194e-01    1.2593e+00
 2.1000e-01    1.4018e+02   -6.9041e-01    1.2581e+00
 2.1100e-01    1.4025e+02   -6.8905e-01    1.2571e+00
 2.1200e-01    1.4031e+02   -6.8788e-01    1.2561e+00
 2.1300e-01    1.4037e+02   -6.8695e-01    1.2552e+00
 2.1400e-01    1.4042e+02   -6.8624e-01    1.2545e+00
 2.1500e-01    1.4046e+02   -6.8573e-01    1.2538e+00
 2.1600e-01    1.4050e+02   -6.8539e-01    1.2533e+00
 2.1700e-01    1.4053e+02   -6.8522e-01    1.2528e+00
 2.1800e-01    1.4056e+02   -6.8518e-01    1.2524e+00
 2.1900e-01    1.4058e+02   -6.8527e-01    1.2521e+00
 2.2000e-01    1.4060e+02   -6.8550e-01    1.2518e+00
 2.2100e-01    1.4061e+02   -6.8582e-01    1.2516e+00
 2.2200e-01    1.4062e+02   -6.8623e-01    1.2514e+00
 2.2300e-01    1.4063e+02   -6.8670e-01    1.2512e+00
 2.2400e-01    1.4064e+02   -6.8719e-01    1.2511e+00
 2.2500e-01    1.4065e+02   -6.8768e-01    1.2510e+00
 2.2600e-01    1.4066e+02   -6.8815e-01    1.2508e+00
 2.2700e-01    1.4067e+02   -6.8854e-01    1.2506e+00
 2.2800e-01    1.4069e+02   -6.8884e-01    1.2504e+00
 2.2900e-01    1.4071e+02   -6.8901e-01    1.2501e+00
 2.3000e-01    1.4073e+02   -6.8902e-01    1.2498e+00
 2.3100e-01    1.4076e+02   -6.8885e-01    1.2493e+00
 2.3200e-01    1.4080e+02   -6.8848e-01    1.2487e+00
 2.3300e-01    1.4084e+02   -6.8791e-01    1.2481e+00
 2.3400e-01    1.4089e+02   -6.8712e-01    1.2473e+00
 2.3500e-01    1.4094e+02   -6.8613e-01    1.2465e+00
 2.3600e-01    1.4100e+02   -6.8497e-01    1.2455e+00
 2.3700e-01    1.4107e+02   -6.8362e-01    1.2445e+00
 2.3800e-01    1.4114e+02   -6.8211e-01    1.2434e+00
 2.3900e-01    1.4122e+02   -6.8046e-01    1.2422e+00
 2.4000e-01    1.4130e+02   -6.7869e-01    1.2409e+00
 2.4100e-01    1.4138e+02   -6.7681e-01    1.2396e+00
 2.4200e-01    1.4146e+02   -6.7486e-01    1.2383e+00
 2.4300e-01    1.4155e+02   -6.7288e-01    1.2369e+00
 2.4400e-01    1.4164e+02   -6.7091e-01    1.2356e+00
 2.4500e-01    1.4172e+02   -6.6900e-01    1.2343e+00
 2.4600e-01    1.4180e+02   -6.6719e-01    1.2330e+00
 2.4700e-01    1.4188e+02   -6.6549e-01    1.2318e+00
 2.4800e-01    1.4195e+02   -6.6393e-01    1.2307e+00
 2.4900e-01    1.4202e+02   -6.6253e-01    1.2296e+00
 2.5000e-01    1.4208e+02   -6.6132e-01    1.2286e+00
 2.5100e-01    1.4214e+02   -6.6032e-01    1.2277e+00
 2.5200e-01    1.4218e+02   -6.5956e-01    1.2270e+00
 2.5300e-01    1.4222e+02   -6.5907e-01    1.2264e+00
 2.5400e-01    1.4225e+02   -6.5880e-01    1.2259e+00
 2.5500e-01    1.4227e+02   -6.5878e-01    1.2255e+00
 2.5600e-01    1.4228e+02   -6.5899e-01    1.2253e+00
 2.5700e-01    1.4229e+02   -6.5937e-01    1.2251e+00
 2.5800e-01    1.4229e+02   -6.5991e-01    1.2250e+00
 2.5900e-01    1.4229e+02   -6.6058e-01    1.2250e+00
 2.6000e-01    1.4229e+02   -6.6137e-01    1.2250e+00
 2.6100e-01    1.4228e+02   -6.6226e-01    1.2251e+00
 2.6200e-01    1.4227e+02   -6.6318e-01    1.2252e+00
 2.6300e-01    1.4226e+02   -6.6413e-01    1.2254e+00
 2.6400e-01    1.4225e+02   -6.6504e-01    1.2255e+00
 2.6500e-01    1.4224e+02   -6.6587e-01    1.2255e+00
 2.6600e-01    1.4224e+02   -6.6660e-01    1.2255e+00
 2.6700e-01    1.4224e+02   -6.6721e-01    1.2255e+00
 2.6800e-01    1.4225e+02   -6.6765e-01    1.2253e+00
 2.6900e-01    1.4226e+02   -6.6790e-01    1.2251e+00
 2.7000e-01    1.4228e+02   -6.6793e-01    1.2248e+00
 2.7100e-01    1.4230e+02   -6.6774e-01    1.2244e+00
 2.7200e-01    1.4233e+02   -6.6734e-01    1.2238e+00
 2.7300e-01    1.4237e+02   -6.6671e-01    1.2231e+00
 2.7400e-01    1.4242e+02   -6.6585e-01    1.2224e+00
 2.7500e-01    1.4247e+02   -6.6483e-01    1.2215e+00
 2.7600e-01    1.4253e+02   -6.6361e-01    1.2206e+00
 2.7700e-01    1.4259e+02   -6.6221e-01    1.2195e+00
 2.7800e-01    1.4266e+02   -6.6064e-01    1.2184e+00
 2.7900e-01    1.4274e+02   -6.5894e-01    1.2172e+00
 2.8000e-01    1.4281e+02   -6.5717e-01    1.2159e+00
 2.8100e-01    1.4289e+02   -6.5534e-01    1.2147e+00
 2.8200e-01    1.4297e+02   -6.5350e-01    1.2134e+00
 2.8300e-01    1.4305e+02   -6.5168e-01    1.2122e+00
 2.8400e-01    1.4312e+02   -6.4992e-01    1.2110e+00
 2.8500e-01    1.4319e+02   -6.4829e-01    1.2098e+00
 2.8600e-01    1.4326e+02   -6.4680e-01    1.2087e+00
 2.8700e-01    1.4332e+02   -6.4550e-01    1.2078e+00
 2.8800e-01    1.4337e+02   -6.4442e-01    1.2069e+00
 2.8900e-01    1.4342e+02   -6.4357e-01    1.2061e+00
 2.9000e-01    1.4345e+02   -6.4298e-01    1.2055e+00
 2.9100e-01    1.4348e+02   -6.4265e-01    1.2050e+00
 2.9200e-01    1.4350e+02   -6.4261e-01    1.2046e+00
 2.9300e-01    1.4352e+02   -6.4281e-01    1.2044e+00
 2.9400e-01    1.4352e+02   -6.4322e-01    1.2043e+00
 2.9500e-01    1.4352e+02   -6.4383e-01    1.2042e+00
 2.9600e-01    1.4352e+02   -6.4462e-01    1.2043e+00
 2.9700e-01    1.4351e+02   -6.4554e-01    1.2044e+00
 2.9800e-01    1.4349e+02   -6.4655e-01    1.2046e+00
 2.9900e-01    1.4348e+02   -6.4760e-01    1.2048e+00
 3.0000e-01    1.4347e+02   -6.4863e-01    1.2050e+00
 3.0100e-01    1.4346e+02   -6.4961e-01    1.2051e+00
 3.0200e-01    1.4345e+02   -6.5049e-01    1.2053e+00
 3.0300e-01    1.4344e+02   -6.5123e-01    1.2053e+00
 3.0400e-01    1.4345e+02   -6.5177e-01    1.2052e+00
 3.0500e-01    1.4346e+02   -6.5210e-01    1.2051e+00
 3.0600e-01    1.4347e+02   -6.5215e-01    1.2048e+00
 3.0700e-01    1.4350e+02   -6.5192e-01    1.2044e+00
 3.0800e-01    1.4353e+02   -6.5139e-01    1.2038e+00
 3.0900e-01    1.4358e+02   -6.5055e-01    1.2030e+00
 3.1000e-01    1.4363e+02   -6.4942e-01    1.2022e+00
 3.1100e-01    1.4369e+02   -6.4802e-01    1.2011e+00
 3.1200e-01    1.4376e+02   -6.4640e-01    1.2000e+00
 3.1300e-01    1.4383e+02   -6.4459e-01    1.1988e+00
 3.1400e-01    1.4390e+02   -6.4266e-01    1.1975e+00
 3.1500e-01    1.4398e+02   -6.4065e-01    1.1962e+00
 3.1600e-01    1.4406e+02   -6.3863e-01    1.1949e+00
 3.1700e-01    1.4414e+02   -6.3667e-01    1.1936e+00
 3.1800e-01    1.4421e+02   -6.3480e-01    1.1923e+00
 3.1900e-01    1.4428e+02   -6.3304e-01    1.1911e+00
 3.2000e-01    1.4435e+02   -6.3146e-01    1.1900e+00
 3.2100e-01    1.4441e+02   -6.3007e-01    1.1890e+00
 3.2200e-01    1.4446e+02   -6.2892e-01    1.1881e+00
 3.2300e-01    1.4451e+02   -6.2804e-01    1.1874e+00
 3.2400e-01    1.4455e+02   -6.2744e-01    1.1868e+00
 3.2500e-01    1.4457e+02   -6.2712e-01    1.1863e+00
 3.2600e-01    1.4459e+02   -6.2709e-01    1.1860e+00
 3.2700e-01    1.4460e+02   -6.2735e-01    1.1858e+00
 3.2800e-01    1.4461e+02   -6.2787e-01    1.1857e+00
 3.2900e-01    1.4460e+02   -6.2861e-01    1.1858e+00
 3.3000e-01    1.4459e+02   -6.2956e-01    1.1860e+00
 3.3100e-01    1.4458e+02   -6.3067e-01    1.1862e+00
 3.3200e-01    1.4457e+02   -6.3185e-01    1.1865e+00
 3.3300e-01    1.4455e+02   -6.3303e-01    1.1868e+00
 3.3400e-01    1.4454e+02   -6.3412e-01    1.1870e+00
 3.3500e-01    1.4453e+02   -6.3505e-01    1.1872e+00
 3.3600e-01    1.4453e+02   -6.3577e-01    1.1873e+00
 3.3700e-01    1.4454e+02   -6.3621e-01    1.1872e+00
 3.3800e-01    1.4455e+02   -6.3636e-01    1.1870e+00
 3.3900e-01    1.4458e+02   -6.3620e-01    1.1866e+00
 3.4000e-01    1.4461e+02   -6.3570e-01    1.1861e+00
 3.4100e-01    1.4465e+02   -6.3491e-01    1.1854e+00
 3.4200e-01    1.4471e+02   -6.3378e-01    1.1845e+00
 3.4300e-01    1.4477e+02   -6.3235e-01    1.1835e+00
 3.4400e-01    1.4484e+02   -6.3066e-01    1.1824e+00
 3.4500e-01    1.4491e+02   -6.2875e-01    1.1811e+00
 3.4600e-01    1.4499e+02   -6.2666e-01    1.1798e+00
 3.4700e-01    1.4507e+02   -6.2448e-01    1.1784e+00
 3.4800e-01    1.4515e+02   -6.2227e-01    1.1770e+00
 3.4900e-01    1.4523e+02   -6.2013e-01    1.1757e+00
 3.5000e-01    1.4530e+02   -6.1813e-01    1.1744e+00
 3.5100e-01    1.4537e+02   -6.1634e-01    1.1732e+00
 3.5200e-01    1.4544e+02   -6.1479e-01    1.1721e+00
 3.5300e-01    1.4549e+02   -6.1356e-01    1.1712e+00
 3.5400e-01    1.4553e+02   -6.1267e-01    1.1705e+00
 3.5500e-01    1.4557e+02   -6.1215e-01    1.1699e+00
 3.5600e-01    1.4559e+02   -6.1201e-01    1.1695e+00
 3.5700e-01    1.4560e+02   -6.1225e-01    1.1693e+00
 3.5800e-01    1.4560e+02   -6.1281e-01    1.1693e+00
 3.5900e-01    1.4560e+02   -6.1366e-01    1.1695e+00
 3.6000e-01    1.4559e+02   -6.1473e-01    1.1697e+00
 3.6100e-01    1.4557e+02   -6.1595e-01    1.1700e+00
 3.6200e-01    1.4556e+02   -6.1726e-01    1.1704e+00
 3.6300e-01    1.4554e+02   -6.1856e-01    1.1708e+00
 3.6400e-01    1.4552e+02   -6.1976e-01    1.1711e+00
 3.6500e-01    1.4551e+02   -6.2078e-01    1.1713e+00
 3.6600e-01    1.4551e+02   -6.2158e-01    1.1714e+00
 3.6700e-01    1.4551e+02   -6.2207e-01    1.1714e+00
 3.6800e-01    1.4553e+02   -6.2221e-01    1.1712e+00
 3.6900e-01    1.4555e+02   -6.2198e-01    1.1708e+00
 3.7000e-01    1.4559e+02   -6.2138e-01    1.1702e+00
 3.7100e-01    1.4564e+02   -6.2041e-01    1.1694e+00
 3.7200e-01    1.4569e+02   -6.1910e-01    1.1685e+00
 3.7300e-01    1.4576e+02   -6.1748e-01    1.1674e+00
 3.7400e-01    1.4583e+02   -6.1562e-01    1.1662e+00
 3.7500e-01    1.4591e+02   -6.1357e-01    1.1649e+00
 3.7600e-01    1.4598e+02   -6.1139e-01    1.1635e+00
 3.7700e-01    1.4607e+02   -6.0917e-01    1.1622e+00
 3.7800e-01    1.4614e+02   -6.0700e-01    1.1608e+00
 3.7900e-01    1.4622e+02   -6.0497e-01    1.1595e+00
 3.8000e-01    1.4629e+02   -6.0313e-01    1.1583e+00
 3.8100e-01    1.4635e+02   -6.0155e-01    1.1572e+00
 3.8200e-01    1.4640e+02   -6.0031e-01    1.1563e+00
 3.8300e-01    1.4644e+02   -5.9947e-01    1.1557e+00
 3.8400e-01    1.4646e+02   -5.9905e-01    1.1552e+00
 3.8500e-01    1.4648e+02   -5.9909e-01    1.1549e+00
 3.8600e-01    1.4648e+02   -5.9954e-01    1.1548e+00
 3.8700e-01    1.4647e+02   -6.0041e-01    1.1550e+00
 3.8800e-01    1.4645e+02   -6.0164e-01    1.1553e+00
 3.8900e-01    1.4643e+02   -6.0312e-01    1.1558e+00
 3.9000e-01    1.4640e+02   -6.0480e-01    1.1564e+00
 3.9100e-01    1.4636e+02   -6.0663e-01    1.1570e+00
 3.9200e-01    1.4633e+02   -6.0843e-01    1.1576e+00
 3.9300e-01    1.4629e+02   -6.1011e-01    1.1582e+00
 3.9400e-01    1.4627e+02   -6.1158e-01    1.1586e+00
 3.9500e-01    1.4625e+02   -6.1277e-01    1.1590e+00
 3.9600e-01    1.4624e+02   -6.1360e-01    1.1591e+00
 3.9700e-01    1.4625e+02   -6.1403e-01    1.1590e+00
 3.9800e-01    1.4627e+02   -6.1399e-01    1.1588e+00
 3.9900e-01    1.4630e+02   -6.1349e-01    1.1582e+00
 4.0000e-01    1.4634e+02   -6.1251e-01    1.1575e+00
 4.0100e-01    1.4640e+02   -6.1111e-01    1.1565e+00
 4.0200e-01    1.4647e+02   -6.0930e-01    1.1553e+00
 4.0300e-01    1.4654e+02   -6.0714e-01    1.1540e+00
 4.0400e-01    1.4663e+02   -6.0471e-01    1.1525e+00
 4.0500e-01    1.4672e+02   -6.0208e-01    1.1509e+00
 4.0600e-01    1.4681e+02   -5.9935e-01    1.1493e+00
 4.0700e-01    1.4691e+02   -5.9664e-01    1.1477e+00
 4.0800e-01    1.4699e+02   -5.9406e-01    1.1461e+00
 4.0900e-01    1.4707e+02   -5.9173e-01    1.1447e+00
 4.1000e-01    1.4714e+02   -5.8980e-01    1.1435e+00
 4.1100e-01    1.4720e+02   -5.8834e-01    1.1425e+00
 4.1200e-01    1.4724e+02   -5.8740e-01    1.1418e+00
 4.1300e-01    1.4727e+02   -5.8704e-01    1.1413e+00
 4.1400e-01    1.4728e+02   -5.8726e-01    1.1412e+00
 4.1500e-01    1.4727e+02   -5.8801e-01    1.1413e+00
 4.1600e-01    1.4725e+02   -5.8922e-01    1.1416e+00
 4.1700e-01    1.4722e+02   -5.9082e-01    1.1422e+00
 4.1800e-01    1.4718e+02   -5.9269e-01    1.1428e+00
 4.1900e-01    1.4714e+02   -5.9473e-01    1.1436e+00
 4.2000e-01    1.4710e+02   -5.9681e-01    1.1443e+00
 4.2100e-01    1.4705e+02   -5.9882e-01    1.1451e+00
 4.2200e-01    1.4702e+02   -6.0064e-01    1.1457e+00
 4.2300e-01    1.4699e+02   -6.0218e-01    1.1462e+00
 4.2400e-01    1.4697e+02   -6.0338e-01    1.1466e+00
 4.2500e-01    1.4696e+02   -6.0420e-01    1.1468e+00
 4.2600e-01    1.4696e+02   -6.0457e-01    1.1467e+00
 4.2700e-01    1.4698e+02   -6.0447e-01    1.1464e+00
 4.2800e-01    1.4701e+02   -6.0388e-01    1.1459e+00
 4.2900e-01    1.4706e+02   -6.0282e-01    1.1451e+00
 4.3000e-01    1.4711e+02   -6.0130e-01    1.1441e+00
 4.3100e-01    1.4719e+02   -5.9937e-01    1.1429e+00
 4.3200e-01    1.4726e+02   -5.9709e-01    1.1415e+00
 4.3300e-01    1.4735e+02   -5.9457e-01    1.1400e+00
 4.3400e-01    1.4744e+02   -5.9191e-01    1.1384e+00
 4.3500e-01    1.4753e+02   -5.8925e-01    1.1368e+00
 4.3600e-01    1.4761e+02   -5.8671e-01    1.1353e+00
 4.3700e-01    1.4769e+02   -5.8442e-01    1.1339e+00
 4.3800e-01    1.4776e+02   -5.8246e-01    1.1327e+00
 4.3900e-01    1.4782e+02   -5.8094e-01    1.1317e+00
 4.4000e-01    1.4786e+02   -5.7991e-01    1.1309e+00
 4.4100e-01    1.4789e+02   -5.7942e-01    1.1304e+00
 4.4200e-01    1.4790e+02   -5.7949e-01    1.1302e+00
 4.4300e-01    1.4790e+02   -5.8008e-01    1.1302e+00
 4.4400e-01    1.4788e+02   -5.8114e-01    1.1305e+00
 4.4500e-01    1.4785e+02   -5.8261e-01    1.1310e+00
 4.4600e-01    1.4782e+02   -5.8438e-01    1.1316e+00
 4.4700e-01    1.4777e+02   -5.8637e-01    1.1324e+00
 4.4800e-01    1.4773e+02   -5.8845e-01    1.1332e+00
 4.4900e-01    1.4768e+02   -5.9053e-01    1.1339e+00
 4.5000e-01    1.4764e+02   -5.9246e-01    1.1347e+00
 4.5100e-01    1.4761e+02   -5.9413e-01    1.1352e+00
 4.5200e-01    1.4758e+02   -5.9544e-01    1.1357e+00
 4.5300e-01    1.4757e+02   -5.9633e-01    1.1359e+00
 4.5400e-01    1.4757e+02   -5.9671e-01    1.1358e+00
 4.5500e-01    1.4759e+02   -5.9654e-01    1.1355e+00
 4.5600e-01    1.4762e+02   -5.9583e-01    1.1349e+00
 4.5700e-01    1.4767e+02   -5.9460e-01    1.1341e+00
 4.5800e-01    1.4773e+02   -5.9287e-01    1.1330e+00
 4.5900e-01    1.4779e+02   -5.9075e-01    1.1317e+00
 4.6000e-01    1.4787e+02   -5.8830e-01    1.1302e+00
 4.6100e-01    1.4796e+02   -5.8567e-01    1.1287e+00
 4.6200e-01    1.4804e+02   -5.8297e-01    1.1271e+00
 4.6300e-01    1.4812e+02   -5.8035e-01    1.1256e+00
 4.6400e-01    1.4820e+02   -5.7794e-01    1.1241e+00
 4.6500e-01    1.4827e+02   -5.7588e-01    1.1229e+00
 4.6600e-01    1.4833e+02   -5.7426e-01    1.1218e+00
 4.6700e-01    1.4837e+02   -5.7313e-01    1.1210e+00
 4.6800e-01    1.4840e+02   -5.7256e-01    1.1205e+00
 4.6900e-01    1.4841e+02   -5.7257e-01    1.1203e+00
 4.7000e-01    1.4841e+02   -5.7313e-01    1.1203e+00
 4.7100e-01    1.4840e+02   -5.7423e-01    1.1206e+00
 4.7200e-01    1.4837e+02   -5.7576e-01    1.1212e+00
 4.7300e-01    1.4833e+02   -5.7762e-01    1.1218e+00
 4.7400e-01    1.4829e+02   -5.7968e-01    1.1226e+00
 4.7500e-01    1.4824e+02   -5.8183e-01    1.1235e+00
 4.7600e-01    1.4819e+02   -5.8392e-01    1.1243e+00
 4.7700e-01    1.4815e+02   -5.8589e-01    1.1250e+00
 4.7800e-01    1.4812e+02   -5.8758e-01    1.1257e+00
 4.7900e-01    1.4809e+02   -5.8889e-01    1.1261e+00
 4.8000e-01    1.4808e+02   -5.8975e-01    1.1263e+00
 4.8100e-01    1.4808e+02   -5.9011e-01    1.1262e+00
 4.8200e-01    1.4810e+02   -5.8993e-01    1.1259e+00
 4.8300e-01    1.4813e+02   -5.8924e-01    1.1254e+00
 4.8400e-01    1.4818e+02   -5.8804e-01    1.1245e+00
 4.8500e-01    1.4824e+02   -5.8637e-01    1.1235e+00
 4.8600e-01    1.4831e+02   -5.8430e-01    1.1222e+00
 4.8700e-01    1.4839e+02   -5.8192e-01    1.1208e+00
 4.8800e-01    1.4847e+02   -5.7934e-01    1.1193e+00
 4.8900e-01    1.4855e+02   -5.7669e-01    1.1178e+00
 4.9000e-01    1.4863e+02   -5.7413e-01    1.1162e+00
 4.9100e-01    1.4871e+02   -5.7177e-01    1.1148e+00
 4.9200e-01    1.4877e+02   -5.6976e-01    1.1136e+00
 4.9300e-01    1.4882e+02   -5.6820e-01    1.1126e+00
 4.9400e-01    1.4886e+02   -5.6719e-01    1.1118e+00
 4.9500e-01    1.4888e+02   -5.6674e-01    1.1114e+00
 4.9600e-01    1.4889e+02   -5.6704e-01    1.1113e+00
 4.9700e-01    1.4887e+02   -5.6792e-01    1.1115e+00
 4.9800e-01    1.4885e+02   -5.6932e-01    1.1120e+00
 4.9900e-01    1.4881e+02   -5.7120e-01    1.1127e+00
 5.0000e-01    1.4876e+02   -5.7341e-01    1.1136e+00
 5.0100e-01    1.4870e+02   -5.7581e-01    1.1146e+00
 5.0200e-01    1.4865e+02   -5.7829e-01    1.1156e+00
 5.0300e-01    1.4859e+02   -5.8065e-01    1.1165e+00
 5.0400e-01    1.4854e+02   -5.8277e-01    1.1174e+00
 5.0500e-01    1.4851e+02   -5.8453e-01    1.1180e+00
 5.0600e-01    1.4848e+02   -5.8583e-01    1.1185e+00
 5.0700e-01    1.4847e+02   -5.8655e-01    1.1186e+00
 5.0800e-01    1.4848e+02   -5.8667e-01    1.1185e+00
 5.0900e-01    1.4850e+02   -5.8616e-01    1.1180e+00
 5.1000e-01    1.4854e+02   -5.8506e-01    1.1172e+00
 5.1100e-01    1.4860e+02   -5.8341e-01    1.1162e+00
 5.1200e-01    1.4867e+02   -5.8129e-01    1.1149e+00
 5.1300e-01    1.4875e+02   -5.7880e-01    1.1135e+00
 5.1400e-01    1.4884e+02   -5.7604e-01    1.1119e+00
 5.1500e-01    1.4893e+02   -5.7314e-01    1.1102e+00
 5.1600e-01    1.4902e+02   -5.7024e-01    1.1086e+00
 5.1700e-01    1.4911e+02   -5.6746e-01    1.1070e+00
 5.1800e-01    1.4919e+02   -5.6495e-01    1.1055e+00
 5.1900e-01    1.4925e+02   -5.6286e-01    1.1043e+00
 5.2000e-01    1.4931e+02   -5.6128e-01    1.1033e+00
 5.2100e-01    1.4934e+02   -5.6029e-01    1.1025e+00
 5.2200e-01    1.4936e+02   -5.5998e-01    1.1022e+00
 5.2300e-01    1.4936e+02   -5.6035e-01    1.1022e+00
 5.2400e-01    1.4934e+02   -5.6138e-01    1.1024e+00
 5.2500e-01    1.4931e+02   -5.6303e-01    1.1031e+00
 5.2600e-01    1.4926e+02   -5.6518e-01    1.1039e+00
 5.2700e-01    1.4920e+02   -5.6768e-01    1.1050e+00
 5.2800e-01    1.4914e+02   -5.7037e-01    1.1061e+00
 5.2900e-01    1.4907e+02   -5.7309e-01    1.1073e+00
 5.3000e-01    1.4901e+02   -5.7570e-01    1.1083e+00
 5.3100e-01    1.4896e+02   -5.7802e-01    1.1093e+00
 5.3200e-01    1.4892e+02   -5.7993e-01    1.1100e+00
 5.3300e-01    1.4889e+02   -5.8131e-01    1.1105e+00
 5.3400e-01    1.4888e+02   -5.8213e-01    1.1107e+00
 5.3500e-01    1.4888e+02   -5.8229e-01    1.1106e+00
 5.3600e-01    1.4891e+02   -5.8179e-01    1.1102e+00
 5.3700e-01    1.4895e+02   -5.8065e-01    1.1094e+00
 5.3800e-01    1.4901e+02   -5.7893e-01    1.1084e+00
 5.3900e-01    1.4908e+02   -5.7666e-01    1.1070e+00
 5.4000e-01    1.4916e+02   -5.7399e-01    1.1055e+00
 5.4100e-01    1.4925e+02   -5.7104e-01    1.1038e+00
 5.4200e-01    1.4935e+02   -5.6797e-01    1.1021e+00
 5.4300e-01    1.4944e+02   -5.6496e-01    1.1003e+00
 5.4400e-01    1.4953e+02   -5.6216e-01    1.0987e+00
 5.4500e-01    1.4960e+02   -5.5971e-01    1.0973e+00
 5.4600e-01    1.4967e+02   -5.5776e-01    1.0961e+00
 5.4700e-01    1.4971e+02   -5.5639e-01    1.0953e+00
 5.4800e-01    1.4974e+02   -5.5570e-01    1.0947e+00
 5.4900e-01    1.4975e+02   -5.5570e-01    1.0945e+00
 5.5000e-01    1.4974e+02   -5.5637e-01    1.0946e+00
 5.5100e-01    1.4972e+02   -5.5771e-01    1.0951e+00
 5.5200e-01    1.4968e+02   -5.5959e-01    1.0958e+00
 5.5300e-01    1.4962e+02   -5.6189e-01    1.0968e+00
 5.5400e-01    1.4956e+02   -5.6447e-01    1.0979e+00
 5.5500e-01    1.4950e+02   -5.6715e-01    1.0990e+00
 5.5600e-01    1.4944e+02   -5.6976e-01    1.1001e+00
 5.5700e-01    1.4938e+02   -5.7215e-01    1.1011e+00
 5.5800e-01    1.4933e+02   -5.7418e-01    1.1020e+00
 5.5900e-01    1.4930e+02   -5.7575e-01    1.1026e+00
 5.6000e-01    1.4928e+02   -5.7676e-01    1.1029e+00
 5.6100e-01    1.4928e+02   -5.7719e-01    1.1029e+00
 5.6200e-01    1.4929e+02   -5.7699e-01    1.1026e+00
 5.6300e-01    1.4932e+02   -5.7619e-01    1.1020e+00
 5.6400e-01    1.4937e+02   -5.7480e-01    1.1012e+00
 5.6500e-01    1.4943e+02   -5.7290e-01    1.1000e+00
 5.6600e-01    1.4950e+02   -5.7057e-01    1.0987e+00
 5.6700e-01    1.4958e+02   -5.6790e-01    1.0971e+00
 5.6800e-01    1.4967e+02   -5.6504e-01    1.0955e+00
 5.6900e-01    1.4976e+02   -5.6211e-01    1.0939e+00
 5.7000e-01    1.4984e+02   -5.5929e-01    1.0923e+00
 5.7100e-01    1.4992e+02   -5.5674e-01    1.0908e+00
 5.7200e-01    1.4999e+02   -5.5460e-01    1.0896e+00
 5.7300e-01    1.5004e+02   -5.5300e-01    1.0886e+00
 5.7400e-01    1.5008e+02   -5.5203e-01    1.0879e+00
 5.7500e-01    1.5010e+02   -5.5176e-01    1.0876e+00
 5.7600e-01    1.5010e+02   -5.5218e-01    1.0876e+00
 5.7700e-01    1.5008e+02   -5.5326e-01    1.0879e+00
 5.7800e-01    1.5005e+02   -5.5488e-01    1.0886e+00
 5.7900e-01    1.5001e+02   -5.5696e-01    1.0894e+00
 5.8000e-01    1.4995e+02   -5.5933e-01    1.0904e+00
 5.8100e-01    1.4990e+02   -5.6180e-01    1.0914e+00
 5.8200e-01    1.4984e+02   -5.6426e-01    1.0925e+00
 5.8300e-01    1.4979e+02   -5.6654e-01    1.0934e+00
 5.8400e-01    1.4975e+02   -5.6849e-01    1.0942e+00
 5.8500e-01    1.4972e+02   -5.7000e-01    1.0948e+00
 5.8600e-01    1.4971e+02   -5.7097e-01    1.0951e+00
 5.8700e-01    1.4971e+02   -5.7135e-01    1.0951e+00
 5.8800e-01    1.4972e+02   -5.7110e-01    1.0948e+00
 5.8900e-01    1.4976e+02   -5.7021e-01    1.0942e+00
 5.9000e-01    1.4981e+02   -5.6873e-01    1.0932e+00
 5.9100e-01    1.4987e+02   -5.6673e-01    1.0920e+00
 5.9200e-01    1.4994e+02   -5.6432e-01    1.0907e+00
 5.9300e-01    1.5002e+02   -5.6162e-01    1.0891e+00
 5.9400e-01    1.5010e+02   -5.5881e-01    1.0875e+00
 5.9500e-01    1.5018e+02   -5.5606e-01    1.0860e+00
 5.9600e-01    1.5026e+02   -5.5355e-01    1.0846e+00
 5.9700e-01    1.5032e+02   -5.5140e-01    1.0833e+00
 5.9800e-01    1.5038e+02   -5.4975e-01    1.0823e+00
 5.9900e-01    1.5041e+02   -5.4871e-01    1.0816e+00
 6.0000e-01    1.5043e+02   -5.4832e-01    1.0812e+00
 6.0100e-01    1.5044e+02   -5.4856e-01    1.0812e+00
 6.0200e-01    1.5043e+02   -5.4943e-01    1.0814e+00
 6.0300e-01    1.5040e+02   -5.5083e-01    1.0819e+00
 6.0400e-01    1.5036e+02   -5.5263e-01    1.0826e+00
 6.0500e-01    1.5032e+02   -5.5470e-01    1.0835e+00
 6.0600e-01    1.5027e+02   -5.5690e-01    1.0844e+00
 6.0700e-01    1.5022e+02   -5.5909e-01    1.0854e+00
 6.0800e-01    1.5018e+02   -5.6112e-01    1.0862e+00
 6.0900e-01    1.5014e+02   -5.6284e-01    1.0869e+00
 6.1000e-01    1.5012e+02   -5.6417e-01    1.0874e+00
 6.1100e-01    1.5011e+02   -5.6499e-01    1.0876e+00
 6.1200e-01    1.5011e+02   -5.6522e-01    1.0876e+00
 6.1300e-01    1.5013e+02   -5.6483e-01    1.0872e+00
 6.1400e-01    1.5017e+02   -5.6382e-01    1.0865e+00
 6.1500e-01    1.5022e+02   -5.6226e-01    1.0856e+00
 6.1600e-01    1.5029e+02   -5.6019e-01    1.0844e+00
 6.1700e-01    1.5037e+02   -5.5773e-01    1.0830e+00
 6.1800e-01    1.5045e+02   -5.5500e-01    1.0814e+00
 6.1900e-01    1.5053e+02   -5.5216e-01    1.0798e+00
 6.2000e-01    1.5062e+02   -5.4938e-01    1.0783e+00
 6.2100e-01    1.5069e+02   -5.4682e-01    1.0768e+00
 6.2200e-01    1.5076e+02   -5.4467e-01    1.0756e+00
 6.2300e-01    1.5081e+02   -5.4307e-01    1.0746e+00
 6.2400e-01    1.5084e+02   -5.4214e-01    1.0740e+00
 6.2500e-01    1.5086e+02   -5.4191e-01    1.0736e+00
 6.2600e-01    1.5086e+02   -5.4243e-01    1.0737e+00
 6.2700e-01    1.5084e+02   -5.4359e-01    1.0742e+00
 6.2800e-01    1.5080e+02   -5.4532e-01    1.0749e+00
 6.2900e-01    1.5076e+02   -5.4748e-01    1.0758e+00
 6.3000e-01    1.5070e+02   -5.4989e-01    1.0768e+00
 6.3100e-01    1.5065e+02   -5.5238e-01    1.0779e+00
 6.3200e-01    1.5059e+02   -5.5478e-01    1.0789e+00
 6.3300e-01    1.5054e+02   -5.5690e-01    1.0798e+00
 6.3400e-01    1.5051e+02   -5.5860e-01    1.0805e+00
 6.3500e-01    1.5048e+02   -5.5976e-01    1.0809e+00
 6.3600e-01    1.5048e+02   -5.6030e-01    1.0810e+00
 6.3700e-01    1.5049e+02   -5.6017e-01    1.0808e+00
 6.3800e-01    1.5052e+02   -5.5939e-01    1.0802e+00
 6.3900e-01    1.5056e+02   -5.5799e-01    1.0793e+00
 6.4000e-01    1.5062e+02   -5.5605e-01    1.0782e+00
 6.4100e-01    1.5069e+02   -5.5368e-01    1.0768e+00
 6.4200e-01    1.5076e+02   -5.5101e-01    1.0754e+00
 6.4300e-01    1.5084e+02   -5.4821e-01    1.0738e+00
 6.4400e-01    1.5092e+02   -5.4546e-01    1.0722e+00
 6.4500e-01    1.5099e+02   -5.4296e-01    1.0708e+00
 6.4600e-01    1.5105e+02   -5.4090e-01    1.0696e+00
 6.4700e-01    1.5109e+02   -5.3944e-01    1.0687e+00
 6.4800e-01    1.5112e+02   -5.3869e-01    1.0682e+00
 6.4900e-01    1.5113e+02   -5.3870e-01    1.0680e+00
 6.5000e-01    1.5112e+02   -5.3943e-01    1.0682e+00
 6.5100e-01    1.5109e+02   -5.4081e-01    1.0687e+00
 6.5200e-01    1.5105e+02   -5.4273e-01    1.0695e+00
 6.5300e-01    1.5100e+02   -5.4503e-01    1.0705e+00
 6.5400e-01    1.5094e+02   -5.4758e-01    1.0717e+00
 6.5500e-01    1.5088e+02   -5.5021e-01    1.0728e+00
 6.5600e-01    1.5082e+02   -5.5273e-01    1.0739e+00
 6.5700e-01    1.5077e+02   -5.5498e-01    1.0749e+00
 6.5800e-01    1.5074e+02   -5.5676e-01    1.0756e+00
 6.5900e-01    1.5071e+02   -5.5794e-01    1.0760e+00
 6.6000e-01    1.5071e+02   -5.5847e-01    1.0762e+00
 6.6100e-01    1.5073e+02   -5.5829e-01    1.0759e+00
 6.6200e-01    1.5076e+02   -5.5739e-01    1.0753e+00
 6.6300e-01    1.5081e+02   -5.5580e-01    1.0744e+00
 6.6400e-01    1.5088e+02   -5.5362e-01    1.0731e+00
 6.6500e-01    1.5096e+02   -5.5093e-01    1.0716e+00
 6.6600e-01    1.5104e+02   -5.4792e-01    1.0700e+00
 6.6700e-01    1.5113e+02   -5.4479e-01    1.0682e+00
 6.6800e-01    1.5122e+02   -5.4172e-01    1.0666e+00
 6.6900e-01    1.5130e+02   -5.3893e-01    1.0650e+00
 6.7000e-01    1.5136e+02   -5.3659e-01    1.0637e+00
 6.7100e-01    1.5141e+02   -5.3491e-01    1.0627e+00
 6.7200e-01    1.5145e+02   -5.3398e-01    1.0620e+00
 6.7300e-01    1.5146e+02   -5.3386e-01    1.0618e+00
 6.7400e-01    1.5145e+02   -5.3456e-01    1.0620e+00
 6.7500e-01    1.5142e+02   -5.3603e-01    1.0626e+00
 6.7600e-01    1.5137e+02   -5.3810e-01    1.0634e+00
 6.7700e-01    1.5132e+02   -5.4063e-01    1.0645e+00
 6.7800e-01    1.5125e+02   -5.4343e-01    1.0658e+00
 6.7900e-01    1.5119e+02   -5.4631e-01    1.0671e+00
 6.8000e-01    1.5112e+02   -5.4906e-01    1.0683e+00
 6.8100e-01    1.5107e+02   -5.5150e-01    1.0693e+00
 6.8200e-01    1.5103e+02   -5.5345e-01    1.0702e+00
 6.8300e-01    1.5100e+02   -5.5477e-01    1.0707e+00
 6.8400e-01    1.5099e+02   -5.5534e-01    1.0708e+00
 6.8500e-01    1.5101e+02   -5.5512e-01    1.0706e+00
 6.8600e-01    1.5104e+02   -5.5413e-01    1.0699e+00
 6.8700e-01    1.5109e+02   -5.5240e-01    1.0689e+00
 6.8800e-01    1.5116e+02   -5.5003e-01    1.0676e+00
 6.8900e-01    1.5124e+02   -5.4716e-01    1.0660e+00
 6.9000e-01    1.5133e+02   -5.4400e-01    1.0643e+00
 6.9100e-01    1.5142e+02   -5.4078e-01    1.0625e+00
 6.9200e-01    1.5151e+02   -5.3768e-01    1.0608e+00
 6.9300e-01    1.5158e+02   -5.3494e-01    1.0593e+00
 6.9400e-01    1.5165e+02   -5.3275e-01    1.0580e+00
 6.9500e-01    1.5169e+02   -5.3128e-01    1.0571e+00
 6.9600e-01    1.5171e+02   -5.3067e-01    1.0567e+00
 6.9700e-01    1.5171e+02   -5.3098e-01    1.0567e+00
 6.9800e-01    1.5169e+02   -5.3217e-01    1.0571e+00
 6.9900e-01    1.5164e+02   -5.3411e-01    1.0579e+00
 7.0000e-01    1.5159e+02   -5.3668e-01    1.0591e+00
 7.0100e-01    1.5152e+02   -5.3961e-01    1.0604e+00
 7.0200e-01    1.5145e+02   -5.4265e-01    1.0618e+00
 7.0300e-01    1.5138e+02   -5.4560e-01    1.0631e+00
 7.0400e-01    1.5132e+02   -5.4822e-01    1.0643e+00
 7.0500e-01    1.5127e+02   -5.5034e-01    1.0652e+00
 7.0600e-01    1.5124e+02   -5.5181e-01    1.0658e+00
 7.0700e-01    1.5123e+02   -5.5251e-01    1.0660e+00
 7.0800e-01    1.5124e+02   -5.5246e-01    1.0659e+00
 7.0900e-01    1.5127e+02   -5.5160e-01    1.0653e+00
 7.1000e-01    1.5131e+02   -5.4998e-01    1.0643e+00
 7.1100e-01    1.5138e+02   -5.4769e-01    1.0631e+00
 7.1200e-01    1.5146e+02   -5.4486e-01    1.0615e+00
 7.1300e-01    1.5154e+02   -5.4172e-01    1.0598e+00
 7.1400e-01    1.5163e+02   -5.3848e-01    1.0580e+00
 7.1500e-01    1.5172e+02   -5.3540e-01    1.0563e+00
 7.1600e-01    1.5179e+02   -5.3269e-01    1.0548e+00
 7.1700e-01    1.5185e+02   -5.3058e-01    1.0536e+00
 7.1800e-01    1.5189e+02   -5.2924e-01    1.0528e+00
 7.1900e-01    1.5190e+02   -5.2879e-01    1.0525e+00
 7.2000e-01    1.5190e+02   -5.2926e-01    1.0526e+00
 7.2100e-01    1.5187e+02   -5.3060e-01    1.0531e+00
 7.2200e-01    1.5182e+02   -5.3269e-01    1.0540e+00
 7.2300e-01    1.5176e+02   -5.3537e-01    1.0552e+00
 7.2400e-01    1.5169e+02   -5.3841e-01    1.0566e+00
 7.2500e-01    1.5162e+02   -5.4157e-01    1.0580e+00
 7.2600e-01    1.5155e+02   -5.4461e-01    1.0594e+00
 7.2700e-01    1.5149e+02   -5.4733e-01    1.0606e+00
 7.2800e-01    1.5144e+02   -5.4953e-01    1.0616e+00
 7.2900e-01    1.5141e+02   -5.5105e-01    1.0622e+00
 7.3000e-01    1.5140e+02   -5.5178e-01    1.0624e+00
 7.3100e-01    1.5141e+02   -5.5166e-01    1.0622e+00
 7.3200e-01    1.5144e+02   -5.5070e-01    1.0616e+00
 7.3300e-01    1.5150e+02   -5.4893e-01    1.0606e+00
 7.3400e-01    1.5157e+02   -5.4647e-01    1.0592e+00
 7.3500e-01    1.5165e+02   -5.4345e-01    1.0576e+00
 7.3600e-01    1.5174e+02   -5.4010e-01    1.0558e+00
 7.3700e-01    1.5184e+02   -5.3663e-01    1.0539e+00
 7.3800e-01    1.5192e+02   -5.3333e-01    1.0522e+00
 7.3900e-01    1.5200e+02   -5.3042e-01    1.0506e+00
 7.4000e-01    1.5207e+02   -5.2812e-01    1.0493e+00
 7.4100e-01    1.5211e+02   -5.2661e-01    1.0484e+00
 7.4200e-01    1.5213e+02   -5.2603e-01    1.0479e+00
 7.4300e-01    1.5213e+02   -5.2640e-01    1.0480e+00
 7.4400e-01    1.5211e+02   -5.2770e-01    1.0485e+00
 7.4500e-01    1.5206e+02   -5.2978e-01    1.0494e+00
 7.4600e-01    1.5200e+02   -5.3246e-01    1.0506e+00
 7.4700e-01    1.5193e+02   -5.3551e-01    1.0520e+00
 7.4800e-01    1.5186e+02   -5.3866e-01    1.0534e+00
 7.4900e-01    1.5179e+02   -5.4166e-01    1.0548e+00
 7.5000e-01    1.5173e+02   -5.4430e-01    1.0560e+00
 7.5100e-01    1.5169e+02   -5.4640e-01    1.0569e+00
 7.5200e-01    1.5166e+02   -5.4781e-01    1.0575e+00
 7.5300e-01    1.5165e+02   -5.4844e-01    1.0577e+00
 7.5400e-01    1.5166e+02   -5.4821e-01    1.0574e+00
 7.5500e-01    1.5170e+02   -5.4713e-01    1.0568e+00
 7.5600e-01    1.5175e+02   -5.4526e-01    1.0557e+00
 7.5700e-01    1.5182e+02   -5.4270e-01    1.0543e+00
 7.5800e-01    1.5191e+02   -5.3959e-01    1.0526e+00
 7.5900e-01    1.5200e+02   -5.3614e-01    1.0508e+00
 7.6000e-01    1.5209e+02   -5.3260e-01    1.0489e+00
 7.6100e-01    1.5218e+02   -5.2921e-01    1.0471e+00
 7.6200e-01    1.5226e+02   -5.2626e-01    1.0455e+00
 7.6300e-01    1.5232e+02   -5.2403e-01    1.0442e+00
 7.6400e-01    1.5236e+02   -5.2268e-01    1.0434e+00
 7.6500e-01    1.5237e+02   -5.2237e-01    1.0431e+00
 7.6600e-01    1.5235e+02   -5.2312e-01    1.0433e+00
 7.6700e-01    1.5232e+02   -5.2483e-01    1.0440e+00
 7.6800e-01    1.5226e+02   -5.2738e-01    1.0452e+00
 7.6900e-01    1.5218e+02   -5.3056e-01    1.0466e+00
 7.7000e-01    1.5210e+02   -5.3409e-01    1.0483e+00
 7.7100e-01    1.5201e+02   -5.3770e-01    1.0500e+00
 7.7200e-01    1.5193e+02   -5.4111e-01    1.0516e+00
 7.7300e-01    1.5186e+02   -5.4407e-01    1.0529e+00
 7.7400e-01    1.5181e+02   -5.4637e-01    1.0539e+00
 7.7500e-01    1.5178e+02   -5.4784e-01    1.0546e+00
 7.7600e-01    1.5177e+02   -5.4837e-01    1.0547e+00
 7.7700e-01    1.5179e+02   -5.4794e-01    1.0544e+00
 7.7800e-01    1.5183e+02   -5.4656e-01    1.0536e+00
 7.7900e-01    1.5189e+02   -5.4432e-01    1.0523e+00
 7.8000e-01    1.5198e+02   -5.4137e-01    1.0507e+00
 7.8100e-01    1.5207e+02   -5.3790e-01    1.0489e+00
 7.8200e-01    1.5217e+02   -5.3414e-01    1.0469e+00
 7.8300e-01    1.5228e+02   -5.3033e-01    1.0448e+00
 7.8400e-01    1.5237e+02   -5.2674e-01    1.0429e+00
 7.8500e-01    1.5246e+02   -5.2366e-01    1.0413e+00
 7.8600e-01    1.5252e+02   -5.2130e-01    1.0400e+00
 7.8700e-01    1.5257e+02   -5.1988e-01    1.0391e+00
 7.8800e-01    1.5258e+02   -5.1948e-01    1.0388e+00
 7.8900e-01    1.5258e+02   -5.2011e-01    1.0390e+00
 7.9000e-01    1.5255e+02   -5.2167e-01    1.0396e+00
 7.9100e-01    1.5250e+02   -5.2401e-01    1.0407e+00
 7.9200e-01    1.5244e+02   -5.2691e-01    1.0420e+00
 7.9300e-01    1.5236e+02   -5.3012e-01    1.0435e+00
 7.9400e-01    1.5229e+02   -5.3341e-01    1.0450e+00
 7.9500e-01    1.5222e+02   -5.3649e-01    1.0464e+00
 7.9600e-01    1.5215e+02   -5.3914e-01    1.0476e+00
 7.9700e-01    1.5211e+02   -5.4117e-01    1.0485e+00
 7.9800e-01    1.5208e+02   -5.4243e-01    1.0490e+00
 7.9900e-01    1.5208e+02   -5.4283e-01    1.0491e+00
 8.0000e-01    1.5210e+02   -5.4231e-01    1.0487e+00
 8.0100e-01    1.5215e+02   -5.4087e-01    1.0479e+00
 8.0200e-01    1.5221e+02   -5.3860e-01    1.0466e+00
 8.0300e-01    1.5229e+02   -5.3564e-01    1.0450e+00
 8.0400e-01    1.5239e+02   -5.3217e-01    1.0432e+00
 8.0500e-01    1.5249e+02   -5.2845e-01    1.0412e+00
 8.0600e-01    1.5258e+02   -5.2474e-01    1.0392e+00
 8.0700e-01    1.5267e+02   -5.2135e-01    1.0374e+00
 8.0800e-01    1.5275e+02   -5.1854e-01    1.0359e+00
 8.0900e-01    1.5280e+02   -5.1655e-01    1.0348e+00
 8.1000e-01    1.5283e+02   -5.1554e-01    1.0342e+00
 8.1100e-01    1.5283e+02   -5.1560e-01    1.0341e+00
 8.1200e-01    1.5281e+02   -5.1674e-01    1.0346e+00
 8.1300e-01    1.5276e+02   -5.1881e-01    1.0355e+00
 8.1400e-01    1.5269e+02   -5.2165e-01    1.0368e+00
 8.1500e-01    1.5261e+02   -5.2503e-01    1.0384e+00
 8.1600e-01    1.5252e+02   -5.2869e-01    1.0401e+00
 8.1700e-01    1.5244e+02   -5.3232e-01    1.0418e+00
 8.1800e-01    1.5236e+02   -5.3564e-01    1.0433e+00
 8.1900e-01    1.5229e+02   -5.3843e-01    1.0446e+00
 8.2000e-01    1.5224e+02   -5.4050e-01    1.0455e+00
 8.2100e-01    1.5221e+02   -5.4173e-01    1.0460e+00
 8.2200e-01    1.5221e+02   -5.4203e-01    1.0461e+00
 8.2300e-01    1.5224e+02   -5.4139e-01    1.0457e+00
 8.2400e-01    1.5228e+02   -5.3981e-01    1.0448e+00
 8.2500e-01    1.5235e+02   -5.3744e-01    1.0435e+00
 8.2600e-01    1.5244e+02   -5.3442e-01    1.0419e+00
 8.2700e-01    1.5253e+02   -5.3092e-01    1.0400e+00
 8.2800e-01    1.5263e+02   -5.2717e-01    1.0380e+00
 8.2900e-01    1.5273e+02   -5.2345e-01    1.0361e+00
 8.3000e-01    1.5283e+02   -5.2003e-01    1.0342e+00
 8.3100e-01    1.5290e+02   -5.1717e-01    1.0327e+00
 8.3200e-01    1.5296e+02   -5.1511e-01    1.0316e+00
 8.3300e-01    1.5299e+02   -5.1404e-01    1.0309e+00
 8.3400e-01    1.5300e+02   -5.1403e-01    1.0308e+00
 8.3500e-01    1.5298e+02   -5.1508e-01    1.0312e+00
 8.3600e-01    1.5294e+02   -5.1709e-01    1.0321e+00
 8.3700e-01    1.5288e+02   -5.1986e-01    1.0334e+00
 8.3800e-01    1.5281e+02   -5.2314e-01    1.0349e+00
 8.3900e-01    1.5273e+02   -5.2667e-01    1.0366e+00
 8.4000e-01    1.5265e+02   -5.3015e-01    1.0382e+00
 8.4100e-01    1.5258e+02   -5.3329e-01    1.0397e+00
 8.4200e-01    1.5252e+02   -5.3584e-01    1.0408e+00
 8.4300e-01    1.5249e+02   -5.3757e-01    1.0416e+00
 8.4400e-01    1.5247e+02   -5.3836e-01    1.0419e+00
 8.4500e-01    1.5249e+02   -5.3812e-01    1.0417e+00
 8.4600e-01    1.5252e+02   -5.3687e-01    1.0409e+00
 8.4700e-01    1.5259e+02   -5.3470e-01    1.0398e+00
 8.4800e-01    1.5267e+02   -5.3172e-01    1.0382e+00
 8.4900e-01    1.5276e+02   -5.2812e-01    1.0363e+00
 8.5000e-01    1.5287e+02   -5.2417e-01    1.0342e+00
 8.5100e-01    1.5297e+02   -5.2017e-01    1.0320e+00
 8.5200e-01    1.5307e+02   -5.1643e-01    1.0301e+00
 8.5300e-01    1.5315e+02   -5.1328e-01    1.0284e+00
 8.5400e-01    1.5321e+02   -5.1101e-01    1.0271e+00
 8.5500e-01    1.5324e+02   -5.0986e-01    1.0265e+00
 8.5600e-01    1.5324e+02   -5.0993e-01    1.0264e+00
 8.5700e-01    1.5321e+02   -5.1123e-01    1.0269e+00
 8.5800e-01    1.5316e+02   -5.1364e-01    1.0280e+00
 8.5900e-01    1.5308e+02   -5.1694e-01    1.0295e+00
 8.6000e-01    1.5299e+02   -5.2082e-01    1.0314e+00
 8.6100e-01    1.5289e+02   -5.2493e-01    1.0333e+00
 8.6200e-01    1.5280e+02   -5.2892e-01    1.0352e+00
 8.6300e-01    1.5271e+02   -5.3246e-01    1.0369e+00
 8.6400e-01    1.5265e+02   -5.3530e-01    1.0382e+00
 8.6500e-01    1.5260e+02   -5.3722e-01    1.0391e+00
 8.6600e-01    1.5258e+02   -5.3811e-01    1.0394e+00
 8.6700e-01    1.5260e+02   -5.3789e-01    1.0392e+00
 8.6800e-01    1.5263e+02   -5.3658e-01    1.0385e+00
 8.6900e-01    1.5270e+02   -5.3426e-01    1.0372e+00
 8.7000e-01    1.5278e+02   -5.3109e-01    1.0356e+00
 8.7100e-01    1.5288e+02   -5.2728e-01    1.0336e+00
 8.7200e-01    1.5299e+02   -5.2314e-01    1.0314e+00
 8.7300e-01    1.5309e+02   -5.1901e-01    1.0292e+00
 8.7400e-01    1.5319e+02   -5.1525e-01    1.0272e+00
 8.7500e-01    1.5327e+02   -5.1218e-01    1.0256e+00
 8.7600e-01    1.5332e+02   -5.1008e-01    1.0244e+00
 8.7700e-01    1.5335e+02   -5.0913e-01    1.0239e+00
 8.7800e-01    1.5335e+02   -5.0943e-01    1.0239e+00
 8.7900e-01    1.5332e+02   -5.1093e-01    1.0246e+00
 8.8000e-01    1.5326e+02   -5.1352e-01    1.0258e+00
 8.8100e-01    1.5318e+02   -5.1695e-01    1.0274e+00
 8.8200e-01    1.5309e+02   -5.2090e-01    1.0293e+00
 8.8300e-01    1.5299e+02   -5.2502e-01    1.0313e+00
 8.8400e-01    1.5290e+02   -5.2893e-01    1.0331e+00
 8.8500e-01    1.5282e+02   -5.3232e-01    1.0347e+00
 8.8600e-01    1.5276e+02   -5.3490e-01    1.0359e+00
 8.8700e-01    1.5272e+02   -5.3650e-01    1.0366e+00
 8.8800e-01    1.5271e+02   -5.3699e-01    1.0368e+00
 8.8900e-01    1.5273e+02   -5.3636e-01    1.0364e+00
 8.9000e-01    1.5278e+02   -5.3466e-01    1.0354e+00
 8.9100e-01    1.5285e+02   -5.3197e-01    1.0340e+00
 8.9200e-01    1.5294e+02   -5.2851e-01    1.0322e+00
 8.9300e-01    1.5305e+02   -5.2446e-01    1.0301e+00
 8.9400e-01    1.5316e+02   -5.2011e-01    1.0278e+00
 8.9500e-01    1.5327e+02   -5.1580e-01    1.0256e+00
 8.9600e-01    1.5337e+02   -5.1187e-01    1.0235e+00
 8.9700e-01    1.5346e+02   -5.0868e-01    1.0218e+00
 8.9800e-01    1.5351e+02   -5.0654e-01    1.0207e+00
 8.9900e-01    1.5354e+02   -5.0564e-01    1.0201e+00
 9.0000e-01    1.5354e+02   -5.0604e-01    1.0202e+00
 9.0100e-01    1.5350e+02   -5.0766e-01    1.0209e+00
 9.0200e-01    1.5344e+02   -5.1036e-01    1.0222e+00
 9.0300e-01    1.5336e+02   -5.1385e-01    1.0238e+00
 9.0400e-01    1.5327e+02   -5.1779e-01    1.0257e+00
 9.0500e-01    1.5317e+02   -5.2187e-01    1.0277e+00
 9.0600e-01    1.5308e+02   -5.2575e-01    1.0295e+00
 9.0700e-01    1.5300e+02   -5.2910e-01    1.0311e+00
 9.0800e-01    1.5294e+02   -5.3167e-01    1.0323e+00
 9.0900e-01    1.5291e+02   -5.3329e-01    1.0330e+00
 9.1000e-01    1.5290e+02   -5.3383e-01    1.0332e+00
 9.1100e-01    1.5291e+02   -5.3323e-01    1.0328e+00
 9.1200e-01    1.5296e+02   -5.3155e-01    1.0319e+00
 9.1300e-01    1.5303e+02   -5.2892e-01    1.0305e+00
 9.1400e-01    1.5312e+02   -5.2552e-01    1.0287e+00
 9.1500e-01    1.5322e+02   -5.2162e-01    1.0267e+00
 9.1600e-01    1.5333e+02   -5.1749e-01    1.0245e+00
 9.1700e-01    1.5343e+02   -5.1347e-01    1.0224e+00
 9.1800e-01    1.5352e+02   -5.0992e-01    1.0205e+00
 9.1900e-01    1.5359e+02   -5.0714e-01    1.0191e+00
 9.2000e-01    1.5364e+02   -5.0542e-01    1.0181e+00
 9.2100e-01    1.5365e+02   -5.0489e-01    1.0178e+00
 9.2200e-01    1.5364e+02   -5.0561e-01    1.0181e+00
 9.2300e-01    1.5360e+02   -5.0749e-01    1.0189e+00
 9.2400e-01    1.5354e+02   -5.1031e-01    1.0203e+00
 9.2500e-01    1.5345e+02   -5.1382e-01    1.0219e+00
 9.2600e-01    1.5336e+02   -5.1767e-01    1.0238e+00
 9.2700e-01    1.5327e+02   -5.2154e-01    1.0256e+00
 9.2800e-01    1.5318e+02   -5.2513e-01    1.0273e+00
 9.2900e-01    1.5311e+02   -5.2817e-01    1.0288e+00
 9.3000e-01    1.5306e+02   -5.3044e-01    1.0298e+00
 9.3100e-01    1.5303e+02   -5.3176e-01    1.0304e+00
 9.3200e-01    1.5303e+02   -5.3202e-01    1.0304e+00
 9.3300e-01    1.5305e+02   -5.3123e-01    1.0300e+00
 9.3400e-01    1.5310e+02   -5.2941e-01    1.0290e+00
 9.3500e-01    1.5317e+02   -5.2670e-01    1.0275e+00
 9.3600e-01    1.5326e+02   -5.2329e-01    1.0257e+00
 9.3700e-01    1.5336e+02   -5.1947e-01    1.0238e+00
 9.3800e-01    1.5346e+02   -5.1550e-01    1.0217e+00
 9.3900e-01    1.5355e+02   -5.1172e-01    1.0197e+00
 9.4000e-01    1.5363e+02   -5.0852e-01    1.0180e+00
 9.4100e-01    1.5369e+02   -5.0616e-01    1.0168e+00
 9.4200e-01    1.5373e+02   -5.0488e-01    1.0161e+00
 9.4300e-01    1.5373e+02   -5.0479e-01    1.0159e+00
 9.4400e-01    1.5371e+02   -5.0589e-01    1.0164e+00
 9.4500e-01    1.5367e+02   -5.0805e-01    1.0174e+00
 9.4600e-01    1.5360e+02   -5.1104e-01    1.0188e+00
 9.4700e-01    1.5351e+02   -5.1459e-01    1.0205e+00
 9.4800e-01    1.5342e+02   -5.1840e-01    1.0223e+00
 9.4900e-01    1.5333e+02   -5.2215e-01    1.0241e+00
 9.5000e-01    1.5325e+02   -5.2551e-01    1.0257e+00
 9.5100e-01    1.5319e+02   -5.2825e-01    1.0270e+00
 9.5200e-01    1.5314e+02   -5.3016e-01    1.0279e+00
 9.5300e-01    1.5312e+02   -5.3110e-01    1.0283e+00
 9.5400e-01    1.5313e+02   -5.3100e-01    1.0281e+00
 9.5500e-01    1.5316e+02   -5.2985e-01    1.0275e+00
 9.5600e-01    1.5321e+02   -5.2777e-01    1.0264e+00
 9.5700e-01    1.5329e+02   -5.2487e-01    1.0249e+00
 9.5800e-01    1.5338e+02   -5.2138e-01    1.0230e+00
 9.5900e-01    1.5347e+02   -5.1758e-01    1.0211e+00
 9.6000e-01    1.5357e+02   -5.1377e-01    1.0191e+00
 9.6100e-01    1.5366e+02   -5.1025e-01    1.0173e+00
 9.6200e-01    1.5374e+02   -5.0732e-01    1.0157e+00
 9.6300e-01    1.5379e+02   -5.0525e-01    1.0146e+00
 9.6400e-01    1.5382e+02   -5.0423e-01    1.0140e+00
 9.6500e-01    1.5383e+02   -5.0434e-01    1.0140e+00
 9.6600e-01    1.5380e+02   -5.0556e-01    1.0145e+00
 9.6700e-01    1.5375e+02   -5.0775e-01    1.0155e+00
 9.6800e-01    1.5369e+02   -5.1067e-01    1.0169e+00
 9.6900e-01    1.5361e+02   -5.1404e-01    1.0185e+00
 9.7000e-01    1.5353e+02   -5.1756e-01    1.0202e+00
 9.7100e-01    1.5345e+02   -5.2095e-01    1.0218e+00
 9.7200e-01    1.5338e+02   -5.2397e-01    1.0233e+00
 9.7300e-01    1.5332e+02   -5.2637e-01    1.0244e+00
 9.7400e-01    1.5328e+02   -5.2798e-01    1.0251e+00
 9.7500e-01    1.5327e+02   -5.2868e-01    1.0254e+00
 9.7600e-01    1.5328e+02   -5.2840e-01    1.0252e+00
 9.7700e-01    1.5331e+02   -5.2718e-01    1.0245e+00
 9.7800e-01    1.5336e+02   -5.2509e-01    1.0234e+00
 9.7900e-01    1.5344e+02   -5.2227e-01    1.0219e+00
 9.8000e-01    1.5352e+02   -5.1893e-01    1.0202e+00
 9.8100e-01    1.5361e+02   -5.1533e-01    1.0183e+00
 9.8200e-01    1.5370e+02   -5.1176e-01    1.0165e+00
 9.8300e-01    1.5378e+02   -5.0854e-01    1.0148e+00
 9.8400e-01    1.5385e+02   -5.0599e-01    1.0134e+00
 9.8500e-01    1.5389e+02   -5.0434e-01    1.0125e+00
 9.8600e-01    1.5391e+02   -5.0372e-01    1.0121e+00
 9.8700e-01    1.5390e+02   -5.0421e-01    1.0123e+00
 9.8800e-01    1.5387e+02   -5.0572e-01    1.0130e+00
 9.8900e-01    1.5382e+02   -5.0810e-01    1.0141e+00
 9.9000e-01    1.5375e+02   -5.1113e-01    1.0156e+00
 9.9100e-01    1.5367e+02   -5.1453e-01    1.0172e+00
 9.9200e-01    1.5359e+02   -5.1796e-01    1.0188e+00
 9.9300e-01    1.5351e+02   -5.2114e-01    1.0203e+00
 9.9400e-01    1.5345e+02   -5.2380e-01    1.0216e+00
 9.9500e-01    1.5341e+02   -5.2572e-01    1.0225e+00
 9.9600e-01    1.5338e+02   -5.2675e-01    1.0229e+00
 9.9700e-01    1.5338e+02   -5.2683e-01    1.0229e+00
 9.9800e-01    1.5341e+02   -5.2593e-01    1.0224e+00
 9.9900e-01    1.5345e+02   -5.2413e-01    1.0214e+00
 1.0000e+00    1.5351e+02   -5.2159e-01    1.0201e+00
 1.0010e+00    1.5359e+02   -5.1850e-01    1.0185e+00
 1.0020e+00    1.5367e+02   -5.1512e-01    1.0167e+00
 1.0030e+00    1.5376e+02   -5.1175e-01    1.0150e+00
 1.0040e+00    1.5383e+02   -5.0869e-01    1.0134e+00
 1.0050e+00    1.5389e+02   -5.0625e-01    1.0121e+00
 1.0060e+00    1.5393e+02   -5.0466e-01    1.0113e+00
 1.0070e+00    1.5395e+02   -5.0406e-01    1.0109e+00
 1.0080e+00    1.5394e+02   -5.0454e-01    1.0111e+00
 1.0090e+00    1.5390e+02   -5.0603e-01    1.0117e+00
 1.0100e+00    1.5385e+02   -5.0838e-01    1.0128e+00
 1.0110e+00    1.5378e+02   -5.1137e-01    1.0143e+00
 1.0120e+00    1.5370e+02   -5.1475e-01    1.0159e+00
 1.0130e+00    1.5362e+02   -5.1820e-01    1.0176e+00
 1.0140e+00    1.5354e+02   -5.2144e-01    1.0191e+00
 1.0150e+00    1.5348e+02   -5.2419e-01    1.0204e+00
 1.0160e+00    1.5344e+02   -5.2623e-01    1.0214e+00
 1.0170e+00    1.5341e+02   -5.2738e-01    1.0219e+00
 1.0180e+00    1.5341e+02   -5.2755e-01    1.0219e+00
 1.0190e+00    1.5344e+02   -5.2672e-01    1.0215e+00
 1.0200e+00    1.5349e+02   -5.2492e-01    1.0205e+00
 1.0210e+00    1.5356e+02   -5.2230e-01    1.0191e+00
 1.0220e+00    1.5364e+02   -5.1903e-01    1.0174e+00
 1.0230e+00    1.5373e+02   -5.1538e-01    1.0156e+00
 1.0240e+00    1.5383e+02   -5.1166e-01    1.0137e+00
 1.0250e+00    1.5391e+02   -5.0820e-01    1.0119e+00
 1.0260e+00    1.5399e+02   -5.0529e-01    1.0103e+00
 1.0270e+00    1.5404e+02   -5.0323e-01    1.0092e+00
 1.0280e+00    1.5407e+02   -5.0217e-01    1.0087e+00
 1.0290e+00    1.5407e+02   -5.0224e-01    1.0086e+00
 1.0300e+00    1.5405e+02   -5.0340e-01    1.0092e+00
 1.0310e+00    1.5400e+02   -5.0555e-01    1.0102e+00
 1.0320e+00    1.5393e+02   -5.0846e-01    1.0116e+00
 1.0330e+00    1.5385e+02   -5.1183e-01    1.0132e+00
 1.0340e+00    1.5377e+02   -5.1537e-01    1.0149e+00
 1.0350e+00    1.5369e+02   -5.1874e-01    1.0166e+00
 1.0360e+00    1.5362e+02   -5.2168e-01    1.0180e+00
 1.0370e+00    1.5357e+02   -5.2397e-01    1.0190e+00
 1.0380e+00    1.5353e+02   -5.2544e-01    1.0197e+00
 1.0390e+00    1.5352e+02   -5.2595e-01    1.0199e+00
 1.0400e+00    1.5354e+02   -5.2546e-01    1.0196e+00
 1.0410e+00    1.5358e+02   -5.2398e-01    1.0188e+00
 1.0420e+00    1.5364e+02   -5.2162e-01    1.0176e+00
 1.0430e+00    1.5372e+02   -5.1852e-01    1.0160e+00
 1.0440e+00    1.5381e+02   -5.1491e-01    1.0141e+00
 1.0450e+00    1.5390e+02   -5.1109e-01    1.0121e+00
 1.0460e+00    1.5399e+02   -5.0739e-01    1.0102e+00
 1.0470e+00    1.5407e+02   -5.0417e-01    1.0086e+00
 1.0480e+00    1.5413e+02   -5.0173e-01    1.0073e+00
 1.0490e+00    1.5416e+02   -5.0034e-01    1.0065e+00
 1.0500e+00    1.5417e+02   -5.0015e-01    1.0064e+00
 1.0510e+00    1.5414e+02   -5.0120e-01    1.0069e+00
 1.0520e+00    1.5409e+02   -5.0336e-01    1.0079e+00
 1.0530e+00    1.5402e+02   -5.0645e-01    1.0094e+00
 1.0540e+00    1.5393e+02   -5.1018e-01    1.0112e+00
 1.0550e+00    1.5383e+02   -5.1420e-01    1.0132e+00
 1.0560e+00    1.5374e+02   -5.1817e-01    1.0151e+00
 1.0570e+00    1.5365e+02   -5.2174e-01    1.0168e+00
 1.0580e+00    1.5358e+02   -5.2465e-01    1.0182e+00
 1.0590e+00    1.5353e+02   -5.2665e-01    1.0192e+00
 1.0600e+00    1.5351e+02   -5.2760e-01    1.0196e+00
 1.0610e+00    1.5352e+02   -5.2744e-01    1.0195e+00
 1.0620e+00    1.5355e+02   -5.2620e-01    1.0188e+00
 1.0630e+00    1.5361e+02   -5.2395e-01    1.0176e+00
 1.0640e+00    1.5369e+02   -5.2085e-01    1.0160e+00
 1.0650e+00    1.5378e+02   -5.1715e-01    1.0141e+00
 1.0660e+00    1.5388e+02   -5.1313e-01    1.0121e+00
 1.0670e+00    1.5398e+02   -5.0914e-01    1.0100e+00
 1.0680e+00    1.5407e+02   -5.0554e-01    1.0082e+00
 1.0690e+00    1.5414e+02   -5.0265e-01    1.0067e+00
 1.0700e+00    1.5419e+02   -5.0076e-01    1.0057e+00
 1.0710e+00    1.5421e+02   -5.0007e-01    1.0053e+00
 1.0720e+00    1.5420e+02   -5.0064e-01    1.0055e+00
 1.0730e+00    1.5416e+02   -5.0239e-01    1.0064e+00
 1.0740e+00    1.5410e+02   -5.0513e-01    1.0077e+00
 1.0750e+00    1.5402e+02   -5.0857e-01    1.0093e+00
 1.0760e+00    1.5393e+02   -5.1237e-01    1.0112e+00
 1.0770e+00    1.5384e+02   -5.1620e-01    1.0131e+00
 1.0780e+00    1.5376e+02   -5.1969e-01    1.0147e+00
 1.0790e+00    1.5370e+02   -5.2257e-01    1.0161e+00
 1.0800e+00    1.5365e+02   -5.2459e-01    1.0171e+00
 1.0810e+00    1.5363e+02   -5.2561e-01    1.0176e+00
 1.0820e+00    1.5363e+02   -5.2553e-01    1.0175e+00
 1.0830e+00    1.5367e+02   -5.2433e-01    1.0168e+00
 1.0840e+00    1.5372e+02   -5.2211e-01    1.0157e+00
 1.0850e+00    1.5380e+02   -5.1904e-01    1.0141e+00
 1.0860e+00    1.5390e+02   -5.1533e-01    1.0122e+00
 1.0870e+00    1.5400e+02   -5.1127e-01    1.0101e+00
 1.0880e+00    1.5410e+02   -5.0724e-01    1.0080e+00
 1.0890e+00    1.5418e+02   -5.0361e-01    1.0062e+00
 1.0900e+00    1.5425e+02   -5.0074e-01    1.0047e+00
 1.0910e+00    1.5430e+02   -4.9891e-01    1.0038e+00
 1.0920e+00    1.5432e+02   -4.9828e-01    1.0034e+00
 1.0930e+00    1.5431e+02   -4.9892e-01    1.0037e+00
 1.0940e+00    1.5426e+02   -5.0075e-01    1.0046e+00
 1.0950e+00    1.5420e+02   -5.0359e-01    1.0059e+00
 1.0960e+00    1.5412e+02   -5.0716e-01    1.0077e+00
 1.0970e+00    1.5402e+02   -5.1113e-01    1.0096e+00
 1.0980e+00    1.5393e+02   -5.1512e-01    1.0116e+00
 1.0990e+00    1.5384e+02   -5.1878e-01    1.0134e+00
 1.1000e+00    1.5377e+02   -5.2180e-01    1.0148e+00
 1.1010e+00    1.5372e+02   -5.2391e-01    1.0158e+00
 1.1020e+00    1.5369e+02   -5.2499e-01    1.0163e+00
 1.1030e+00    1.5369e+02   -5.2495e-01    1.0162e+00
 1.1040e+00    1.5372e+02   -5.2381e-01    1.0156e+00
 1.1050e+00    1.5378e+02   -5.2165e-01    1.0145e+00
 1.1060e+00    1.5386e+02   -5.1863e-01    1.0130e+00
 1.1070e+00    1.5395e+02   -5.1496e-01    1.0111e+00
 1.1080e+00    1.5405e+02   -5.1097e-01    1.0091e+00
 1.1090e+00    1.5414e+02   -5.0697e-01    1.0070e+00
 1.1100e+00    1.5423e+02   -5.0331e-01    1.0052e+00
 1.1110e+00    1.5431e+02   -5.0032e-01    1.0036e+00
 1.1120e+00    1.5435e+02   -4.9829e-01    1.0026e+00
 1.1130e+00    1.5438e+02   -4.9745e-01    1.0021e+00
 1.1140e+00    1.5437e+02   -4.9788e-01    1.0023e+00
 1.1150e+00    1.5433e+02   -4.9958e-01    1.0031e+00
 1.1160e+00    1.5426e+02   -5.0238e-01    1.0045e+00
 1.1170e+00    1.5418e+02   -5.0600e-01    1.0063e+00
 1.1180e+00    1.5408e+02   -5.1007e-01    1.0083e+00
 1.1190e+00    1.5398e+02   -5.1424e-01    1.0103e+00
 1.1200e+00    1.5389e+02   -5.1810e-01    1.0122e+00
 1.1210e+00    1.5381e+02   -5.2136e-01    1.0138e+00
 1.1220e+00    1.5375e+02   -5.2375e-01    1.0150e+00
 1.1230e+00    1.5372e+02   -5.2512e-01    1.0156e+00
 1.1240e+00    1.5371e+02   -5.2535e-01    1.0157e+00
 1.1250e+00    1.5373e+02   -5.2445e-01    1.0152e+00
 1.1260e+00    1.5378e+02   -5.2248e-01    1.0142e+00
 1.1270e+00    1.5385e+02   -5.1957e-01    1.0127e+00
 1.1280e+00    1.5394e+02   -5.1597e-01    1.0109e+00
 1.1290e+00    1.5404e+02   -5.1197e-01    1.0088e+00
 1.1300e+00    1.5414e+02   -5.0792e-01    1.0068e+00
 1.1310e+00    1.5423e+02   -5.0420e-01    1.0049e+00
 1.1320e+00    1.5430e+02   -5.0116e-01    1.0033e+00
 1.1330e+00    1.5436e+02   -4.9907e-01    1.0022e+00
 1.1340e+00    1.5438e+02   -4.9819e-01    1.0017e+00
 1.1350e+00    1.5437e+02   -4.9860e-01    1.0019e+00
 1.1360e+00    1.5433e+02   -5.0026e-01    1.0027e+00
 1.1370e+00    1.5427e+02   -5.0300e-01    1.0041e+00
 1.1380e+00    1.5419e+02   -5.0654e-01    1.0058e+00
 1.1390e+00    1.5409e+02   -5.1052e-01    1.0078e+00
 1.1400e+00    1.5400e+02   -5.1456e-01    1.0098e+00
 1.1410e+00    1.5391e+02   -5.1831e-01    1.0116e+00
 1.1420e+00    1.5383e+02   -5.2143e-01    1.0131e+00
 1.1430e+00    1.5378e+02   -5.2369e-01    1.0142e+00
 1.1440e+00    1.5375e+02   -5.2491e-01    1.0148e+00
 1.1450e+00    1.5375e+02   -5.2496e-01    1.0148e+00
 1.1460e+00    1.5378e+02   -5.2380e-01    1.0142e+00
 1.1470e+00    1.5384e+02   -5.2154e-01    1.0130e+00
 1.1480e+00    1.5392e+02   -5.1833e-01    1.0114e+00
 1.1490e+00    1.5402e+02   -5.1441e-01    1.0094e+00
 1.1500e+00    1.5413e+02   -5.1011e-01    1.0072e+00
 1.1510e+00    1.5423e+02   -5.0580e-01    1.0050e+00
 1.1520e+00    1.5433e+02   -5.0188e-01    1.0031e+00
 1.1530e+00    1.5440e+02   -4.9871e-01    1.0014e+00
 1.1540e+00    1.5446e+02   -4.9661e-01    1.0004e+00
 1.1550e+00    1.5448e+02   -4.9579e-01    9.9992e-01
 1.1560e+00    1.5447e+02   -4.9635e-01    1.0002e+00
 1.1570e+00    1.5442e+02   -4.9823e-01    1.0011e+00
 1.1580e+00    1.5435e+02   -5.0124e-01    1.0025e+00
 1.1590e+00    1.5426e+02   -5.0508e-01    1.0044e+00
 1.1600e+00    1.5416e+02   -5.0939e-01    1.0066e+00
 1.1610e+00    1.5406e+02   -5.1374e-01    1.0087e+00
 1.1620e+00    1.5396e+02   -5.1776e-01    1.0107e+00
 1.1630e+00    1.5388e+02   -5.2110e-01    1.0123e+00
 1.1640e+00    1.5382e+02   -5.2348e-01    1.0135e+00
 1.1650e+00    1.5380e+02   -5.2472e-01    1.0141e+00
 1.1660e+00    1.5380e+02   -5.2473e-01    1.0140e+00
 1.1670e+00    1.5383e+02   -5.2350e-01    1.0134e+00
 1.1680e+00    1.5389e+02   -5.2112e-01    1.0122e+00
 1.1690e+00    1.5397e+02   -5.1777e-01    1.0105e+00
 1.1700e+00    1.5407e+02   -5.1371e-01    1.0084e+00
 1.1710e+00    1.5418e+02   -5.0928e-01    1.0062e+00
 1.1720e+00    1.5428e+02   -5.0487e-01    1.0039e+00
 1.1730e+00    1.5438e+02   -5.0089e-01    1.0019e+00
 1.1740e+00    1.5445e+02   -4.9774e-01    1.0003e+00
 1.1750e+00    1.5450e+02   -4.9574e-01    9.9932e-01
 1.1760e+00    1.5451e+02   -4.9509e-01    9.9897e-01
 1.1770e+00    1.5449e+02   -4.9585e-01    9.9933e-01
 1.1780e+00    1.5444e+02   -4.9797e-01    1.0004e+00
 1.1790e+00    1.5437e+02   -5.0123e-01    1.0020e+00
 1.1800e+00    1.5427e+02   -5.0529e-01    1.0040e+00
 1.1810e+00    1.5416e+02   -5.0976e-01    1.0062e+00
 1.1820e+00    1.5405e+02   -5.1426e-01    1.0084e+00
 1.1830e+00    1.5395e+02   -5.1840e-01    1.0104e+00
 1.1840e+00    1.5387e+02   -5.2185e-01    1.0121e+00
 1.1850e+00    1.5381e+02   -5.2434e-01    1.0134e+00
 1.1860e+00    1.5378e+02   -5.2567e-01    1.0140e+00
 1.1870e+00    1.5378e+02   -5.2574e-01    1.0140e+00
 1.1880e+00    1.5381e+02   -5.2453e-01    1.0134e+00
 1.1890e+00    1.5387e+02   -5.2209e-01    1.0122e+00
 1.1900e+00    1.5396e+02   -5.1860e-01    1.0104e+00
 1.1910e+00    1.5406e+02   -5.1434e-01    1.0083e+00
 1.1920e+00    1.5418e+02   -5.0966e-01    1.0059e+00
 1.1930e+00    1.5429e+02   -5.0493e-01    1.0035e+00
 1.1940e+00    1.5440e+02   -5.0060e-01    1.0013e+00
 1.1950e+00    1.5448e+02   -4.9707e-01    9.9955e-01
 1.1960e+00    1.5454e+02   -4.9472e-01    9.9836e-01
 1.1970e+00    1.5456e+02   -4.9378e-01    9.9786e-01
 1.1980e+00    1.5455e+02   -4.9438e-01    9.9813e-01
 1.1990e+00    1.5450e+02   -4.9642e-01    9.9913e-01
 1.2000e+00    1.5442e+02   -4.9968e-01    1.0007e+00
 1.2010e+00    1.5433e+02   -5.0383e-01    1.0028e+00
 1.2020e+00    1.5422e+02   -5.0846e-01    1.0051e+00
 1.2030e+00    1.5410e+02   -5.1314e-01    1.0074e+00
 1.2040e+00    1.5400e+02   -5.1746e-01    1.0095e+00
 1.2050e+00    1.5391e+02   -5.2107e-01    1.0113e+00
 1.2060e+00    1.5385e+02   -5.2368e-01    1.0126e+00
 1.2070e+00    1.5381e+02   -5.2507e-01    1.0133e+00
 1.2080e+00    1.5381e+02   -5.2513e-01    1.0133e+00
 1.2090e+00    1.5384e+02   -5.2386e-01    1.0126e+00
 1.2100e+00    1.5390e+02   -5.2135e-01    1.0114e+00
 1.2110e+00    1.5399e+02   -5.1776e-01    1.0096e+00
 1.2120e+00    1.5410e+02   -5.1339e-01    1.0074e+00
 1.2130e+00    1.5421e+02   -5.0858e-01    1.0049e+00
 1.2140e+00    1.5433e+02   -5.0376e-01    1.0025e+00
 1.2150e+00    1.5443e+02   -4.9938e-01    1.0003e+00
 1.2160e+00    1.5451e+02   -4.9586e-01    9.9855e-01
 1.2170e+00    1.5457e+02   -4.9358e-01    9.9739e-01
 1.2180e+00    1.5459e+02   -4.9279e-01    9.9698e-01
 1.2190e+00    1.5457e+02   -4.9360e-01    9.9737e-01
 1.2200e+00    1.5451e+02   -4.9593e-01    9.9851e-01
 1.2210e+00    1.5443e+02   -4.9952e-01    1.0003e+00
 1.2220e+00    1.5432e+02   -5.0402e-01    1.0025e+00
 1.2230e+00    1.5420e+02   -5.0898e-01    1.0050e+00
 1.2240e+00    1.5408e+02   -5.1396e-01    1.0075e+00
 1.2250e+00    1.5398e+02   -5.1850e-01    1.0097e+00
 1.2260e+00    1.5389e+02   -5.2225e-01    1.0116e+00
 1.2270e+00    1.5382e+02   -5.2490e-01    1.0129e+00
 1.2280e+00    1.5379e+02   -5.2626e-01    1.0136e+00
 1.2290e+00    1.5379e+02   -5.2625e-01    1.0136e+00
 1.2300e+00    1.5383e+02   -5.2485e-01    1.0128e+00
 1.2310e+00    1.5390e+02   -5.2214e-01    1.0115e+00
 1.2320e+00    1.5399e+02   -5.1834e-01    1.0096e+00
 1.2330e+00    1.5411e+02   -5.1375e-01    1.0073e+00
 1.2340e+00    1.5423e+02   -5.0874e-01    1.0047e+00
 1.2350e+00    1.5435e+02   -5.0373e-01    1.0022e+00
 1.2360e+00    1.5446e+02   -4.9919e-01    9.9997e-01
 1.2370e+00    1.5455e+02   -4.9554e-01    9.9813e-01
 1.2380e+00    1.5461e+02   -4.9317e-01    9.9692e-01
 1.2390e+00    1.5463e+02   -4.9230e-01    9.9648e-01
 1.2400e+00    1.5461e+02   -4.9305e-01    9.9683e-01
 1.2410e+00    1.5456e+02   -4.9532e-01    9.9796e-01
 1.2420e+00    1.5448e+02   -4.9890e-01    9.9972e-01
 1.2430e+00    1.5437e+02   -5.0339e-01    1.0019e+00
 1.2440e+00    1.5425e+02   -5.0833e-01    1.0044e+00
 1.2450e+00    1.5414e+02   -5.1325e-01    1.0069e+00
 1.2460e+00    1.5403e+02   -5.1771e-01    1.0091e+00
 1.2470e+00    1.5394e+02   -5.2135e-01    1.0109e+00
 1.2480e+00    1.5388e+02   -5.2388e-01    1.0121e+00
 1.2490e+00    1.5384e+02   -5.2512e-01    1.0127e+00
 1.2500e+00    1.5385e+02   -5.2498e-01    1.0127e+00
 1.2510e+00    1.5389e+02   -5.2348e-01    1.0119e+00
 1.2520e+00    1.5395e+02   -5.2072e-01    1.0105e+00
 1.2530e+00    1.5405e+02   -5.1691e-01    1.0086e+00
 1.2540e+00    1.5416e+02   -5.1230e-01    1.0063e+00
 1.2550e+00    1.5428e+02   -5.0731e-01    1.0038e+00
 1.2560e+00    1.5439e+02   -5.0240e-01    1.0013e+00
 1.2570e+00    1.5450e+02   -4.9802e-01    9.9910e-01
 1.2580e+00    1.5458e+02   -4.9466e-01    9.9741e-01
 1.2590e+00    1.5462e+02   -4.9264e-01    9.9640e-01
 1.2600e+00    1.5463e+02   -4.9220e-01    9.9616e-01
 1.2610e+00    1.5461e+02   -4.9338e-01    9.9675e-01
 1.2620e+00    1.5454e+02   -4.9606e-01    9.9808e-01
 1.2630e+00    1.5445e+02   -4.9999e-01    1.0000e+00
 1.2640e+00    1.5434e+02   -5.0475e-01    1.0024e+00
 1.2650e+00    1.5421e+02   -5.0990e-01    1.0050e+00
 1.2660e+00    1.5409e+02   -5.1496e-01    1.0075e+00
 1.2670e+00    1.5398e+02   -5.1953e-01    1.0098e+00
 1.2680e+00    1.5389e+02   -5.2323e-01    1.0116e+00
 1.2690e+00    1.5383e+02   -5.2581e-01    1.0129e+00
 1.2700e+00    1.5379e+02   -5.2713e-01    1.0136e+00
 1.2710e+00    1.5380e+02   -5.2709e-01    1.0135e+00
 1.2720e+00    1.5383e+02   -5.2572e-01    1.0128e+00
 1.2730e+00    1.5389e+02   -5.2315e-01    1.0116e+00
 1.2740e+00    1.5398e+02   -5.1963e-01    1.0098e+00
 1.2750e+00    1.5408e+02   -5.1548e-01    1.0077e+00
 1.2760e+00    1.5419e+02   -5.1109e-01    1.0055e+00
 1.2770e+00    1.5429e+02   -5.0691e-01    1.0035e+00
 1.2780e+00    1.5438e+02   -5.0342e-01    1.0017e+00
 1.2790e+00    1.5443e+02   -5.0106e-01    1.0005e+00
 1.2800e+00    1.5446e+02   -5.0021e-01    1.0001e+00
