PROFILES: ELECTRIC POTENTIAL phi, MACH NUMBER U_z/cs, MACH NUMBER U_Bdir/c_s 
distance(mm)    phi(V)      U_z/cs(-)      U_Bdir/c_s(-)
 0.0000e+00    6.7560e+00   -2.4118e+00    2.2157e+00
 1.0000e-03    1.3235e+01   -2.3547e+00    2.1868e+00
 2.0000e-03    1.9439e+01   -2.2987e+00    2.1584e+00
 3.0000e-03    2.5371e+01   -2.2437e+00    2.1307e+00
 4.0000e-03    3.1035e+01   -2.1901e+00    2.1035e+00
 5.0000e-03    3.6434e+01   -2.1377e+00    2.0772e+00
 6.0000e-03    4.1572e+01   -2.0866e+00    2.0513e+00
 7.0000e-03    4.6455e+01   -2.0369e+00    2.0261e+00
 8.0000e-03    5.1088e+01   -1.9886e+00    2.0017e+00
 9.0000e-03    5.5478e+01   -1.9418e+00    1.9779e+00
 1.0000e-02    5.9633e+01   -1.8965e+00    1.9551e+00
 1.1000e-02    6.3559e+01   -1.8526e+00    1.9329e+00
 1.2000e-02    6.7264e+01   -1.8103e+00    1.9113e+00
 1.3000e-02    7.0758e+01   -1.7695e+00    1.8906e+00
 1.4000e-02    7.4049e+01   -1.7302e+00    1.8705e+00
 1.5000e-02    7.7145e+01   -1.6924e+00    1.8515e+00
 1.6000e-02    8.0058e+01   -1.6562e+00    1.8329e+00
 1.7000e-02    8.2795e+01   -1.6214e+00    1.8150e+00
 1.8000e-02    8.5367e+01   -1.5880e+00    1.7980e+00
 1.9000e-02    8.7783e+01   -1.5561e+00    1.7818e+00
 2.0000e-02    9.0052e+01   -1.5255e+00    1.7664e+00
 2.1000e-02    9.2183e+01   -1.4963e+00    1.7511e+00
 2.2000e-02    9.4184e+01   -1.4684e+00    1.7366e+00
 2.3000e-02    9.6064e+01   -1.4416e+00    1.7229e+00
 2.4000e-02    9.7829e+01   -1.4162e+00    1.7100e+00
 2.5000e-02    9.9489e+01   -1.3918e+00    1.6973e+00
 2.6000e-02    1.0105e+02   -1.3686e+00    1.6853e+00
 2.7000e-02    1.0252e+02   -1.3464e+00    1.6738e+00
 2.8000e-02    1.0390e+02   -1.3252e+00    1.6629e+00
 2.9000e-02    1.0520e+02   -1.3050e+00    1.6524e+00
 3.0000e-02    1.0642e+02   -1.2858e+00    1.6422e+00
 3.1000e-02    1.0758e+02   -1.2674e+00    1.6326e+00
 3.2000e-02    1.0866e+02   -1.2499e+00    1.6235e+00
 3.3000e-02    1.0969e+02   -1.2331e+00    1.6146e+00
 3.4000e-02    1.1066e+02   -1.2172e+00    1.6061e+00
 3.5000e-02    1.1157e+02   -1.2020e+00    1.5981e+00
 3.6000e-02    1.1244e+02   -1.1875e+00    1.5903e+00
 3.7000e-02    1.1325e+02   -1.1736e+00    1.5833e+00
 3.8000e-02    1.1403e+02   -1.1604e+00    1.5761e+00
 3.9000e-02    1.1476e+02   -1.1478e+00    1.5691e+00
 4.0000e-02    1.1545e+02   -1.1357e+00    1.5627e+00
 4.1000e-02    1.1611e+02   -1.1242e+00    1.5566e+00
 4.2000e-02    1.1674e+02   -1.1133e+00    1.5506e+00
 4.3000e-02    1.1733e+02   -1.1028e+00    1.5448e+00
 4.4000e-02    1.1790e+02   -1.0927e+00    1.5395e+00
 4.5000e-02    1.1844e+02   -1.0831e+00    1.5342e+00
 4.6000e-02    1.1895e+02   -1.0739e+00    1.5291e+00
 4.7000e-02    1.1944e+02   -1.0651e+00    1.5243e+00
 4.8000e-02    1.1991e+02   -1.0566e+00    1.5198e+00
 4.9000e-02    1.2036e+02   -1.0485e+00    1.5152e+00
 5.0000e-02    1.2079e+02   -1.0407e+00    1.5106e+00
 5.1000e-02    1.2121e+02   -1.0332e+00    1.5064e+00
 5.2000e-02    1.2161e+02   -1.0259e+00    1.5025e+00
 5.3000e-02    1.2199e+02   -1.0189e+00    1.4984e+00
 5.4000e-02    1.2236e+02   -1.0121e+00    1.4946e+00
 5.5000e-02    1.2272e+02   -1.0055e+00    1.4909e+00
 5.6000e-02    1.2307e+02   -9.9907e-01    1.4872e+00
 5.7000e-02    1.2341e+02   -9.9282e-01    1.4836e+00
 5.8000e-02    1.2374e+02   -9.8673e-01    1.4799e+00
 5.9000e-02    1.2406e+02   -9.8077e-01    1.4765e+00
 6.0000e-02    1.2437e+02   -9.7494e-01    1.4731e+00
 6.1000e-02    1.2468e+02   -9.6923e-01    1.4697e+00
 6.2000e-02    1.2498e+02   -9.6364e-01    1.4665e+00
 6.3000e-02    1.2527e+02   -9.5817e-01    1.4633e+00
 6.4000e-02    1.2555e+02   -9.5282e-01    1.4600e+00
 6.5000e-02    1.2583e+02   -9.4760e-01    1.4570e+00
 6.6000e-02    1.2610e+02   -9.4248e-01    1.4543e+00
 6.7000e-02    1.2636e+02   -9.3746e-01    1.4509e+00
 6.8000e-02    1.2662e+02   -9.3255e-01    1.4479e+00
 6.9000e-02    1.2687e+02   -9.2776e-01    1.4454e+00
 7.0000e-02    1.2712e+02   -9.2308e-01    1.4425e+00
 7.1000e-02    1.2736e+02   -9.1848e-01    1.4396e+00
 7.2000e-02    1.2759e+02   -9.1398e-01    1.4371e+00
 7.3000e-02    1.2782e+02   -9.0959e-01    1.4343e+00
 7.4000e-02    1.2805e+02   -9.0531e-01    1.4315e+00
 7.5000e-02    1.2827e+02   -9.0111e-01    1.4290e+00
 7.6000e-02    1.2848e+02   -8.9701e-01    1.4266e+00
 7.7000e-02    1.2869e+02   -8.9303e-01    1.4241e+00
 7.8000e-02    1.2889e+02   -8.8916e-01    1.4215e+00
 7.9000e-02    1.2909e+02   -8.8541e-01    1.4193e+00
 8.0000e-02    1.2928e+02   -8.8180e-01    1.4170e+00
 8.1000e-02    1.2946e+02   -8.7831e-01    1.4147e+00
 8.2000e-02    1.2964e+02   -8.7495e-01    1.4127e+00
 8.3000e-02    1.2982e+02   -8.7170e-01    1.4105e+00
 8.4000e-02    1.2998e+02   -8.6857e-01    1.4083e+00
 8.5000e-02    1.3015e+02   -8.6556e-01    1.4065e+00
 8.6000e-02    1.3030e+02   -8.6266e-01    1.4046e+00
 8.7000e-02    1.3046e+02   -8.5985e-01    1.4025e+00
 8.8000e-02    1.3061e+02   -8.5712e-01    1.4007e+00
 8.9000e-02    1.3076e+02   -8.5447e-01    1.3990e+00
 9.0000e-02    1.3090e+02   -8.5188e-01    1.3972e+00
 9.1000e-02    1.3104e+02   -8.4935e-01    1.3953e+00
 9.2000e-02    1.3117e+02   -8.4689e-01    1.3937e+00
 9.3000e-02    1.3131e+02   -8.4449e-01    1.3921e+00
 9.4000e-02    1.3144e+02   -8.4216e-01    1.3905e+00
 9.5000e-02    1.3157e+02   -8.3988e-01    1.3889e+00
 9.6000e-02    1.3169e+02   -8.3764e-01    1.3872e+00
 9.7000e-02    1.3181e+02   -8.3546e-01    1.3857e+00
 9.8000e-02    1.3194e+02   -8.3333e-01    1.3842e+00
 9.9000e-02    1.3205e+02   -8.3127e-01    1.3826e+00
 1.0000e-01    1.3217e+02   -8.2926e-01    1.3811e+00
 1.0100e-01    1.3228e+02   -8.2732e-01    1.3798e+00
 1.0200e-01    1.3239e+02   -8.2548e-01    1.3783e+00
 1.0300e-01    1.3249e+02   -8.2374e-01    1.3770e+00
 1.0400e-01    1.3259e+02   -8.2209e-01    1.3757e+00
 1.0500e-01    1.3269e+02   -8.2051e-01    1.3742e+00
 1.0600e-01    1.3279e+02   -8.1900e-01    1.3733e+00
 1.0700e-01    1.3288e+02   -8.1756e-01    1.3720e+00
 1.0800e-01    1.3297e+02   -8.1619e-01    1.3706e+00
 1.0900e-01    1.3306e+02   -8.1486e-01    1.3697e+00
 1.1000e-01    1.3314e+02   -8.1358e-01    1.3686e+00
 1.1100e-01    1.3322e+02   -8.1235e-01    1.3675e+00
 1.1200e-01    1.3330e+02   -8.1118e-01    1.3663e+00
 1.1300e-01    1.3338e+02   -8.1004e-01    1.3654e+00
 1.1400e-01    1.3346e+02   -8.0892e-01    1.3644e+00
 1.1500e-01    1.3354e+02   -8.0783e-01    1.3632e+00
 1.1600e-01    1.3361e+02   -8.0678e-01    1.3623e+00
 1.1700e-01    1.3368e+02   -8.0574e-01    1.3614e+00
 1.1800e-01    1.3376e+02   -8.0472e-01    1.3604e+00
 1.1900e-01    1.3383e+02   -8.0369e-01    1.3593e+00
 1.2000e-01    1.3391e+02   -8.0264e-01    1.3582e+00
 1.2100e-01    1.3398e+02   -8.0153e-01    1.3573e+00
 1.2200e-01    1.3406e+02   -8.0038e-01    1.3563e+00
 1.2300e-01    1.3414e+02   -7.9919e-01    1.3552e+00
 1.2400e-01    1.3422e+02   -7.9791e-01    1.3542e+00
 1.2500e-01    1.3430e+02   -7.9655e-01    1.3532e+00
 1.2600e-01    1.3439e+02   -7.9513e-01    1.3517e+00
 1.2700e-01    1.3447e+02   -7.9367e-01    1.3506e+00
 1.2800e-01    1.3456e+02   -7.9215e-01    1.3496e+00
 1.2900e-01    1.3465e+02   -7.9057e-01    1.3483e+00
 1.3000e-01    1.3475e+02   -7.8894e-01    1.3470e+00
 1.3100e-01    1.3484e+02   -7.8727e-01    1.3457e+00
 1.3200e-01    1.3494e+02   -7.8554e-01    1.3443e+00
 1.3300e-01    1.3504e+02   -7.8375e-01    1.3430e+00
 1.3400e-01    1.3514e+02   -7.8190e-01    1.3418e+00
 1.3500e-01    1.3525e+02   -7.8000e-01    1.3404e+00
 1.3600e-01    1.3535e+02   -7.7804e-01    1.3388e+00
 1.3700e-01    1.3546e+02   -7.7604e-01    1.3376e+00
 1.3800e-01    1.3556e+02   -7.7402e-01    1.3360e+00
 1.3900e-01    1.3567e+02   -7.7199e-01    1.3345e+00
 1.4000e-01    1.3578e+02   -7.6996e-01    1.3331e+00
 1.4100e-01    1.3588e+02   -7.6793e-01    1.3316e+00
 1.4200e-01    1.3599e+02   -7.6589e-01    1.3301e+00
 1.4300e-01    1.3610e+02   -7.6386e-01    1.3287e+00
 1.4400e-01    1.3620e+02   -7.6186e-01    1.3272e+00
 1.4500e-01    1.3630e+02   -7.5991e-01    1.3259e+00
 1.4600e-01    1.3640e+02   -7.5800e-01    1.3245e+00
 1.4700e-01    1.3650e+02   -7.5614e-01    1.3230e+00
 1.4800e-01    1.3660e+02   -7.5434e-01    1.3217e+00
 1.4900e-01    1.3669e+02   -7.5261e-01    1.3204e+00
 1.5000e-01    1.3678e+02   -7.5095e-01    1.3191e+00
 1.5100e-01    1.3687e+02   -7.4936e-01    1.3179e+00
 1.5200e-01    1.3696e+02   -7.4787e-01    1.3167e+00
 1.5300e-01    1.3704e+02   -7.4648e-01    1.3157e+00
 1.5400e-01    1.3711e+02   -7.4521e-01    1.3144e+00
 1.5500e-01    1.3719e+02   -7.4407e-01    1.3136e+00
 1.5600e-01    1.3726e+02   -7.4303e-01    1.3125e+00
 1.5700e-01    1.3732e+02   -7.4211e-01    1.3117e+00
 1.5800e-01    1.3738e+02   -7.4131e-01    1.3109e+00
 1.5900e-01    1.3744e+02   -7.4056e-01    1.3101e+00
 1.6000e-01    1.3750e+02   -7.3987e-01    1.3093e+00
 1.6100e-01    1.3756e+02   -7.3922e-01    1.3085e+00
 1.6200e-01    1.3761e+02   -7.3859e-01    1.3077e+00
 1.6300e-01    1.3767e+02   -7.3796e-01    1.3069e+00
 1.6400e-01    1.3772e+02   -7.3733e-01    1.3062e+00
 1.6500e-01    1.3777e+02   -7.3669e-01    1.3056e+00
 1.6600e-01    1.3782e+02   -7.3604e-01    1.3047e+00
 1.6700e-01    1.3788e+02   -7.3536e-01    1.3039e+00
 1.6800e-01    1.3793e+02   -7.3467e-01    1.3033e+00
 1.6900e-01    1.3798e+02   -7.3394e-01    1.3024e+00
 1.7000e-01    1.3804e+02   -7.3316e-01    1.3018e+00
 1.7100e-01    1.3809e+02   -7.3236e-01    1.3008e+00
 1.7200e-01    1.3815e+02   -7.3152e-01    1.3000e+00
 1.7300e-01    1.3821e+02   -7.3063e-01    1.2991e+00
 1.7400e-01    1.3826e+02   -7.2972e-01    1.2981e+00
 1.7500e-01    1.3832e+02   -7.2878e-01    1.2974e+00
 1.7600e-01    1.3838e+02   -7.2780e-01    1.2966e+00
 1.7700e-01    1.3844e+02   -7.2679e-01    1.2956e+00
 1.7800e-01    1.3851e+02   -7.2577e-01    1.2946e+00
 1.7900e-01    1.3857e+02   -7.2473e-01    1.2937e+00
 1.8000e-01    1.3863e+02   -7.2368e-01    1.2927e+00
 1.8100e-01    1.3870e+02   -7.2259e-01    1.2919e+00
 1.8200e-01    1.3876e+02   -7.2149e-01    1.2909e+00
 1.8300e-01    1.3883e+02   -7.2038e-01    1.2900e+00
 1.8400e-01    1.3889e+02   -7.1922e-01    1.2890e+00
 1.8500e-01    1.3896e+02   -7.1800e-01    1.2879e+00
 1.8600e-01    1.3903e+02   -7.1677e-01    1.2868e+00
 1.8700e-01    1.3910e+02   -7.1555e-01    1.2859e+00
 1.8800e-01    1.3916e+02   -7.1437e-01    1.2848e+00
 1.8900e-01    1.3923e+02   -7.1323e-01    1.2839e+00
 1.9000e-01    1.3929e+02   -7.1214e-01    1.2828e+00
 1.9100e-01    1.3935e+02   -7.1114e-01    1.2820e+00
 1.9200e-01    1.3940e+02   -7.1023e-01    1.2811e+00
 1.9300e-01    1.3945e+02   -7.0939e-01    1.2801e+00
 1.9400e-01    1.3950e+02   -7.0865e-01    1.2794e+00
 1.9500e-01    1.3955e+02   -7.0801e-01    1.2789e+00
 1.9600e-01    1.3960e+02   -7.0745e-01    1.2780e+00
 1.9700e-01    1.3964e+02   -7.0698e-01    1.2774e+00
 1.9800e-01    1.3968e+02   -7.0658e-01    1.2768e+00
 1.9900e-01    1.3972e+02   -7.0624e-01    1.2762e+00
 2.0000e-01    1.3975e+02   -7.0594e-01    1.2757e+00
 2.0100e-01    1.3979e+02   -7.0569e-01    1.2751e+00
 2.0200e-01    1.3982e+02   -7.0545e-01    1.2748e+00
 2.0300e-01    1.3986e+02   -7.0521e-01    1.2741e+00
 2.0400e-01    1.3989e+02   -7.0500e-01    1.2736e+00
 2.0500e-01    1.3993e+02   -7.0476e-01    1.2730e+00
 2.0600e-01    1.3996e+02   -7.0449e-01    1.2727e+00
 2.0700e-01    1.4000e+02   -7.0419e-01    1.2721e+00
 2.0800e-01    1.4004e+02   -7.0386e-01    1.2714e+00
 2.0900e-01    1.4008e+02   -7.0346e-01    1.2710e+00
 2.1000e-01    1.4012e+02   -7.0302e-01    1.2703e+00
 2.1100e-01    1.4016e+02   -7.0249e-01    1.2695e+00
 2.1200e-01    1.4021e+02   -7.0186e-01    1.2689e+00
 2.1300e-01    1.4026e+02   -7.0114e-01    1.2682e+00
 2.1400e-01    1.4031e+02   -7.0034e-01    1.2674e+00
 2.1500e-01    1.4037e+02   -6.9946e-01    1.2666e+00
 2.1600e-01    1.4042e+02   -6.9850e-01    1.2656e+00
 2.1700e-01    1.4048e+02   -6.9748e-01    1.2649e+00
 2.1800e-01    1.4054e+02   -6.9642e-01    1.2638e+00
 2.1900e-01    1.4060e+02   -6.9534e-01    1.2630e+00
 2.2000e-01    1.4066e+02   -6.9421e-01    1.2620e+00
 2.2100e-01    1.4072e+02   -6.9306e-01    1.2611e+00
 2.2200e-01    1.4078e+02   -6.9188e-01    1.2601e+00
 2.2300e-01    1.4084e+02   -6.9070e-01    1.2591e+00
 2.2400e-01    1.4091e+02   -6.8953e-01    1.2582e+00
 2.2500e-01    1.4097e+02   -6.8837e-01    1.2574e+00
 2.2600e-01    1.4103e+02   -6.8722e-01    1.2562e+00
 2.2700e-01    1.4109e+02   -6.8611e-01    1.2554e+00
 2.2800e-01    1.4115e+02   -6.8505e-01    1.2545e+00
 2.2900e-01    1.4120e+02   -6.8405e-01    1.2536e+00
 2.3000e-01    1.4126e+02   -6.8312e-01    1.2528e+00
 2.3100e-01    1.4131e+02   -6.8224e-01    1.2520e+00
 2.3200e-01    1.4136e+02   -6.8143e-01    1.2512e+00
 2.3300e-01    1.4141e+02   -6.8071e-01    1.2504e+00
 2.3400e-01    1.4145e+02   -6.8009e-01    1.2498e+00
 2.3500e-01    1.4149e+02   -6.7955e-01    1.2491e+00
 2.3600e-01    1.4153e+02   -6.7910e-01    1.2485e+00
 2.3700e-01    1.4156e+02   -6.7873e-01    1.2479e+00
 2.3800e-01    1.4159e+02   -6.7844e-01    1.2475e+00
 2.3900e-01    1.4162e+02   -6.7824e-01    1.2470e+00
 2.4000e-01    1.4165e+02   -6.7811e-01    1.2464e+00
 2.4100e-01    1.4168e+02   -6.7801e-01    1.2461e+00
 2.4200e-01    1.4170e+02   -6.7794e-01    1.2457e+00
 2.4300e-01    1.4173e+02   -6.7788e-01    1.2452e+00
 2.4400e-01    1.4175e+02   -6.7780e-01    1.2450e+00
 2.4500e-01    1.4178e+02   -6.7769e-01    1.2446e+00
 2.4600e-01    1.4181e+02   -6.7755e-01    1.2441e+00
 2.4700e-01    1.4183e+02   -6.7734e-01    1.2436e+00
 2.4800e-01    1.4186e+02   -6.7706e-01    1.2432e+00
 2.4900e-01    1.4190e+02   -6.7674e-01    1.2427e+00
 2.5000e-01    1.4193e+02   -6.7638e-01    1.2421e+00
 2.5100e-01    1.4197e+02   -6.7594e-01    1.2415e+00
 2.5200e-01    1.4201e+02   -6.7543e-01    1.2408e+00
 2.5300e-01    1.4205e+02   -6.7483e-01    1.2403e+00
 2.5400e-01    1.4210e+02   -6.7415e-01    1.2396e+00
 2.5500e-01    1.4215e+02   -6.7335e-01    1.2388e+00
 2.5600e-01    1.4221e+02   -6.7244e-01    1.2378e+00
 2.5700e-01    1.4226e+02   -6.7143e-01    1.2371e+00
 2.5800e-01    1.4232e+02   -6.7030e-01    1.2363e+00
 2.5900e-01    1.4238e+02   -6.6910e-01    1.2351e+00
 2.6000e-01    1.4245e+02   -6.6782e-01    1.2343e+00
 2.6100e-01    1.4251e+02   -6.6648e-01    1.2333e+00
 2.6200e-01    1.4258e+02   -6.6509e-01    1.2321e+00
 2.6300e-01    1.4265e+02   -6.6369e-01    1.2311e+00
 2.6400e-01    1.4271e+02   -6.6230e-01    1.2301e+00
 2.6500e-01    1.4278e+02   -6.6094e-01    1.2289e+00
 2.6600e-01    1.4284e+02   -6.5962e-01    1.2281e+00
 2.6700e-01    1.4290e+02   -6.5842e-01    1.2271e+00
 2.6800e-01    1.4295e+02   -6.5731e-01    1.2263e+00
 2.6900e-01    1.4301e+02   -6.5634e-01    1.2254e+00
 2.7000e-01    1.4305e+02   -6.5549e-01    1.2248e+00
 2.7100e-01    1.4310e+02   -6.5479e-01    1.2238e+00
 2.7200e-01    1.4314e+02   -6.5427e-01    1.2233e+00
 2.7300e-01    1.4317e+02   -6.5389e-01    1.2229e+00
 2.7400e-01    1.4320e+02   -6.5366e-01    1.2223e+00
 2.7500e-01    1.4323e+02   -6.5355e-01    1.2219e+00
 2.7600e-01    1.4325e+02   -6.5356e-01    1.2218e+00
 2.7700e-01    1.4327e+02   -6.5365e-01    1.2211e+00
 2.7800e-01    1.4328e+02   -6.5380e-01    1.2209e+00
 2.7900e-01    1.4330e+02   -6.5398e-01    1.2208e+00
 2.8000e-01    1.4331e+02   -6.5421e-01    1.2205e+00
 2.8100e-01    1.4333e+02   -6.5444e-01    1.2203e+00
 2.8200e-01    1.4334e+02   -6.5461e-01    1.2200e+00
 2.8300e-01    1.4336e+02   -6.5474e-01    1.2196e+00
 2.8400e-01    1.4338e+02   -6.5481e-01    1.2195e+00
 2.8500e-01    1.4339e+02   -6.5480e-01    1.2191e+00
 2.8600e-01    1.4342e+02   -6.5471e-01    1.2186e+00
 2.8700e-01    1.4344e+02   -6.5452e-01    1.2183e+00
 2.8800e-01    1.4347e+02   -6.5423e-01    1.2179e+00
 2.8900e-01    1.4350e+02   -6.5383e-01    1.2172e+00
 2.9000e-01    1.4354e+02   -6.5333e-01    1.2167e+00
 2.9100e-01    1.4358e+02   -6.5270e-01    1.2160e+00
 2.9200e-01    1.4362e+02   -6.5196e-01    1.2154e+00
 2.9300e-01    1.4367e+02   -6.5112e-01    1.2146e+00
 2.9400e-01    1.4372e+02   -6.5021e-01    1.2137e+00
 2.9500e-01    1.4377e+02   -6.4920e-01    1.2130e+00
 2.9600e-01    1.4383e+02   -6.4810e-01    1.2120e+00
 2.9700e-01    1.4389e+02   -6.4695e-01    1.2112e+00
 2.9800e-01    1.4395e+02   -6.4574e-01    1.2103e+00
 2.9900e-01    1.4401e+02   -6.4448e-01    1.2094e+00
 3.0000e-01    1.4407e+02   -6.4320e-01    1.2083e+00
 3.0100e-01    1.4413e+02   -6.4194e-01    1.2073e+00
 3.0200e-01    1.4419e+02   -6.4071e-01    1.2066e+00
 3.0300e-01    1.4424e+02   -6.3955e-01    1.2055e+00
 3.0400e-01    1.4429e+02   -6.3849e-01    1.2047e+00
 3.0500e-01    1.4434e+02   -6.3754e-01    1.2038e+00
 3.0600e-01    1.4438e+02   -6.3675e-01    1.2032e+00
 3.0700e-01    1.4442e+02   -6.3613e-01    1.2025e+00
 3.0800e-01    1.4445e+02   -6.3567e-01    1.2020e+00
 3.0900e-01    1.4448e+02   -6.3537e-01    1.2016e+00
 3.1000e-01    1.4450e+02   -6.3522e-01    1.2011e+00
 3.1100e-01    1.4452e+02   -6.3523e-01    1.2010e+00
 3.1200e-01    1.4453e+02   -6.3537e-01    1.2006e+00
 3.1300e-01    1.4454e+02   -6.3562e-01    1.2005e+00
 3.1400e-01    1.4455e+02   -6.3595e-01    1.2004e+00
 3.1500e-01    1.4456e+02   -6.3634e-01    1.2002e+00
 3.1600e-01    1.4456e+02   -6.3678e-01    1.2000e+00
 3.1700e-01    1.4457e+02   -6.3721e-01    1.2000e+00
 3.1800e-01    1.4457e+02   -6.3761e-01    1.2000e+00
 3.1900e-01    1.4458e+02   -6.3792e-01    1.1997e+00
 3.2000e-01    1.4459e+02   -6.3815e-01    1.1995e+00
 3.2100e-01    1.4461e+02   -6.3826e-01    1.1993e+00
 3.2200e-01    1.4463e+02   -6.3825e-01    1.1990e+00
 3.2300e-01    1.4465e+02   -6.3811e-01    1.1986e+00
 3.2400e-01    1.4468e+02   -6.3784e-01    1.1981e+00
 3.2500e-01    1.4471e+02   -6.3740e-01    1.1976e+00
 3.2600e-01    1.4475e+02   -6.3681e-01    1.1971e+00
 3.2700e-01    1.4479e+02   -6.3603e-01    1.1963e+00
 3.2800e-01    1.4483e+02   -6.3511e-01    1.1955e+00
 3.2900e-01    1.4488e+02   -6.3402e-01    1.1947e+00
 3.3000e-01    1.4494e+02   -6.3280e-01    1.1937e+00
 3.3100e-01    1.4499e+02   -6.3149e-01    1.1929e+00
 3.3200e-01    1.4505e+02   -6.3012e-01    1.1917e+00
 3.3300e-01    1.4511e+02   -6.2873e-01    1.1908e+00
 3.3400e-01    1.4517e+02   -6.2734e-01    1.1898e+00
 3.3500e-01    1.4522e+02   -6.2604e-01    1.1887e+00
 3.3600e-01    1.4527e+02   -6.2484e-01    1.1881e+00
 3.3700e-01    1.4532e+02   -6.2377e-01    1.1870e+00
 3.3800e-01    1.4537e+02   -6.2285e-01    1.1862e+00
 3.3900e-01    1.4540e+02   -6.2214e-01    1.1858e+00
 3.4000e-01    1.4543e+02   -6.2163e-01    1.1850e+00
 3.4100e-01    1.4546e+02   -6.2132e-01    1.1846e+00
 3.4200e-01    1.4548e+02   -6.2120e-01    1.1843e+00
 3.4300e-01    1.4550e+02   -6.2129e-01    1.1840e+00
 3.4400e-01    1.4550e+02   -6.2153e-01    1.1837e+00
 3.4500e-01    1.4551e+02   -6.2195e-01    1.1837e+00
 3.4600e-01    1.4551e+02   -6.2247e-01    1.1839e+00
 3.4700e-01    1.4551e+02   -6.2308e-01    1.1837e+00
 3.4800e-01    1.4551e+02   -6.2371e-01    1.1837e+00
 3.4900e-01    1.4551e+02   -6.2437e-01    1.1838e+00
 3.5000e-01    1.4551e+02   -6.2498e-01    1.1837e+00
 3.5100e-01    1.4552e+02   -6.2546e-01    1.1838e+00
 3.5200e-01    1.4552e+02   -6.2581e-01    1.1837e+00
 3.5300e-01    1.4553e+02   -6.2600e-01    1.1833e+00
 3.5400e-01    1.4555e+02   -6.2601e-01    1.1833e+00
 3.5500e-01    1.4557e+02   -6.2584e-01    1.1827e+00
 3.5600e-01    1.4560e+02   -6.2550e-01    1.1822e+00
 3.5700e-01    1.4563e+02   -6.2496e-01    1.1818e+00
 3.5800e-01    1.4567e+02   -6.2426e-01    1.1811e+00
 3.5900e-01    1.4571e+02   -6.2341e-01    1.1804e+00
 3.6000e-01    1.4575e+02   -6.2241e-01    1.1795e+00
 3.6100e-01    1.4580e+02   -6.2130e-01    1.1787e+00
 3.6200e-01    1.4586e+02   -6.2012e-01    1.1779e+00
 3.6300e-01    1.4591e+02   -6.1887e-01    1.1768e+00
 3.6400e-01    1.4596e+02   -6.1761e-01    1.1760e+00
 3.6500e-01    1.4602e+02   -6.1637e-01    1.1750e+00
 3.6600e-01    1.4607e+02   -6.1517e-01    1.1741e+00
 3.6700e-01    1.4612e+02   -6.1403e-01    1.1733e+00
 3.6800e-01    1.4617e+02   -6.1302e-01    1.1724e+00
 3.6900e-01    1.4621e+02   -6.1216e-01    1.1718e+00
 3.7000e-01    1.4624e+02   -6.1146e-01    1.1712e+00
 3.7100e-01    1.4628e+02   -6.1094e-01    1.1705e+00
 3.7200e-01    1.4630e+02   -6.1060e-01    1.1701e+00
 3.7300e-01    1.4632e+02   -6.1046e-01    1.1698e+00
 3.7400e-01    1.4634e+02   -6.1051e-01    1.1695e+00
 3.7500e-01    1.4635e+02   -6.1072e-01    1.1694e+00
 3.7600e-01    1.4635e+02   -6.1111e-01    1.1692e+00
 3.7700e-01    1.4635e+02   -6.1170e-01    1.1693e+00
 3.7800e-01    1.4635e+02   -6.1241e-01    1.1692e+00
 3.7900e-01    1.4634e+02   -6.1323e-01    1.1695e+00
 3.8000e-01    1.4633e+02   -6.1412e-01    1.1695e+00
 3.8100e-01    1.4632e+02   -6.1500e-01    1.1697e+00
 3.8200e-01    1.4631e+02   -6.1581e-01    1.1699e+00
 3.8300e-01    1.4631e+02   -6.1650e-01    1.1700e+00
 3.8400e-01    1.4631e+02   -6.1701e-01    1.1699e+00
 3.8500e-01    1.4632e+02   -6.1729e-01    1.1699e+00
 3.8600e-01    1.4634e+02   -6.1734e-01    1.1696e+00
 3.8700e-01    1.4636e+02   -6.1712e-01    1.1692e+00
 3.8800e-01    1.4639e+02   -6.1661e-01    1.1686e+00
 3.8900e-01    1.4643e+02   -6.1580e-01    1.1681e+00
 3.9000e-01    1.4648e+02   -6.1472e-01    1.1672e+00
 3.9100e-01    1.4653e+02   -6.1342e-01    1.1663e+00
 3.9200e-01    1.4659e+02   -6.1191e-01    1.1652e+00
 3.9300e-01    1.4665e+02   -6.1024e-01    1.1641e+00
 3.9400e-01    1.4671e+02   -6.0852e-01    1.1632e+00
 3.9500e-01    1.4678e+02   -6.0677e-01    1.1620e+00
 3.9600e-01    1.4684e+02   -6.0506e-01    1.1609e+00
 3.9700e-01    1.4691e+02   -6.0344e-01    1.1598e+00
 3.9800e-01    1.4696e+02   -6.0198e-01    1.1587e+00
 3.9900e-01    1.4701e+02   -6.0070e-01    1.1580e+00
 4.0000e-01    1.4706e+02   -5.9968e-01    1.1569e+00
 4.0100e-01    1.4709e+02   -5.9896e-01    1.1564e+00
 4.0200e-01    1.4712e+02   -5.9854e-01    1.1560e+00
 4.0300e-01    1.4714e+02   -5.9845e-01    1.1557e+00
 4.0400e-01    1.4715e+02   -5.9870e-01    1.1555e+00
 4.0500e-01    1.4715e+02   -5.9927e-01    1.1555e+00
 4.0600e-01    1.4714e+02   -6.0011e-01    1.1555e+00
 4.0700e-01    1.4712e+02   -6.0115e-01    1.1560e+00
 4.0800e-01    1.4711e+02   -6.0234e-01    1.1561e+00
 4.0900e-01    1.4709e+02   -6.0360e-01    1.1564e+00
 4.1000e-01    1.4707e+02   -6.0485e-01    1.1568e+00
 4.1100e-01    1.4705e+02   -6.0602e-01    1.1570e+00
 4.1200e-01    1.4704e+02   -6.0705e-01    1.1574e+00
 4.1300e-01    1.4703e+02   -6.0786e-01    1.1575e+00
 4.1400e-01    1.4703e+02   -6.0840e-01    1.1576e+00
 4.1500e-01    1.4704e+02   -6.0866e-01    1.1573e+00
 4.1600e-01    1.4705e+02   -6.0860e-01    1.1572e+00
 4.1700e-01    1.4708e+02   -6.0820e-01    1.1567e+00
 4.1800e-01    1.4711e+02   -6.0748e-01    1.1559e+00
 4.1900e-01    1.4716e+02   -6.0644e-01    1.1553e+00
 4.2000e-01    1.4721e+02   -6.0511e-01    1.1544e+00
 4.2100e-01    1.4726e+02   -6.0356e-01    1.1533e+00
 4.2200e-01    1.4733e+02   -6.0183e-01    1.1521e+00
 4.2300e-01    1.4739e+02   -6.0000e-01    1.1512e+00
 4.2400e-01    1.4746e+02   -5.9814e-01    1.1498e+00
 4.2500e-01    1.4752e+02   -5.9632e-01    1.1488e+00
 4.2600e-01    1.4758e+02   -5.9465e-01    1.1477e+00
 4.2700e-01    1.4764e+02   -5.9317e-01    1.1467e+00
 4.2800e-01    1.4768e+02   -5.9196e-01    1.1458e+00
 4.2900e-01    1.4772e+02   -5.9104e-01    1.1451e+00
 4.3000e-01    1.4776e+02   -5.9044e-01    1.1445e+00
 4.3100e-01    1.4778e+02   -5.9016e-01    1.1441e+00
 4.3200e-01    1.4779e+02   -5.9022e-01    1.1439e+00
 4.3300e-01    1.4780e+02   -5.9060e-01    1.1437e+00
 4.3400e-01    1.4780e+02   -5.9126e-01    1.1440e+00
 4.3500e-01    1.4779e+02   -5.9217e-01    1.1442e+00
 4.3600e-01    1.4777e+02   -5.9326e-01    1.1443e+00
 4.3700e-01    1.4775e+02   -5.9445e-01    1.1448e+00
 4.3800e-01    1.4773e+02   -5.9568e-01    1.1451e+00
 4.3900e-01    1.4771e+02   -5.9687e-01    1.1452e+00
 4.4000e-01    1.4770e+02   -5.9799e-01    1.1458e+00
 4.4100e-01    1.4768e+02   -5.9890e-01    1.1457e+00
 4.4200e-01    1.4768e+02   -5.9957e-01    1.1461e+00
 4.4300e-01    1.4768e+02   -5.9995e-01    1.1459e+00
 4.4400e-01    1.4769e+02   -6.0004e-01    1.1457e+00
 4.4500e-01    1.4771e+02   -5.9982e-01    1.1454e+00
 4.4600e-01    1.4774e+02   -5.9928e-01    1.1449e+00
 4.4700e-01    1.4778e+02   -5.9844e-01    1.1442e+00
 4.4800e-01    1.4782e+02   -5.9734e-01    1.1435e+00
 4.4900e-01    1.4787e+02   -5.9602e-01    1.1425e+00
 4.5000e-01    1.4793e+02   -5.9453e-01    1.1415e+00
 4.5100e-01    1.4799e+02   -5.9294e-01    1.1404e+00
 4.5200e-01    1.4805e+02   -5.9127e-01    1.1393e+00
 4.5300e-01    1.4811e+02   -5.8960e-01    1.1383e+00
 4.5400e-01    1.4817e+02   -5.8799e-01    1.1372e+00
 4.5500e-01    1.4822e+02   -5.8649e-01    1.1363e+00
 4.5600e-01    1.4827e+02   -5.8520e-01    1.1353e+00
 4.5700e-01    1.4831e+02   -5.8418e-01    1.1345e+00
 4.5800e-01    1.4834e+02   -5.8349e-01    1.1339e+00
 4.5900e-01    1.4837e+02   -5.8313e-01    1.1335e+00
 4.6000e-01    1.4838e+02   -5.8310e-01    1.1332e+00
 4.6100e-01    1.4838e+02   -5.8339e-01    1.1332e+00
 4.6200e-01    1.4838e+02   -5.8398e-01    1.1332e+00
 4.6300e-01    1.4837e+02   -5.8481e-01    1.1333e+00
 4.6400e-01    1.4836e+02   -5.8581e-01    1.1337e+00
 4.6500e-01    1.4834e+02   -5.8695e-01    1.1340e+00
 4.6600e-01    1.4832e+02   -5.8815e-01    1.1344e+00
 4.6700e-01    1.4830e+02   -5.8936e-01    1.1347e+00
 4.6800e-01    1.4828e+02   -5.9049e-01    1.1350e+00
 4.6900e-01    1.4827e+02   -5.9147e-01    1.1353e+00
 4.7000e-01    1.4826e+02   -5.9222e-01    1.1354e+00
 4.7100e-01    1.4826e+02   -5.9267e-01    1.1354e+00
 4.7200e-01    1.4827e+02   -5.9280e-01    1.1352e+00
 4.7300e-01    1.4829e+02   -5.9260e-01    1.1349e+00
 4.7400e-01    1.4831e+02   -5.9211e-01    1.1344e+00
 4.7500e-01    1.4834e+02   -5.9133e-01    1.1339e+00
 4.7600e-01    1.4838e+02   -5.9031e-01    1.1330e+00
 4.7700e-01    1.4843e+02   -5.8908e-01    1.1322e+00
 4.7800e-01    1.4848e+02   -5.8770e-01    1.1313e+00
 4.7900e-01    1.4853e+02   -5.8622e-01    1.1303e+00
 4.8000e-01    1.4859e+02   -5.8473e-01    1.1294e+00
 4.8100e-01    1.4864e+02   -5.8328e-01    1.1284e+00
 4.8200e-01    1.4869e+02   -5.8193e-01    1.1274e+00
 4.8300e-01    1.4873e+02   -5.8071e-01    1.1267e+00
 4.8400e-01    1.4877e+02   -5.7971e-01    1.1258e+00
 4.8500e-01    1.4881e+02   -5.7897e-01    1.1253e+00
 4.8600e-01    1.4883e+02   -5.7852e-01    1.1248e+00
 4.8700e-01    1.4885e+02   -5.7835e-01    1.1244e+00
 4.8800e-01    1.4886e+02   -5.7847e-01    1.1242e+00
 4.8900e-01    1.4886e+02   -5.7884e-01    1.1241e+00
 4.9000e-01    1.4886e+02   -5.7951e-01    1.1245e+00
 4.9100e-01    1.4885e+02   -5.8033e-01    1.1245e+00
 4.9200e-01    1.4884e+02   -5.8124e-01    1.1248e+00
 4.9300e-01    1.4882e+02   -5.8219e-01    1.1251e+00
 4.9400e-01    1.4881e+02   -5.8311e-01    1.1253e+00
 4.9500e-01    1.4880e+02   -5.8393e-01    1.1255e+00
 4.9600e-01    1.4879e+02   -5.8459e-01    1.1255e+00
 4.9700e-01    1.4879e+02   -5.8505e-01    1.1257e+00
 4.9800e-01    1.4880e+02   -5.8529e-01    1.1254e+00
 4.9900e-01    1.4881e+02   -5.8527e-01    1.1252e+00
 5.0000e-01    1.4883e+02   -5.8498e-01    1.1247e+00
 5.0100e-01    1.4885e+02   -5.8444e-01    1.1244e+00
 5.0200e-01    1.4888e+02   -5.8364e-01    1.1237e+00
 5.0300e-01    1.4892e+02   -5.8262e-01    1.1230e+00
 5.0400e-01    1.4897e+02   -5.8144e-01    1.1222e+00
 5.0500e-01    1.4902e+02   -5.8016e-01    1.1212e+00
 5.0600e-01    1.4907e+02   -5.7880e-01    1.1205e+00
 5.0700e-01    1.4912e+02   -5.7743e-01    1.1195e+00
 5.0800e-01    1.4917e+02   -5.7610e-01    1.1186e+00
 5.0900e-01    1.4921e+02   -5.7491e-01    1.1178e+00
 5.1000e-01    1.4925e+02   -5.7392e-01    1.1171e+00
 5.1100e-01    1.4929e+02   -5.7313e-01    1.1165e+00
 5.1200e-01    1.4931e+02   -5.7260e-01    1.1160e+00
 5.1300e-01    1.4933e+02   -5.7236e-01    1.1158e+00
 5.1400e-01    1.4934e+02   -5.7240e-01    1.1154e+00
 5.1500e-01    1.4934e+02   -5.7268e-01    1.1152e+00
 5.1600e-01    1.4934e+02   -5.7320e-01    1.1155e+00
 5.1700e-01    1.4933e+02   -5.7391e-01    1.1156e+00
 5.1800e-01    1.4932e+02   -5.7476e-01    1.1159e+00
 5.1900e-01    1.4931e+02   -5.7568e-01    1.1161e+00
 5.2000e-01    1.4929e+02   -5.7662e-01    1.1163e+00
 5.2100e-01    1.4928e+02   -5.7752e-01    1.1165e+00
 5.2200e-01    1.4927e+02   -5.7834e-01    1.1167e+00
 5.2300e-01    1.4926e+02   -5.7903e-01    1.1169e+00
 5.2400e-01    1.4926e+02   -5.7953e-01    1.1168e+00
 5.2500e-01    1.4927e+02   -5.7979e-01    1.1168e+00
 5.2600e-01    1.4928e+02   -5.7981e-01    1.1167e+00
 5.2700e-01    1.4929e+02   -5.7956e-01    1.1163e+00
 5.2800e-01    1.4932e+02   -5.7907e-01    1.1158e+00
 5.2900e-01    1.4935e+02   -5.7832e-01    1.1152e+00
 5.3000e-01    1.4939e+02   -5.7735e-01    1.1144e+00
 5.3100e-01    1.4943e+02   -5.7621e-01    1.1138e+00
 5.3200e-01    1.4947e+02   -5.7495e-01    1.1128e+00
 5.3300e-01    1.4952e+02   -5.7363e-01    1.1120e+00
 5.3400e-01    1.4957e+02   -5.7232e-01    1.1111e+00
 5.3500e-01    1.4961e+02   -5.7109e-01    1.1103e+00
 5.3600e-01    1.4965e+02   -5.6997e-01    1.1095e+00
 5.3700e-01    1.4969e+02   -5.6897e-01    1.1088e+00
 5.3800e-01    1.4973e+02   -5.6817e-01    1.1084e+00
 5.3900e-01    1.4975e+02   -5.6762e-01    1.1077e+00
 5.4000e-01    1.4978e+02   -5.6732e-01    1.1075e+00
 5.4100e-01    1.4979e+02   -5.6725e-01    1.1071e+00
 5.4200e-01    1.4980e+02   -5.6740e-01    1.1070e+00
 5.4300e-01    1.4980e+02   -5.6776e-01    1.1070e+00
 5.4400e-01    1.4980e+02   -5.6829e-01    1.1070e+00
 5.4500e-01    1.4979e+02   -5.6894e-01    1.1071e+00
 5.4600e-01    1.4978e+02   -5.6969e-01    1.1073e+00
 5.4700e-01    1.4977e+02   -5.7049e-01    1.1075e+00
 5.4800e-01    1.4976e+02   -5.7127e-01    1.1076e+00
 5.4900e-01    1.4976e+02   -5.7199e-01    1.1077e+00
 5.5000e-01    1.4975e+02   -5.7259e-01    1.1079e+00
 5.5100e-01    1.4975e+02   -5.7304e-01    1.1079e+00
 5.5200e-01    1.4976e+02   -5.7328e-01    1.1078e+00
 5.5300e-01    1.4977e+02   -5.7327e-01    1.1077e+00
 5.5400e-01    1.4979e+02   -5.7303e-01    1.1073e+00
 5.5500e-01    1.4981e+02   -5.7254e-01    1.1069e+00
 5.5600e-01    1.4984e+02   -5.7183e-01    1.1063e+00
 5.5700e-01    1.4988e+02   -5.7093e-01    1.1057e+00
 5.5800e-01    1.4992e+02   -5.6983e-01    1.1050e+00
 5.5900e-01    1.4997e+02   -5.6859e-01    1.1041e+00
 5.6000e-01    1.5002e+02   -5.6727e-01    1.1032e+00
 5.6100e-01    1.5007e+02   -5.6592e-01    1.1025e+00
 5.6200e-01    1.5011e+02   -5.6459e-01    1.1014e+00
 5.6300e-01    1.5016e+02   -5.6336e-01    1.1007e+00
 5.6400e-01    1.5020e+02   -5.6231e-01    1.1000e+00
 5.6500e-01    1.5024e+02   -5.6150e-01    1.0994e+00
 5.6600e-01    1.5026e+02   -5.6096e-01    1.0988e+00
 5.6700e-01    1.5028e+02   -5.6073e-01    1.0986e+00
 5.6800e-01    1.5029e+02   -5.6079e-01    1.0984e+00
 5.6900e-01    1.5030e+02   -5.6114e-01    1.0983e+00
 5.7000e-01    1.5029e+02   -5.6173e-01    1.0985e+00
 5.7100e-01    1.5029e+02   -5.6252e-01    1.0987e+00
 5.7200e-01    1.5027e+02   -5.6346e-01    1.0990e+00
 5.7300e-01    1.5026e+02   -5.6443e-01    1.0992e+00
 5.7400e-01    1.5025e+02   -5.6536e-01    1.0995e+00
 5.7500e-01    1.5023e+02   -5.6619e-01    1.0998e+00
 5.7600e-01    1.5022e+02   -5.6689e-01    1.0999e+00
 5.7700e-01    1.5022e+02   -5.6739e-01    1.1000e+00
 5.7800e-01    1.5022e+02   -5.6764e-01    1.0999e+00
 5.7900e-01    1.5023e+02   -5.6763e-01    1.0997e+00
 5.8000e-01    1.5025e+02   -5.6737e-01    1.0994e+00
 5.8100e-01    1.5027e+02   -5.6683e-01    1.0989e+00
 5.8200e-01    1.5030e+02   -5.6604e-01    1.0983e+00
 5.8300e-01    1.5034e+02   -5.6503e-01    1.0977e+00
 5.8400e-01    1.5038e+02   -5.6384e-01    1.0969e+00
 5.8500e-01    1.5043e+02   -5.6254e-01    1.0961e+00
 5.8600e-01    1.5048e+02   -5.6116e-01    1.0951e+00
 5.8700e-01    1.5052e+02   -5.5982e-01    1.0942e+00
 5.8800e-01    1.5056e+02   -5.5862e-01    1.0934e+00
 5.8900e-01    1.5060e+02   -5.5760e-01    1.0928e+00
 5.9000e-01    1.5063e+02   -5.5684e-01    1.0922e+00
 5.9100e-01    1.5065e+02   -5.5635e-01    1.0916e+00
 5.9200e-01    1.5067e+02   -5.5617e-01    1.0915e+00
 5.9300e-01    1.5067e+02   -5.5625e-01    1.0913e+00
 5.9400e-01    1.5067e+02   -5.5662e-01    1.0913e+00
 5.9500e-01    1.5067e+02   -5.5721e-01    1.0913e+00
 5.9600e-01    1.5066e+02   -5.5800e-01    1.0916e+00
 5.9700e-01    1.5064e+02   -5.5894e-01    1.0919e+00
 5.9800e-01    1.5063e+02   -5.5994e-01    1.0922e+00
 5.9900e-01    1.5061e+02   -5.6093e-01    1.0925e+00
 6.0000e-01    1.5060e+02   -5.6185e-01    1.0927e+00
 6.0100e-01    1.5059e+02   -5.6261e-01    1.0931e+00
 6.0200e-01    1.5059e+02   -5.6313e-01    1.0929e+00
 6.0300e-01    1.5059e+02   -5.6338e-01    1.0930e+00
 6.0400e-01    1.5060e+02   -5.6330e-01    1.0928e+00
 6.0500e-01    1.5062e+02   -5.6288e-01    1.0924e+00
 6.0600e-01    1.5065e+02   -5.6219e-01    1.0919e+00
 6.0700e-01    1.5068e+02   -5.6123e-01    1.0912e+00
 6.0800e-01    1.5072e+02   -5.6010e-01    1.0904e+00
 6.0900e-01    1.5076e+02   -5.5887e-01    1.0896e+00
 6.1000e-01    1.5080e+02   -5.5758e-01    1.0888e+00
 6.1100e-01    1.5084e+02   -5.5633e-01    1.0880e+00
 6.1200e-01    1.5088e+02   -5.5516e-01    1.0872e+00
 6.1300e-01    1.5091e+02   -5.5415e-01    1.0865e+00
 6.1400e-01    1.5095e+02   -5.5332e-01    1.0861e+00
 6.1500e-01    1.5097e+02   -5.5273e-01    1.0856e+00
 6.1600e-01    1.5099e+02   -5.5242e-01    1.0852e+00
 6.1700e-01    1.5099e+02   -5.5235e-01    1.0849e+00
 6.1800e-01    1.5100e+02   -5.5257e-01    1.0849e+00
 6.1900e-01    1.5099e+02   -5.5305e-01    1.0849e+00
 6.2000e-01    1.5098e+02   -5.5374e-01    1.0850e+00
 6.2100e-01    1.5097e+02   -5.5458e-01    1.0853e+00
 6.2200e-01    1.5095e+02   -5.5550e-01    1.0856e+00
 6.2300e-01    1.5094e+02   -5.5641e-01    1.0860e+00
 6.2400e-01    1.5092e+02   -5.5726e-01    1.0862e+00
 6.2500e-01    1.5091e+02   -5.5797e-01    1.0864e+00
 6.2600e-01    1.5091e+02   -5.5853e-01    1.0864e+00
 6.2700e-01    1.5091e+02   -5.5887e-01    1.0865e+00
 6.2800e-01    1.5091e+02   -5.5899e-01    1.0864e+00
 6.2900e-01    1.5092e+02   -5.5886e-01    1.0861e+00
 6.3000e-01    1.5094e+02   -5.5851e-01    1.0858e+00
 6.3100e-01    1.5097e+02   -5.5792e-01    1.0853e+00
 6.3200e-01    1.5099e+02   -5.5712e-01    1.0847e+00
 6.3300e-01    1.5103e+02   -5.5616e-01    1.0841e+00
 6.3400e-01    1.5107e+02   -5.5506e-01    1.0833e+00
 6.3500e-01    1.5111e+02   -5.5387e-01    1.0826e+00
 6.3600e-01    1.5115e+02   -5.5267e-01    1.0817e+00
 6.3700e-01    1.5119e+02   -5.5151e-01    1.0810e+00
 6.3800e-01    1.5122e+02   -5.5045e-01    1.0802e+00
 6.3900e-01    1.5125e+02   -5.4964e-01    1.0797e+00
 6.4000e-01    1.5127e+02   -5.4906e-01    1.0792e+00
 6.4100e-01    1.5129e+02   -5.4873e-01    1.0788e+00
 6.4200e-01    1.5130e+02   -5.4871e-01    1.0786e+00
 6.4300e-01    1.5130e+02   -5.4902e-01    1.0787e+00
 6.4400e-01    1.5129e+02   -5.4962e-01    1.0788e+00
 6.4500e-01    1.5127e+02   -5.5049e-01    1.0789e+00
 6.4600e-01    1.5126e+02   -5.5159e-01    1.0794e+00
 6.4700e-01    1.5123e+02   -5.5280e-01    1.0799e+00
 6.4800e-01    1.5121e+02   -5.5405e-01    1.0802e+00
 6.4900e-01    1.5118e+02   -5.5524e-01    1.0808e+00
 6.5000e-01    1.5116e+02   -5.5631e-01    1.0812e+00
 6.5100e-01    1.5115e+02   -5.5719e-01    1.0813e+00
 6.5200e-01    1.5114e+02   -5.5781e-01    1.0815e+00
 6.5300e-01    1.5114e+02   -5.5811e-01    1.0815e+00
 6.5400e-01    1.5115e+02   -5.5807e-01    1.0813e+00
 6.5500e-01    1.5117e+02   -5.5768e-01    1.0808e+00
 6.5600e-01    1.5119e+02   -5.5695e-01    1.0805e+00
 6.5700e-01    1.5123e+02   -5.5589e-01    1.0798e+00
 6.5800e-01    1.5127e+02   -5.5457e-01    1.0788e+00
 6.5900e-01    1.5132e+02   -5.5307e-01    1.0780e+00
 6.6000e-01    1.5137e+02   -5.5144e-01    1.0769e+00
 6.6100e-01    1.5142e+02   -5.4977e-01    1.0760e+00
 6.6200e-01    1.5147e+02   -5.4818e-01    1.0750e+00
 6.6300e-01    1.5152e+02   -5.4676e-01    1.0740e+00
 6.6400e-01    1.5155e+02   -5.4559e-01    1.0734e+00
 6.6500e-01    1.5158e+02   -5.4478e-01    1.0728e+00
 6.6600e-01    1.5160e+02   -5.4436e-01    1.0724e+00
 6.6700e-01    1.5161e+02   -5.4435e-01    1.0723e+00
 6.6800e-01    1.5161e+02   -5.4476e-01    1.0723e+00
 6.6900e-01    1.5160e+02   -5.4556e-01    1.0724e+00
 6.7000e-01    1.5158e+02   -5.4667e-01    1.0729e+00
 6.7100e-01    1.5155e+02   -5.4802e-01    1.0734e+00
 6.7200e-01    1.5152e+02   -5.4952e-01    1.0739e+00
 6.7300e-01    1.5149e+02   -5.5102e-01    1.0745e+00
 6.7400e-01    1.5147e+02   -5.5240e-01    1.0751e+00
 6.7500e-01    1.5144e+02   -5.5353e-01    1.0755e+00
 6.7600e-01    1.5143e+02   -5.5435e-01    1.0757e+00
 6.7700e-01    1.5143e+02   -5.5477e-01    1.0758e+00
 6.7800e-01    1.5144e+02   -5.5477e-01    1.0757e+00
 6.7900e-01    1.5146e+02   -5.5436e-01    1.0752e+00
 6.8000e-01    1.5149e+02   -5.5354e-01    1.0747e+00
 6.8100e-01    1.5152e+02   -5.5237e-01    1.0740e+00
 6.8200e-01    1.5157e+02   -5.5090e-01    1.0730e+00
 6.8300e-01    1.5162e+02   -5.4925e-01    1.0720e+00
 6.8400e-01    1.5167e+02   -5.4752e-01    1.0711e+00
 6.8500e-01    1.5172e+02   -5.4584e-01    1.0702e+00
 6.8600e-01    1.5177e+02   -5.4432e-01    1.0691e+00
 6.8700e-01    1.5181e+02   -5.4304e-01    1.0684e+00
 6.8800e-01    1.5184e+02   -5.4211e-01    1.0677e+00
 6.8900e-01    1.5186e+02   -5.4156e-01    1.0672e+00
 6.9000e-01    1.5187e+02   -5.4144e-01    1.0670e+00
 6.9100e-01    1.5187e+02   -5.4175e-01    1.0670e+00
 6.9200e-01    1.5186e+02   -5.4243e-01    1.0671e+00
 6.9300e-01    1.5185e+02   -5.4341e-01    1.0674e+00
 6.9400e-01    1.5182e+02   -5.4464e-01    1.0679e+00
 6.9500e-01    1.5180e+02   -5.4601e-01    1.0685e+00
 6.9600e-01    1.5177e+02   -5.4742e-01    1.0689e+00
 6.9700e-01    1.5174e+02   -5.4878e-01    1.0695e+00
 6.9800e-01    1.5171e+02   -5.5001e-01    1.0700e+00
 6.9900e-01    1.5169e+02   -5.5099e-01    1.0702e+00
 7.0000e-01    1.5168e+02   -5.5168e-01    1.0704e+00
 7.0100e-01    1.5168e+02   -5.5201e-01    1.0706e+00
 7.0200e-01    1.5169e+02   -5.5196e-01    1.0703e+00
 7.0300e-01    1.5170e+02   -5.5156e-01    1.0701e+00
 7.0400e-01    1.5173e+02   -5.5079e-01    1.0694e+00
 7.0500e-01    1.5177e+02   -5.4968e-01    1.0687e+00
 7.0600e-01    1.5181e+02   -5.4829e-01    1.0679e+00
 7.0700e-01    1.5186e+02   -5.4671e-01    1.0670e+00
 7.0800e-01    1.5191e+02   -5.4505e-01    1.0660e+00
 7.0900e-01    1.5196e+02   -5.4341e-01    1.0650e+00
 7.1000e-01    1.5200e+02   -5.4190e-01    1.0641e+00
 7.1100e-01    1.5204e+02   -5.4064e-01    1.0633e+00
 7.1200e-01    1.5208e+02   -5.3969e-01    1.0626e+00
 7.1300e-01    1.5210e+02   -5.3913e-01    1.0622e+00
 7.1400e-01    1.5211e+02   -5.3902e-01    1.0619e+00
 7.1500e-01    1.5211e+02   -5.3936e-01    1.0620e+00
 7.1600e-01    1.5210e+02   -5.4012e-01    1.0623e+00
 7.1700e-01    1.5207e+02   -5.4124e-01    1.0627e+00
 7.1800e-01    1.5205e+02   -5.4259e-01    1.0631e+00
 7.1900e-01    1.5202e+02   -5.4409e-01    1.0639e+00
 7.2000e-01    1.5199e+02   -5.4564e-01    1.0644e+00
 7.2100e-01    1.5196e+02   -5.4711e-01    1.0651e+00
 7.2200e-01    1.5193e+02   -5.4841e-01    1.0656e+00
 7.2300e-01    1.5192e+02   -5.4941e-01    1.0658e+00
 7.2400e-01    1.5191e+02   -5.5000e-01    1.0659e+00
 7.2500e-01    1.5192e+02   -5.5016e-01    1.0660e+00
 7.2600e-01    1.5194e+02   -5.4982e-01    1.0656e+00
 7.2700e-01    1.5197e+02   -5.4901e-01    1.0652e+00
 7.2800e-01    1.5201e+02   -5.4775e-01    1.0643e+00
 7.2900e-01    1.5206e+02   -5.4612e-01    1.0633e+00
 7.3000e-01    1.5212e+02   -5.4421e-01    1.0624e+00
 7.3100e-01    1.5218e+02   -5.4211e-01    1.0610e+00
 7.3200e-01    1.5225e+02   -5.3997e-01    1.0598e+00
 7.3300e-01    1.5230e+02   -5.3795e-01    1.0587e+00
 7.3400e-01    1.5235e+02   -5.3617e-01    1.0576e+00
 7.3500e-01    1.5240e+02   -5.3478e-01    1.0568e+00
 7.3600e-01    1.5242e+02   -5.3392e-01    1.0562e+00
 7.3700e-01    1.5244e+02   -5.3363e-01    1.0560e+00
 7.3800e-01    1.5244e+02   -5.3392e-01    1.0559e+00
 7.3900e-01    1.5242e+02   -5.3476e-01    1.0561e+00
 7.4000e-01    1.5240e+02   -5.3612e-01    1.0567e+00
 7.4100e-01    1.5236e+02   -5.3786e-01    1.0574e+00
 7.4200e-01    1.5232e+02   -5.3985e-01    1.0582e+00
 7.4300e-01    1.5228e+02   -5.4192e-01    1.0591e+00
 7.4400e-01    1.5223e+02   -5.4389e-01    1.0598e+00
 7.4500e-01    1.5220e+02   -5.4561e-01    1.0607e+00
 7.4600e-01    1.5217e+02   -5.4695e-01    1.0612e+00
 7.4700e-01    1.5215e+02   -5.4782e-01    1.0612e+00
 7.4800e-01    1.5215e+02   -5.4814e-01    1.0615e+00
 7.4900e-01    1.5217e+02   -5.4789e-01    1.0612e+00
 7.5000e-01    1.5219e+02   -5.4705e-01    1.0605e+00
 7.5100e-01    1.5224e+02   -5.4567e-01    1.0598e+00
 7.5200e-01    1.5229e+02   -5.4386e-01    1.0587e+00
 7.5300e-01    1.5235e+02   -5.4175e-01    1.0575e+00
 7.5400e-01    1.5242e+02   -5.3947e-01    1.0563e+00
 7.5500e-01    1.5249e+02   -5.3719e-01    1.0550e+00
 7.5600e-01    1.5255e+02   -5.3507e-01    1.0537e+00
 7.5700e-01    1.5260e+02   -5.3327e-01    1.0527e+00
 7.5800e-01    1.5265e+02   -5.3190e-01    1.0521e+00
 7.5900e-01    1.5267e+02   -5.3107e-01    1.0513e+00
 7.6000e-01    1.5269e+02   -5.3083e-01    1.0512e+00
 7.6100e-01    1.5269e+02   -5.3121e-01    1.0511e+00
 7.6200e-01    1.5267e+02   -5.3217e-01    1.0515e+00
 7.6300e-01    1.5264e+02   -5.3359e-01    1.0520e+00
 7.6400e-01    1.5261e+02   -5.3535e-01    1.0528e+00
 7.6500e-01    1.5256e+02   -5.3728e-01    1.0536e+00
 7.6600e-01    1.5252e+02   -5.3924e-01    1.0543e+00
 7.6700e-01    1.5248e+02   -5.4106e-01    1.0553e+00
 7.6800e-01    1.5245e+02   -5.4264e-01    1.0559e+00
 7.6900e-01    1.5242e+02   -5.4384e-01    1.0564e+00
 7.7000e-01    1.5241e+02   -5.4459e-01    1.0566e+00
 7.7100e-01    1.5242e+02   -5.4481e-01    1.0566e+00
 7.7200e-01    1.5243e+02   -5.4448e-01    1.0562e+00
 7.7300e-01    1.5246e+02   -5.4359e-01    1.0559e+00
 7.7400e-01    1.5251e+02   -5.4218e-01    1.0548e+00
 7.7500e-01    1.5256e+02   -5.4033e-01    1.0538e+00
 7.7600e-01    1.5263e+02   -5.3818e-01    1.0526e+00
 7.7700e-01    1.5269e+02   -5.3585e-01    1.0514e+00
 7.7800e-01    1.5276e+02   -5.3350e-01    1.0501e+00
 7.7900e-01    1.5282e+02   -5.3127e-01    1.0488e+00
 7.8000e-01    1.5288e+02   -5.2935e-01    1.0477e+00
 7.8100e-01    1.5293e+02   -5.2784e-01    1.0468e+00
 7.8200e-01    1.5296e+02   -5.2684e-01    1.0461e+00
 7.8300e-01    1.5298e+02   -5.2640e-01    1.0458e+00
 7.8400e-01    1.5298e+02   -5.2653e-01    1.0456e+00
 7.8500e-01    1.5297e+02   -5.2722e-01    1.0460e+00
 7.8600e-01    1.5295e+02   -5.2842e-01    1.0463e+00
 7.8700e-01    1.5292e+02   -5.3000e-01    1.0470e+00
 7.8800e-01    1.5288e+02   -5.3183e-01    1.0477e+00
 7.8900e-01    1.5284e+02   -5.3376e-01    1.0487e+00
 7.9000e-01    1.5279e+02   -5.3562e-01    1.0493e+00
 7.9100e-01    1.5276e+02   -5.3732e-01    1.0501e+00
 7.9200e-01    1.5273e+02   -5.3877e-01    1.0508e+00
 7.9300e-01    1.5271e+02   -5.3986e-01    1.0511e+00
 7.9400e-01    1.5270e+02   -5.4049e-01    1.0513e+00
 7.9500e-01    1.5271e+02   -5.4058e-01    1.0513e+00
 7.9600e-01    1.5273e+02   -5.4012e-01    1.0509e+00
 7.9700e-01    1.5276e+02   -5.3915e-01    1.0502e+00
 7.9800e-01    1.5281e+02   -5.3766e-01    1.0495e+00
 7.9900e-01    1.5286e+02   -5.3577e-01    1.0482e+00
 8.0000e-01    1.5292e+02   -5.3361e-01    1.0471e+00
 8.0100e-01    1.5299e+02   -5.3129e-01    1.0459e+00
 8.0200e-01    1.5305e+02   -5.2898e-01    1.0445e+00
 8.0300e-01    1.5311e+02   -5.2686e-01    1.0432e+00
 8.0400e-01    1.5316e+02   -5.2510e-01    1.0424e+00
 8.0500e-01    1.5320e+02   -5.2385e-01    1.0414e+00
 8.0600e-01    1.5322e+02   -5.2320e-01    1.0411e+00
 8.0700e-01    1.5323e+02   -5.2318e-01    1.0409e+00
 8.0800e-01    1.5322e+02   -5.2377e-01    1.0412e+00
 8.0900e-01    1.5320e+02   -5.2489e-01    1.0416e+00
 8.1000e-01    1.5317e+02   -5.2647e-01    1.0424e+00
 8.1100e-01    1.5313e+02   -5.2836e-01    1.0431e+00
 8.1200e-01    1.5308e+02   -5.3039e-01    1.0440e+00
 8.1300e-01    1.5304e+02   -5.3241e-01    1.0448e+00
 8.1400e-01    1.5300e+02   -5.3424e-01    1.0457e+00
 8.1500e-01    1.5297e+02   -5.3576e-01    1.0463e+00
 8.1600e-01    1.5294e+02   -5.3683e-01    1.0467e+00
 8.1700e-01    1.5294e+02   -5.3737e-01    1.0468e+00
 8.1800e-01    1.5294e+02   -5.3737e-01    1.0467e+00
 8.1900e-01    1.5296e+02   -5.3680e-01    1.0464e+00
 8.2000e-01    1.5299e+02   -5.3569e-01    1.0456e+00
 8.2100e-01    1.5304e+02   -5.3410e-01    1.0448e+00
 8.2200e-01    1.5309e+02   -5.3218e-01    1.0437e+00
 8.2300e-01    1.5315e+02   -5.3004e-01    1.0425e+00
 8.2400e-01    1.5321e+02   -5.2785e-01    1.0413e+00
 8.2500e-01    1.5326e+02   -5.2574e-01    1.0401e+00
 8.2600e-01    1.5332e+02   -5.2389e-01    1.0390e+00
 8.2700e-01    1.5336e+02   -5.2246e-01    1.0383e+00
 8.2800e-01    1.5339e+02   -5.2157e-01    1.0375e+00
 8.2900e-01    1.5340e+02   -5.2129e-01    1.0373e+00
 8.3000e-01    1.5340e+02   -5.2161e-01    1.0374e+00
 8.3100e-01    1.5339e+02   -5.2250e-01    1.0378e+00
 8.3200e-01    1.5336e+02   -5.2386e-01    1.0383e+00
 8.3300e-01    1.5333e+02   -5.2557e-01    1.0390e+00
 8.3400e-01    1.5329e+02   -5.2746e-01    1.0398e+00
 8.3500e-01    1.5325e+02   -5.2933e-01    1.0406e+00
 8.3600e-01    1.5322e+02   -5.3101e-01    1.0415e+00
 8.3700e-01    1.5319e+02   -5.3235e-01    1.0419e+00
 8.3800e-01    1.5318e+02   -5.3322e-01    1.0423e+00
 8.3900e-01    1.5317e+02   -5.3354e-01    1.0423e+00
 8.4000e-01    1.5318e+02   -5.3334e-01    1.0421e+00
 8.4100e-01    1.5320e+02   -5.3262e-01    1.0416e+00
 8.4200e-01    1.5324e+02   -5.3145e-01    1.0409e+00
 8.4300e-01    1.5328e+02   -5.2993e-01    1.0399e+00
 8.4400e-01    1.5333e+02   -5.2818e-01    1.0390e+00
 8.4500e-01    1.5338e+02   -5.2631e-01    1.0380e+00
 8.4600e-01    1.5343e+02   -5.2449e-01    1.0369e+00
 8.4700e-01    1.5348e+02   -5.2285e-01    1.0359e+00
 8.4800e-01    1.5352e+02   -5.2151e-01    1.0352e+00
 8.4900e-01    1.5354e+02   -5.2060e-01    1.0346e+00
 8.5000e-01    1.5356e+02   -5.2019e-01    1.0343e+00
 8.5100e-01    1.5356e+02   -5.2028e-01    1.0343e+00
 8.5200e-01    1.5355e+02   -5.2088e-01    1.0344e+00
 8.5300e-01    1.5353e+02   -5.2193e-01    1.0349e+00
 8.5400e-01    1.5350e+02   -5.2333e-01    1.0353e+00
 8.5500e-01    1.5346e+02   -5.2494e-01    1.0361e+00
 8.5600e-01    1.5343e+02   -5.2668e-01    1.0368e+00
 8.5700e-01    1.5339e+02   -5.2838e-01    1.0375e+00
 8.5800e-01    1.5335e+02   -5.2993e-01    1.0383e+00
 8.5900e-01    1.5332e+02   -5.3120e-01    1.0387e+00
 8.6000e-01    1.5331e+02   -5.3211e-01    1.0391e+00
 8.6100e-01    1.5330e+02   -5.3255e-01    1.0392e+00
 8.6200e-01    1.5331e+02   -5.3249e-01    1.0391e+00
 8.6300e-01    1.5333e+02   -5.3190e-01    1.0387e+00
 8.6400e-01    1.5336e+02   -5.3081e-01    1.0380e+00
 8.6500e-01    1.5340e+02   -5.2933e-01    1.0370e+00
 8.6600e-01    1.5345e+02   -5.2755e-01    1.0362e+00
 8.6700e-01    1.5350e+02   -5.2559e-01    1.0350e+00
 8.6800e-01    1.5355e+02   -5.2358e-01    1.0339e+00
 8.6900e-01    1.5360e+02   -5.2168e-01    1.0328e+00
 8.7000e-01    1.5365e+02   -5.2008e-01    1.0320e+00
 8.7100e-01    1.5368e+02   -5.1887e-01    1.0312e+00
 8.7200e-01    1.5370e+02   -5.1817e-01    1.0308e+00
 8.7300e-01    1.5371e+02   -5.1802e-01    1.0307e+00
 8.7400e-01    1.5371e+02   -5.1845e-01    1.0307e+00
 8.7500e-01    1.5369e+02   -5.1939e-01    1.0311e+00
 8.7600e-01    1.5366e+02   -5.2076e-01    1.0317e+00
 8.7700e-01    1.5363e+02   -5.2246e-01    1.0324e+00
 8.7800e-01    1.5358e+02   -5.2429e-01    1.0332e+00
 8.7900e-01    1.5354e+02   -5.2614e-01    1.0340e+00
 8.8000e-01    1.5350e+02   -5.2783e-01    1.0347e+00
 8.8100e-01    1.5347e+02   -5.2925e-01    1.0354e+00
 8.8200e-01    1.5345e+02   -5.3025e-01    1.0358e+00
 8.8300e-01    1.5344e+02   -5.3074e-01    1.0359e+00
 8.8400e-01    1.5345e+02   -5.3073e-01    1.0359e+00
 8.8500e-01    1.5347e+02   -5.3020e-01    1.0354e+00
 8.8600e-01    1.5350e+02   -5.2920e-01    1.0349e+00
 8.8700e-01    1.5354e+02   -5.2779e-01    1.0341e+00
 8.8800e-01    1.5359e+02   -5.2604e-01    1.0330e+00
 8.8900e-01    1.5364e+02   -5.2412e-01    1.0320e+00
 8.9000e-01    1.5370e+02   -5.2216e-01    1.0309e+00
 8.9100e-01    1.5375e+02   -5.2031e-01    1.0300e+00
 8.9200e-01    1.5380e+02   -5.1873e-01    1.0290e+00
 8.9300e-01    1.5383e+02   -5.1752e-01    1.0283e+00
 8.9400e-01    1.5385e+02   -5.1677e-01    1.0278e+00
 8.9500e-01    1.5386e+02   -5.1655e-01    1.0276e+00
 8.9600e-01    1.5386e+02   -5.1692e-01    1.0277e+00
 8.9700e-01    1.5385e+02   -5.1783e-01    1.0280e+00
 8.9800e-01    1.5382e+02   -5.1918e-01    1.0286e+00
 8.9900e-01    1.5378e+02   -5.2084e-01    1.0293e+00
 9.0000e-01    1.5374e+02   -5.2266e-01    1.0302e+00
 9.0100e-01    1.5370e+02   -5.2446e-01    1.0310e+00
 9.0200e-01    1.5367e+02   -5.2611e-01    1.0317e+00
 9.0300e-01    1.5364e+02   -5.2746e-01    1.0322e+00
 9.0400e-01    1.5362e+02   -5.2840e-01    1.0326e+00
 9.0500e-01    1.5362e+02   -5.2886e-01    1.0328e+00
 9.0600e-01    1.5362e+02   -5.2880e-01    1.0326e+00
 9.0700e-01    1.5364e+02   -5.2823e-01    1.0323e+00
 9.0800e-01    1.5368e+02   -5.2713e-01    1.0317e+00
 9.0900e-01    1.5372e+02   -5.2563e-01    1.0308e+00
 9.1000e-01    1.5377e+02   -5.2382e-01    1.0296e+00
 9.1100e-01    1.5382e+02   -5.2182e-01    1.0287e+00
 9.1200e-01    1.5388e+02   -5.1980e-01    1.0276e+00
 9.1300e-01    1.5393e+02   -5.1795e-01    1.0264e+00
 9.1400e-01    1.5397e+02   -5.1641e-01    1.0257e+00
 9.1500e-01    1.5401e+02   -5.1531e-01    1.0250e+00
 9.1600e-01    1.5403e+02   -5.1474e-01    1.0246e+00
 9.1700e-01    1.5403e+02   -5.1473e-01    1.0245e+00
 9.1800e-01    1.5403e+02   -5.1527e-01    1.0246e+00
 9.1900e-01    1.5401e+02   -5.1629e-01    1.0251e+00
 9.2000e-01    1.5398e+02   -5.1773e-01    1.0257e+00
 9.2100e-01    1.5394e+02   -5.1943e-01    1.0264e+00
 9.2200e-01    1.5390e+02   -5.2125e-01    1.0273e+00
 9.2300e-01    1.5386e+02   -5.2303e-01    1.0280e+00
 9.2400e-01    1.5382e+02   -5.2465e-01    1.0287e+00
 9.2500e-01    1.5379e+02   -5.2600e-01    1.0294e+00
 9.2600e-01    1.5377e+02   -5.2698e-01    1.0297e+00
 9.2700e-01    1.5376e+02   -5.2750e-01    1.0299e+00
 9.2800e-01    1.5376e+02   -5.2755e-01    1.0297e+00
 9.2900e-01    1.5377e+02   -5.2712e-01    1.0295e+00
 9.3000e-01    1.5380e+02   -5.2629e-01    1.0290e+00
 9.3100e-01    1.5383e+02   -5.2508e-01    1.0283e+00
 9.3200e-01    1.5387e+02   -5.2358e-01    1.0274e+00
 9.3300e-01    1.5391e+02   -5.2188e-01    1.0265e+00
 9.3400e-01    1.5396e+02   -5.2016e-01    1.0256e+00
 9.3500e-01    1.5400e+02   -5.1855e-01    1.0247e+00
 9.3600e-01    1.5404e+02   -5.1716e-01    1.0239e+00
 9.3700e-01    1.5406e+02   -5.1616e-01    1.0233e+00
 9.3800e-01    1.5408e+02   -5.1562e-01    1.0230e+00
 9.3900e-01    1.5408e+02   -5.1562e-01    1.0229e+00
 9.4000e-01    1.5408e+02   -5.1613e-01    1.0230e+00
 9.4100e-01    1.5406e+02   -5.1707e-01    1.0235e+00
 9.4200e-01    1.5403e+02   -5.1838e-01    1.0241e+00
 9.4300e-01    1.5400e+02   -5.1990e-01    1.0247e+00
 9.4400e-01    1.5396e+02   -5.2151e-01    1.0255e+00
 9.4500e-01    1.5392e+02   -5.2310e-01    1.0261e+00
 9.4600e-01    1.5389e+02   -5.2456e-01    1.0268e+00
 9.4700e-01    1.5387e+02   -5.2573e-01    1.0274e+00
 9.4800e-01    1.5385e+02   -5.2654e-01    1.0276e+00
 9.4900e-01    1.5385e+02   -5.2691e-01    1.0276e+00
 9.5000e-01    1.5385e+02   -5.2680e-01    1.0275e+00
 9.5100e-01    1.5387e+02   -5.2621e-01    1.0271e+00
 9.5200e-01    1.5390e+02   -5.2519e-01    1.0266e+00
 9.5300e-01    1.5394e+02   -5.2379e-01    1.0258e+00
 9.5400e-01    1.5399e+02   -5.2213e-01    1.0248e+00
 9.5500e-01    1.5404e+02   -5.2030e-01    1.0238e+00
 9.5600e-01    1.5409e+02   -5.1845e-01    1.0229e+00
 9.5700e-01    1.5414e+02   -5.1671e-01    1.0219e+00
 9.5800e-01    1.5417e+02   -5.1528e-01    1.0212e+00
 9.5900e-01    1.5420e+02   -5.1424e-01    1.0205e+00
 9.6000e-01    1.5422e+02   -5.1369e-01    1.0201e+00
 9.6100e-01    1.5423e+02   -5.1365e-01    1.0201e+00
 9.6200e-01    1.5422e+02   -5.1416e-01    1.0202e+00
 9.6300e-01    1.5420e+02   -5.1517e-01    1.0206e+00
 9.6400e-01    1.5417e+02   -5.1656e-01    1.0212e+00
 9.6500e-01    1.5414e+02   -5.1817e-01    1.0220e+00
 9.6600e-01    1.5410e+02   -5.1988e-01    1.0226e+00
 9.6700e-01    1.5406e+02   -5.2154e-01    1.0234e+00
 9.6800e-01    1.5403e+02   -5.2303e-01    1.0241e+00
 9.6900e-01    1.5401e+02   -5.2421e-01    1.0246e+00
 9.7000e-01    1.5399e+02   -5.2495e-01    1.0249e+00
 9.7100e-01    1.5399e+02   -5.2520e-01    1.0249e+00
 9.7200e-01    1.5400e+02   -5.2496e-01    1.0248e+00
 9.7300e-01    1.5402e+02   -5.2424e-01    1.0244e+00
 9.7400e-01    1.5406e+02   -5.2309e-01    1.0236e+00
 9.7500e-01    1.5410e+02   -5.2160e-01    1.0230e+00
 9.7600e-01    1.5414e+02   -5.1991e-01    1.0220e+00
 9.7700e-01    1.5419e+02   -5.1814e-01    1.0210e+00
 9.7800e-01    1.5424e+02   -5.1645e-01    1.0199e+00
 9.7900e-01    1.5428e+02   -5.1498e-01    1.0192e+00
 9.8000e-01    1.5431e+02   -5.1387e-01    1.0186e+00
 9.8100e-01    1.5433e+02   -5.1317e-01    1.0181e+00
 9.8200e-01    1.5434e+02   -5.1293e-01    1.0178e+00
 9.8300e-01    1.5434e+02   -5.1317e-01    1.0179e+00
 9.8400e-01    1.5433e+02   -5.1389e-01    1.0183e+00
 9.8500e-01    1.5430e+02   -5.1499e-01    1.0187e+00
 9.8600e-01    1.5427e+02   -5.1642e-01    1.0193e+00
 9.8700e-01    1.5423e+02   -5.1803e-01    1.0202e+00
 9.8800e-01    1.5420e+02   -5.1968e-01    1.0210e+00
 9.8900e-01    1.5416e+02   -5.2124e-01    1.0215e+00
 9.9000e-01    1.5413e+02   -5.2258e-01    1.0223e+00
 9.9100e-01    1.5411e+02   -5.2357e-01    1.0226e+00
 9.9200e-01    1.5411e+02   -5.2411e-01    1.0229e+00
 9.9300e-01    1.5411e+02   -5.2414e-01    1.0227e+00
 9.9400e-01    1.5413e+02   -5.2366e-01    1.0224e+00
 9.9500e-01    1.5416e+02   -5.2268e-01    1.0219e+00
 9.9600e-01    1.5420e+02   -5.2125e-01    1.0211e+00
 9.9700e-01    1.5425e+02   -5.1944e-01    1.0202e+00
 9.9800e-01    1.5430e+02   -5.1741e-01    1.0191e+00
 9.9900e-01    1.5436e+02   -5.1533e-01    1.0180e+00
 1.0000e+00    1.5441e+02   -5.1334e-01    1.0168e+00
 1.0010e+00    1.5446e+02   -5.1164e-01    1.0160e+00
 1.0020e+00    1.5449e+02   -5.1038e-01    1.0153e+00
 1.0030e+00    1.5451e+02   -5.0966e-01    1.0149e+00
 1.0040e+00    1.5452e+02   -5.0955e-01    1.0147e+00
 1.0050e+00    1.5451e+02   -5.1007e-01    1.0149e+00
 1.0060e+00    1.5449e+02   -5.1112e-01    1.0153e+00
 1.0070e+00    1.5445e+02   -5.1266e-01    1.0161e+00
 1.0080e+00    1.5441e+02   -5.1455e-01    1.0169e+00
 1.0090e+00    1.5436e+02   -5.1665e-01    1.0179e+00
 1.0100e+00    1.5431e+02   -5.1877e-01    1.0188e+00
 1.0110e+00    1.5427e+02   -5.2073e-01    1.0197e+00
 1.0120e+00    1.5423e+02   -5.2238e-01    1.0207e+00
 1.0130e+00    1.5420e+02   -5.2357e-01    1.0211e+00
 1.0140e+00    1.5419e+02   -5.2419e-01    1.0213e+00
 1.0150e+00    1.5419e+02   -5.2420e-01    1.0212e+00
 1.0160e+00    1.5421e+02   -5.2362e-01    1.0210e+00
 1.0170e+00    1.5424e+02   -5.2251e-01    1.0204e+00
 1.0180e+00    1.5428e+02   -5.2093e-01    1.0193e+00
 1.0190e+00    1.5433e+02   -5.1902e-01    1.0184e+00
 1.0200e+00    1.5439e+02   -5.1693e-01    1.0173e+00
 1.0210e+00    1.5444e+02   -5.1484e-01    1.0161e+00
 1.0220e+00    1.5449e+02   -5.1292e-01    1.0152e+00
 1.0230e+00    1.5453e+02   -5.1136e-01    1.0143e+00
 1.0240e+00    1.5456e+02   -5.1029e-01    1.0136e+00
 1.0250e+00    1.5458e+02   -5.0981e-01    1.0134e+00
 1.0260e+00    1.5457e+02   -5.0996e-01    1.0135e+00
 1.0270e+00    1.5456e+02   -5.1070e-01    1.0136e+00
 1.0280e+00    1.5453e+02   -5.1197e-01    1.0143e+00
 1.0290e+00    1.5450e+02   -5.1364e-01    1.0151e+00
 1.0300e+00    1.5446e+02   -5.1559e-01    1.0160e+00
 1.0310e+00    1.5441e+02   -5.1764e-01    1.0170e+00
 1.0320e+00    1.5437e+02   -5.1961e-01    1.0177e+00
 1.0330e+00    1.5433e+02   -5.2134e-01    1.0187e+00
 1.0340e+00    1.5430e+02   -5.2267e-01    1.0192e+00
 1.0350e+00    1.5429e+02   -5.2350e-01    1.0196e+00
 1.0360e+00    1.5429e+02   -5.2374e-01    1.0196e+00
 1.0370e+00    1.5430e+02   -5.2333e-01    1.0194e+00
 1.0380e+00    1.5433e+02   -5.2229e-01    1.0188e+00
 1.0390e+00    1.5437e+02   -5.2070e-01    1.0178e+00
 1.0400e+00    1.5443e+02   -5.1866e-01    1.0167e+00
 1.0410e+00    1.5449e+02   -5.1635e-01    1.0156e+00
 1.0420e+00    1.5455e+02   -5.1396e-01    1.0143e+00
 1.0430e+00    1.5461e+02   -5.1169e-01    1.0131e+00
 1.0440e+00    1.5466e+02   -5.0976e-01    1.0122e+00
 1.0450e+00    1.5470e+02   -5.0832e-01    1.0112e+00
 1.0460e+00    1.5473e+02   -5.0749e-01    1.0109e+00
 1.0470e+00    1.5474e+02   -5.0734e-01    1.0108e+00
 1.0480e+00    1.5473e+02   -5.0787e-01    1.0109e+00
 1.0490e+00    1.5470e+02   -5.0901e-01    1.0113e+00
 1.0500e+00    1.5466e+02   -5.1068e-01    1.0121e+00
 1.0510e+00    1.5462e+02   -5.1275e-01    1.0131e+00
 1.0520e+00    1.5456e+02   -5.1502e-01    1.0142e+00
 1.0530e+00    1.5451e+02   -5.1733e-01    1.0154e+00
 1.0540e+00    1.5446e+02   -5.1946e-01    1.0164e+00
 1.0550e+00    1.5442e+02   -5.2125e-01    1.0172e+00
 1.0560e+00    1.5439e+02   -5.2254e-01    1.0178e+00
 1.0570e+00    1.5438e+02   -5.2323e-01    1.0181e+00
 1.0580e+00    1.5438e+02   -5.2324e-01    1.0179e+00
 1.0590e+00    1.5440e+02   -5.2258e-01    1.0176e+00
 1.0600e+00    1.5443e+02   -5.2131e-01    1.0169e+00
 1.0610e+00    1.5448e+02   -5.1954e-01    1.0160e+00
 1.0620e+00    1.5453e+02   -5.1742e-01    1.0148e+00
 1.0630e+00    1.5459e+02   -5.1515e-01    1.0137e+00
 1.0640e+00    1.5465e+02   -5.1291e-01    1.0126e+00
 1.0650e+00    1.5470e+02   -5.1090e-01    1.0114e+00
 1.0660e+00    1.5474e+02   -5.0929e-01    1.0105e+00
 1.0670e+00    1.5477e+02   -5.0820e-01    1.0100e+00
 1.0680e+00    1.5479e+02   -5.0773e-01    1.0097e+00
 1.0690e+00    1.5479e+02   -5.0794e-01    1.0096e+00
 1.0700e+00    1.5477e+02   -5.0878e-01    1.0101e+00
 1.0710e+00    1.5474e+02   -5.1019e-01    1.0108e+00
 1.0720e+00    1.5470e+02   -5.1206e-01    1.0115e+00
 1.0730e+00    1.5465e+02   -5.1420e-01    1.0127e+00
 1.0740e+00    1.5460e+02   -5.1642e-01    1.0136e+00
 1.0750e+00    1.5455e+02   -5.1851e-01    1.0147e+00
 1.0760e+00    1.5451e+02   -5.2032e-01    1.0156e+00
 1.0770e+00    1.5448e+02   -5.2168e-01    1.0160e+00
 1.0780e+00    1.5446e+02   -5.2247e-01    1.0165e+00
 1.0790e+00    1.5446e+02   -5.2262e-01    1.0164e+00
 1.0800e+00    1.5448e+02   -5.2215e-01    1.0163e+00
 1.0810e+00    1.5450e+02   -5.2106e-01    1.0156e+00
 1.0820e+00    1.5455e+02   -5.1942e-01    1.0147e+00
 1.0830e+00    1.5460e+02   -5.1735e-01    1.0136e+00
 1.0840e+00    1.5466e+02   -5.1501e-01    1.0123e+00
 1.0850e+00    1.5472e+02   -5.1260e-01    1.0113e+00
 1.0860e+00    1.5477e+02   -5.1030e-01    1.0099e+00
 1.0870e+00    1.5482e+02   -5.0835e-01    1.0090e+00
 1.0880e+00    1.5486e+02   -5.0692e-01    1.0082e+00
 1.0890e+00    1.5488e+02   -5.0614e-01    1.0077e+00
 1.0900e+00    1.5489e+02   -5.0608e-01    1.0076e+00
 1.0910e+00    1.5487e+02   -5.0671e-01    1.0079e+00
 1.0920e+00    1.5484e+02   -5.0800e-01    1.0084e+00
 1.0930e+00    1.5480e+02   -5.0985e-01    1.0093e+00
 1.0940e+00    1.5475e+02   -5.1209e-01    1.0105e+00
 1.0950e+00    1.5469e+02   -5.1454e-01    1.0116e+00
 1.0960e+00    1.5463e+02   -5.1697e-01    1.0127e+00
 1.0970e+00    1.5458e+02   -5.1917e-01    1.0139e+00
 1.0980e+00    1.5454e+02   -5.2094e-01    1.0148e+00
 1.0990e+00    1.5451e+02   -5.2211e-01    1.0152e+00
 1.1000e+00    1.5450e+02   -5.2260e-01    1.0155e+00
 1.1010e+00    1.5451e+02   -5.2238e-01    1.0154e+00
 1.1020e+00    1.5453e+02   -5.2147e-01    1.0148e+00
 1.1030e+00    1.5457e+02   -5.1994e-01    1.0140e+00
 1.1040e+00    1.5462e+02   -5.1788e-01    1.0128e+00
 1.1050e+00    1.5468e+02   -5.1547e-01    1.0117e+00
 1.1060e+00    1.5474e+02   -5.1291e-01    1.0104e+00
 1.1070e+00    1.5480e+02   -5.1046e-01    1.0090e+00
 1.1080e+00    1.5485e+02   -5.0834e-01    1.0080e+00
 1.1090e+00    1.5489e+02   -5.0674e-01    1.0071e+00
 1.1100e+00    1.5492e+02   -5.0582e-01    1.0066e+00
 1.1110e+00    1.5492e+02   -5.0567e-01    1.0064e+00
 1.1120e+00    1.5491e+02   -5.0628e-01    1.0067e+00
 1.1130e+00    1.5488e+02   -5.0762e-01    1.0073e+00
 1.1140e+00    1.5484e+02   -5.0954e-01    1.0082e+00
 1.1150e+00    1.5478e+02   -5.1185e-01    1.0094e+00
 1.1160e+00    1.5472e+02   -5.1436e-01    1.0106e+00
 1.1170e+00    1.5466e+02   -5.1685e-01    1.0118e+00
 1.1180e+00    1.5461e+02   -5.1908e-01    1.0129e+00
 1.1190e+00    1.5457e+02   -5.2088e-01    1.0137e+00
 1.1200e+00    1.5454e+02   -5.2208e-01    1.0143e+00
 1.1210e+00    1.5453e+02   -5.2262e-01    1.0145e+00
 1.1220e+00    1.5454e+02   -5.2239e-01    1.0144e+00
 1.1230e+00    1.5456e+02   -5.2144e-01    1.0138e+00
 1.1240e+00    1.5460e+02   -5.1984e-01    1.0129e+00
 1.1250e+00    1.5466e+02   -5.1773e-01    1.0119e+00
 1.1260e+00    1.5472e+02   -5.1528e-01    1.0106e+00
 1.1270e+00    1.5478e+02   -5.1271e-01    1.0093e+00
 1.1280e+00    1.5484e+02   -5.1027e-01    1.0081e+00
 1.1290e+00    1.5489e+02   -5.0815e-01    1.0069e+00
 1.1300e+00    1.5493e+02   -5.0657e-01    1.0060e+00
 1.1310e+00    1.5496e+02   -5.0568e-01    1.0056e+00
 1.1320e+00    1.5496e+02   -5.0556e-01    1.0054e+00
 1.1330e+00    1.5495e+02   -5.0621e-01    1.0057e+00
 1.1340e+00    1.5492e+02   -5.0757e-01    1.0063e+00
 1.1350e+00    1.5488e+02   -5.0950e-01    1.0075e+00
 1.1360e+00    1.5482e+02   -5.1182e-01    1.0084e+00
 1.1370e+00    1.5476e+02   -5.1432e-01    1.0097e+00
 1.1380e+00    1.5471e+02   -5.1677e-01    1.0109e+00
 1.1390e+00    1.5466e+02   -5.1896e-01    1.0120e+00
 1.1400e+00    1.5462e+02   -5.2070e-01    1.0129e+00
 1.1410e+00    1.5459e+02   -5.2184e-01    1.0132e+00
 1.1420e+00    1.5459e+02   -5.2228e-01    1.0135e+00
 1.1430e+00    1.5460e+02   -5.2197e-01    1.0133e+00
 1.1440e+00    1.5462e+02   -5.2095e-01    1.0127e+00
 1.1450e+00    1.5467e+02   -5.1929e-01    1.0119e+00
 1.1460e+00    1.5473e+02   -5.1710e-01    1.0107e+00
 1.1470e+00    1.5479e+02   -5.1460e-01    1.0095e+00
 1.1480e+00    1.5486e+02   -5.1197e-01    1.0081e+00
 1.1490e+00    1.5492e+02   -5.0946e-01    1.0068e+00
 1.1500e+00    1.5498e+02   -5.0724e-01    1.0057e+00
 1.1510e+00    1.5502e+02   -5.0552e-01    1.0047e+00
 1.1520e+00    1.5505e+02   -5.0445e-01    1.0043e+00
 1.1530e+00    1.5506e+02   -5.0414e-01    1.0040e+00
 1.1540e+00    1.5504e+02   -5.0464e-01    1.0043e+00
 1.1550e+00    1.5501e+02   -5.0591e-01    1.0050e+00
 1.1560e+00    1.5497e+02   -5.0782e-01    1.0058e+00
 1.1570e+00    1.5491e+02   -5.1021e-01    1.0070e+00
 1.1580e+00    1.5485e+02   -5.1284e-01    1.0083e+00
 1.1590e+00    1.5479e+02   -5.1548e-01    1.0096e+00
 1.1600e+00    1.5473e+02   -5.1791e-01    1.0108e+00
 1.1610e+00    1.5468e+02   -5.1993e-01    1.0118e+00
 1.1620e+00    1.5464e+02   -5.2137e-01    1.0124e+00
 1.1630e+00    1.5463e+02   -5.2211e-01    1.0128e+00
 1.1640e+00    1.5463e+02   -5.2203e-01    1.0127e+00
 1.1650e+00    1.5466e+02   -5.2116e-01    1.0123e+00
 1.1660e+00    1.5470e+02   -5.1954e-01    1.0114e+00
 1.1670e+00    1.5475e+02   -5.1728e-01    1.0102e+00
 1.1680e+00    1.5482e+02   -5.1460e-01    1.0090e+00
 1.1690e+00    1.5489e+02   -5.1171e-01    1.0074e+00
 1.1700e+00    1.5496e+02   -5.0885e-01    1.0059e+00
 1.1710e+00    1.5503e+02   -5.0629e-01    1.0047e+00
 1.1720e+00    1.5508e+02   -5.0426e-01    1.0037e+00
 1.1730e+00    1.5511e+02   -5.0298e-01    1.0029e+00
 1.1740e+00    1.5512e+02   -5.0256e-01    1.0029e+00
 1.1750e+00    1.5511e+02   -5.0308e-01    1.0029e+00
 1.1760e+00    1.5508e+02   -5.0446e-01    1.0036e+00
 1.1770e+00    1.5503e+02   -5.0657e-01    1.0047e+00
 1.1780e+00    1.5497e+02   -5.0919e-01    1.0059e+00
 1.1790e+00    1.5490e+02   -5.1210e-01    1.0074e+00
 1.1800e+00    1.5483e+02   -5.1500e-01    1.0088e+00
 1.1810e+00    1.5477e+02   -5.1763e-01    1.0101e+00
 1.1820e+00    1.5472e+02   -5.1975e-01    1.0111e+00
 1.1830e+00    1.5469e+02   -5.2120e-01    1.0118e+00
 1.1840e+00    1.5467e+02   -5.2186e-01    1.0122e+00
 1.1850e+00    1.5467e+02   -5.2166e-01    1.0120e+00
 1.1860e+00    1.5470e+02   -5.2062e-01    1.0115e+00
 1.1870e+00    1.5474e+02   -5.1882e-01    1.0106e+00
 1.1880e+00    1.5480e+02   -5.1644e-01    1.0093e+00
 1.1890e+00    1.5487e+02   -5.1365e-01    1.0078e+00
 1.1900e+00    1.5494e+02   -5.1072e-01    1.0065e+00
 1.1910e+00    1.5501e+02   -5.0787e-01    1.0050e+00
 1.1920e+00    1.5507e+02   -5.0541e-01    1.0037e+00
 1.1930e+00    1.5512e+02   -5.0352e-01    1.0027e+00
 1.1940e+00    1.5514e+02   -5.0240e-01    1.0022e+00
 1.1950e+00    1.5515e+02   -5.0215e-01    1.0020e+00
 1.1960e+00    1.5514e+02   -5.0279e-01    1.0023e+00
 1.1970e+00    1.5511e+02   -5.0426e-01    1.0030e+00
 1.1980e+00    1.5506e+02   -5.0644e-01    1.0041e+00
 1.1990e+00    1.5500e+02   -5.0911e-01    1.0054e+00
 1.2000e+00    1.5493e+02   -5.1199e-01    1.0068e+00
 1.2010e+00    1.5487e+02   -5.1481e-01    1.0083e+00
 1.2020e+00    1.5481e+02   -5.1730e-01    1.0095e+00
 1.2030e+00    1.5477e+02   -5.1927e-01    1.0104e+00
 1.2040e+00    1.5474e+02   -5.2055e-01    1.0110e+00
 1.2050e+00    1.5473e+02   -5.2104e-01    1.0112e+00
 1.2060e+00    1.5474e+02   -5.2070e-01    1.0110e+00
 1.2070e+00    1.5477e+02   -5.1953e-01    1.0104e+00
 1.2080e+00    1.5482e+02   -5.1761e-01    1.0095e+00
 1.2090e+00    1.5488e+02   -5.1510e-01    1.0082e+00
 1.2100e+00    1.5495e+02   -5.1223e-01    1.0068e+00
 1.2110e+00    1.5503e+02   -5.0921e-01    1.0052e+00
 1.2120e+00    1.5510e+02   -5.0630e-01    1.0038e+00
 1.2130e+00    1.5516e+02   -5.0375e-01    1.0025e+00
 1.2140e+00    1.5521e+02   -5.0181e-01    1.0014e+00
 1.2150e+00    1.5524e+02   -5.0062e-01    1.0009e+00
 1.2160e+00    1.5525e+02   -5.0032e-01    1.0007e+00
 1.2170e+00    1.5524e+02   -5.0093e-01    1.0011e+00
 1.2180e+00    1.5521e+02   -5.0237e-01    1.0017e+00
 1.2190e+00    1.5516e+02   -5.0448e-01    1.0027e+00
 1.2200e+00    1.5510e+02   -5.0704e-01    1.0041e+00
 1.2210e+00    1.5504e+02   -5.0982e-01    1.0054e+00
 1.2220e+00    1.5498e+02   -5.1260e-01    1.0067e+00
 1.2230e+00    1.5492e+02   -5.1512e-01    1.0081e+00
 1.2240e+00    1.5487e+02   -5.1715e-01    1.0090e+00
 1.2250e+00    1.5483e+02   -5.1858e-01    1.0097e+00
 1.2260e+00    1.5482e+02   -5.1930e-01    1.0100e+00
 1.2270e+00    1.5482e+02   -5.1926e-01    1.0100e+00
 1.2280e+00    1.5484e+02   -5.1843e-01    1.0096e+00
 1.2290e+00    1.5488e+02   -5.1689e-01    1.0088e+00
 1.2300e+00    1.5493e+02   -5.1478e-01    1.0077e+00
 1.2310e+00    1.5499e+02   -5.1227e-01    1.0064e+00
 1.2320e+00    1.5506e+02   -5.0959e-01    1.0050e+00
 1.2330e+00    1.5512e+02   -5.0696e-01    1.0038e+00
 1.2340e+00    1.5518e+02   -5.0464e-01    1.0026e+00
 1.2350e+00    1.5522e+02   -5.0283e-01    1.0017e+00
 1.2360e+00    1.5525e+02   -5.0170e-01    1.0012e+00
 1.2370e+00    1.5526e+02   -5.0138e-01    1.0008e+00
 1.2380e+00    1.5525e+02   -5.0187e-01    1.0013e+00
 1.2390e+00    1.5522e+02   -5.0315e-01    1.0018e+00
 1.2400e+00    1.5518e+02   -5.0506e-01    1.0027e+00
 1.2410e+00    1.5513e+02   -5.0740e-01    1.0039e+00
 1.2420e+00    1.5507e+02   -5.0992e-01    1.0052e+00
 1.2430e+00    1.5501e+02   -5.1240e-01    1.0063e+00
 1.2440e+00    1.5496e+02   -5.1464e-01    1.0076e+00
 1.2450e+00    1.5492e+02   -5.1641e-01    1.0083e+00
 1.2460e+00    1.5489e+02   -5.1757e-01    1.0089e+00
 1.2470e+00    1.5488e+02   -5.1806e-01    1.0092e+00
 1.2480e+00    1.5488e+02   -5.1785e-01    1.0091e+00
 1.2490e+00    1.5491e+02   -5.1691e-01    1.0086e+00
 1.2500e+00    1.5495e+02   -5.1536e-01    1.0078e+00
 1.2510e+00    1.5500e+02   -5.1330e-01    1.0068e+00
 1.2520e+00    1.5506e+02   -5.1091e-01    1.0055e+00
 1.2530e+00    1.5513e+02   -5.0838e-01    1.0044e+00
 1.2540e+00    1.5519e+02   -5.0594e-01    1.0031e+00
 1.2550e+00    1.5524e+02   -5.0379e-01    1.0021e+00
 1.2560e+00    1.5529e+02   -5.0211e-01    1.0012e+00
 1.2570e+00    1.5531e+02   -5.0111e-01    1.0006e+00
 1.2580e+00    1.5532e+02   -5.0087e-01    1.0006e+00
 1.2590e+00    1.5530e+02   -5.0145e-01    1.0009e+00
 1.2600e+00    1.5527e+02   -5.0283e-01    1.0016e+00
 1.2610e+00    1.5523e+02   -5.0485e-01    1.0025e+00
 1.2620e+00    1.5517e+02   -5.0729e-01    1.0037e+00
 1.2630e+00    1.5510e+02   -5.0995e-01    1.0051e+00
 1.2640e+00    1.5504e+02   -5.1257e-01    1.0064e+00
 1.2650e+00    1.5498e+02   -5.1493e-01    1.0075e+00
 1.2660e+00    1.5493e+02   -5.1686e-01    1.0086e+00
 1.2670e+00    1.5490e+02   -5.1820e-01    1.0093e+00
 1.2680e+00    1.5488e+02   -5.1884e-01    1.0096e+00
 1.2690e+00    1.5489e+02   -5.1870e-01    1.0093e+00
 1.2700e+00    1.5491e+02   -5.1780e-01    1.0092e+00
 1.2710e+00    1.5495e+02   -5.1622e-01    1.0082e+00
 1.2720e+00    1.5500e+02   -5.1408e-01    1.0072e+00
 1.2730e+00    1.5507e+02   -5.1153e-01    1.0059e+00
 1.2740e+00    1.5514e+02   -5.0878e-01    1.0044e+00
 1.2750e+00    1.5520e+02   -5.0607e-01    1.0032e+00
 1.2760e+00    1.5526e+02   -5.0365e-01    1.0020e+00
 1.2770e+00    1.5531e+02   -5.0174e-01    1.0009e+00
 1.2780e+00    1.5534e+02   -5.0049e-01    1.0004e+00
 1.2790e+00    1.5535e+02   -4.9868e-01    1.0008e+00
