PROFILES: ELECTRIC POTENTIAL phi, MACH NUMBER U_z/cs, MACH NUMBER U_Bdir/c_s 
distance(mm)    phi(V)      U_z/cs(-)      U_Bdir/c_s(-)
 0.0000e+00    8.1483e+00   -2.4970e+00    2.3601e+00
 1.0000e-03    1.5921e+01   -2.4303e+00    2.3128e+00
 2.0000e-03    2.3322e+01   -2.3650e+00    2.2664e+00
 3.0000e-03    3.0356e+01   -2.3011e+00    2.2211e+00
 4.0000e-03    3.7028e+01   -2.2389e+00    2.1771e+00
 5.0000e-03    4.3343e+01   -2.1784e+00    2.1343e+00
 6.0000e-03    4.9309e+01   -2.1197e+00    2.0925e+00
 7.0000e-03    5.4933e+01   -2.0627e+00    2.0520e+00
 8.0000e-03    6.0226e+01   -2.0077e+00    2.0129e+00
 9.0000e-03    6.5197e+01   -1.9546e+00    1.9752e+00
 1.0000e-02    6.9857e+01   -1.9035e+00    1.9389e+00
 1.1000e-02    7.4218e+01   -1.8544e+00    1.9040e+00
 1.2000e-02    7.8294e+01   -1.8073e+00    1.8706e+00
 1.3000e-02    8.2096e+01   -1.7622e+00    1.8386e+00
 1.4000e-02    8.5639e+01   -1.7192e+00    1.8080e+00
 1.5000e-02    8.8937e+01   -1.6781e+00    1.7787e+00
 1.6000e-02    9.2002e+01   -1.6391e+00    1.7510e+00
 1.7000e-02    9.4848e+01   -1.6019e+00    1.7245e+00
 1.8000e-02    9.7491e+01   -1.5667e+00    1.6995e+00
 1.9000e-02    9.9941e+01   -1.5333e+00    1.6758e+00
 2.0000e-02    1.0221e+02   -1.5017e+00    1.6531e+00
 2.1000e-02    1.0432e+02   -1.4718e+00    1.6318e+00
 2.2000e-02    1.0627e+02   -1.4436e+00    1.6117e+00
 2.3000e-02    1.0807e+02   -1.4170e+00    1.5928e+00
 2.4000e-02    1.0975e+02   -1.3919e+00    1.5749e+00
 2.5000e-02    1.1130e+02   -1.3683e+00    1.5579e+00
 2.6000e-02    1.1273e+02   -1.3460e+00    1.5418e+00
 2.7000e-02    1.1407e+02   -1.3250e+00    1.5268e+00
 2.8000e-02    1.1530e+02   -1.3052e+00    1.5127e+00
 2.9000e-02    1.1645e+02   -1.2866e+00    1.4994e+00
 3.0000e-02    1.1752e+02   -1.2691e+00    1.4867e+00
 3.1000e-02    1.1851e+02   -1.2526e+00    1.4748e+00
 3.2000e-02    1.1944e+02   -1.2371e+00    1.4636e+00
 3.3000e-02    1.2030e+02   -1.2224e+00    1.4531e+00
 3.4000e-02    1.2111e+02   -1.2086e+00    1.4431e+00
 3.5000e-02    1.2186e+02   -1.1955e+00    1.4336e+00
 3.6000e-02    1.2256e+02   -1.1831e+00    1.4246e+00
 3.7000e-02    1.2322e+02   -1.1715e+00    1.4161e+00
 3.8000e-02    1.2384e+02   -1.1604e+00    1.4081e+00
 3.9000e-02    1.2443e+02   -1.1499e+00    1.4006e+00
 4.0000e-02    1.2497e+02   -1.1400e+00    1.3933e+00
 4.1000e-02    1.2549e+02   -1.1306e+00    1.3864e+00
 4.2000e-02    1.2598e+02   -1.1217e+00    1.3800e+00
 4.3000e-02    1.2644e+02   -1.1132e+00    1.3738e+00
 4.4000e-02    1.2688e+02   -1.1050e+00    1.3678e+00
 4.5000e-02    1.2729e+02   -1.0973e+00    1.3621e+00
 4.6000e-02    1.2769e+02   -1.0899e+00    1.3566e+00
 4.7000e-02    1.2806e+02   -1.0828e+00    1.3515e+00
 4.8000e-02    1.2842e+02   -1.0760e+00    1.3464e+00
 4.9000e-02    1.2876e+02   -1.0695e+00    1.3416e+00
 5.0000e-02    1.2909e+02   -1.0632e+00    1.3369e+00
 5.1000e-02    1.2941e+02   -1.0572e+00    1.3325e+00
 5.2000e-02    1.2971e+02   -1.0514e+00    1.3283e+00
 5.3000e-02    1.2999e+02   -1.0459e+00    1.3240e+00
 5.4000e-02    1.3027e+02   -1.0406e+00    1.3201e+00
 5.5000e-02    1.3053e+02   -1.0355e+00    1.3163e+00
 5.6000e-02    1.3078e+02   -1.0306e+00    1.3127e+00
 5.7000e-02    1.3102e+02   -1.0260e+00    1.3091e+00
 5.8000e-02    1.3125e+02   -1.0215e+00    1.3059e+00
 5.9000e-02    1.3147e+02   -1.0172e+00    1.3027e+00
 6.0000e-02    1.3168e+02   -1.0131e+00    1.2995e+00
 6.1000e-02    1.3188e+02   -1.0092e+00    1.2963e+00
 6.2000e-02    1.3207e+02   -1.0055e+00    1.2936e+00
 6.3000e-02    1.3225e+02   -1.0020e+00    1.2910e+00
 6.4000e-02    1.3242e+02   -9.9863e-01    1.2885e+00
 6.5000e-02    1.3259e+02   -9.9546e-01    1.2860e+00
 6.6000e-02    1.3274e+02   -9.9244e-01    1.2837e+00
 6.7000e-02    1.3289e+02   -9.8958e-01    1.2815e+00
 6.8000e-02    1.3304e+02   -9.8687e-01    1.2793e+00
 6.9000e-02    1.3317e+02   -9.8430e-01    1.2773e+00
 7.0000e-02    1.3330e+02   -9.8185e-01    1.2753e+00
 7.1000e-02    1.3342e+02   -9.7952e-01    1.2735e+00
 7.2000e-02    1.3354e+02   -9.7728e-01    1.2717e+00
 7.3000e-02    1.3365e+02   -9.7515e-01    1.2699e+00
 7.4000e-02    1.3376e+02   -9.7309e-01    1.2683e+00
 7.5000e-02    1.3386e+02   -9.7111e-01    1.2667e+00
 7.6000e-02    1.3396e+02   -9.6921e-01    1.2651e+00
 7.7000e-02    1.3406e+02   -9.6738e-01    1.2636e+00
 7.8000e-02    1.3415e+02   -9.6561e-01    1.2622e+00
 7.9000e-02    1.3424e+02   -9.6391e-01    1.2608e+00
 8.0000e-02    1.3432e+02   -9.6228e-01    1.2594e+00
 8.1000e-02    1.3440e+02   -9.6071e-01    1.2580e+00
 8.2000e-02    1.3448e+02   -9.5920e-01    1.2569e+00
 8.3000e-02    1.3456e+02   -9.5774e-01    1.2557e+00
 8.4000e-02    1.3464e+02   -9.5633e-01    1.2544e+00
 8.5000e-02    1.3471e+02   -9.5497e-01    1.2532e+00
 8.6000e-02    1.3478e+02   -9.5365e-01    1.2521e+00
 8.7000e-02    1.3485e+02   -9.5236e-01    1.2509e+00
 8.8000e-02    1.3492e+02   -9.5107e-01    1.2498e+00
 8.9000e-02    1.3499e+02   -9.4979e-01    1.2488e+00
 9.0000e-02    1.3505e+02   -9.4852e-01    1.2477e+00
 9.1000e-02    1.3512e+02   -9.4723e-01    1.2466e+00
 9.2000e-02    1.3519e+02   -9.4594e-01    1.2455e+00
 9.3000e-02    1.3526e+02   -9.4463e-01    1.2444e+00
 9.4000e-02    1.3533e+02   -9.4330e-01    1.2432e+00
 9.5000e-02    1.3540e+02   -9.4194e-01    1.2421e+00
 9.6000e-02    1.3547e+02   -9.4056e-01    1.2410e+00
 9.7000e-02    1.3554e+02   -9.3913e-01    1.2398e+00
 9.8000e-02    1.3562e+02   -9.3766e-01    1.2385e+00
 9.9000e-02    1.3570e+02   -9.3613e-01    1.2373e+00
 1.0000e-01    1.3577e+02   -9.3455e-01    1.2361e+00
 1.0100e-01    1.3585e+02   -9.3293e-01    1.2348e+00
 1.0200e-01    1.3594e+02   -9.3127e-01    1.2333e+00
 1.0300e-01    1.3602e+02   -9.2956e-01    1.2319e+00
 1.0400e-01    1.3611e+02   -9.2783e-01    1.2305e+00
 1.0500e-01    1.3619e+02   -9.2610e-01    1.2291e+00
 1.0600e-01    1.3628e+02   -9.2434e-01    1.2277e+00
 1.0700e-01    1.3637e+02   -9.2256e-01    1.2263e+00
 1.0800e-01    1.3646e+02   -9.2076e-01    1.2249e+00
 1.0900e-01    1.3655e+02   -9.1893e-01    1.2233e+00
 1.1000e-01    1.3665e+02   -9.1709e-01    1.2218e+00
 1.1100e-01    1.3674e+02   -9.1523e-01    1.2203e+00
 1.1200e-01    1.3683e+02   -9.1337e-01    1.2189e+00
 1.1300e-01    1.3692e+02   -9.1153e-01    1.2174e+00
 1.1400e-01    1.3701e+02   -9.0971e-01    1.2158e+00
 1.1500e-01    1.3709e+02   -9.0792e-01    1.2145e+00
 1.1600e-01    1.3718e+02   -9.0616e-01    1.2131e+00
 1.1700e-01    1.3726e+02   -9.0444e-01    1.2117e+00
 1.1800e-01    1.3734e+02   -9.0276e-01    1.2103e+00
 1.1900e-01    1.3742e+02   -9.0110e-01    1.2089e+00
 1.2000e-01    1.3750e+02   -8.9949e-01    1.2076e+00
 1.2100e-01    1.3758e+02   -8.9793e-01    1.2063e+00
 1.2200e-01    1.3765e+02   -8.9642e-01    1.2050e+00
 1.2300e-01    1.3772e+02   -8.9496e-01    1.2038e+00
 1.2400e-01    1.3780e+02   -8.9355e-01    1.2026e+00
 1.2500e-01    1.3786e+02   -8.9219e-01    1.2015e+00
 1.2600e-01    1.3793e+02   -8.9088e-01    1.2004e+00
 1.2700e-01    1.3799e+02   -8.8962e-01    1.1994e+00
 1.2800e-01    1.3805e+02   -8.8842e-01    1.1983e+00
 1.2900e-01    1.3811e+02   -8.8729e-01    1.1974e+00
 1.3000e-01    1.3817e+02   -8.8620e-01    1.1964e+00
 1.3100e-01    1.3822e+02   -8.8515e-01    1.1955e+00
 1.3200e-01    1.3828e+02   -8.8414e-01    1.1946e+00
 1.3300e-01    1.3833e+02   -8.8317e-01    1.1938e+00
 1.3400e-01    1.3838e+02   -8.8222e-01    1.1930e+00
 1.3500e-01    1.3842e+02   -8.8131e-01    1.1921e+00
 1.3600e-01    1.3847e+02   -8.8045e-01    1.1913e+00
 1.3700e-01    1.3851e+02   -8.7965e-01    1.1906e+00
 1.3800e-01    1.3855e+02   -8.7890e-01    1.1898e+00
 1.3900e-01    1.3858e+02   -8.7820e-01    1.1892e+00
 1.4000e-01    1.3862e+02   -8.7756e-01    1.1885e+00
 1.4100e-01    1.3865e+02   -8.7697e-01    1.1879e+00
 1.4200e-01    1.3869e+02   -8.7641e-01    1.1874e+00
 1.4300e-01    1.3872e+02   -8.7588e-01    1.1869e+00
 1.4400e-01    1.3875e+02   -8.7537e-01    1.1863e+00
 1.4500e-01    1.3878e+02   -8.7488e-01    1.1859e+00
 1.4600e-01    1.3881e+02   -8.7441e-01    1.1854e+00
 1.4700e-01    1.3883e+02   -8.7396e-01    1.1850e+00
 1.4800e-01    1.3886e+02   -8.7354e-01    1.1844e+00
 1.4900e-01    1.3889e+02   -8.7312e-01    1.1839e+00
 1.5000e-01    1.3892e+02   -8.7272e-01    1.1835e+00
 1.5100e-01    1.3894e+02   -8.7235e-01    1.1831e+00
 1.5200e-01    1.3897e+02   -8.7200e-01    1.1827e+00
 1.5300e-01    1.3899e+02   -8.7164e-01    1.1822e+00
 1.5400e-01    1.3902e+02   -8.7128e-01    1.1818e+00
 1.5500e-01    1.3905e+02   -8.7090e-01    1.1814e+00
 1.5600e-01    1.3907e+02   -8.7051e-01    1.1809e+00
 1.5700e-01    1.3910e+02   -8.7011e-01    1.1805e+00
 1.5800e-01    1.3912e+02   -8.6968e-01    1.1800e+00
 1.5900e-01    1.3915e+02   -8.6921e-01    1.1795e+00
 1.6000e-01    1.3917e+02   -8.6873e-01    1.1790e+00
 1.6100e-01    1.3920e+02   -8.6822e-01    1.1785e+00
 1.6200e-01    1.3923e+02   -8.6771e-01    1.1780e+00
 1.6300e-01    1.3926e+02   -8.6719e-01    1.1775e+00
 1.6400e-01    1.3929e+02   -8.6667e-01    1.1769e+00
 1.6500e-01    1.3932e+02   -8.6615e-01    1.1764e+00
 1.6600e-01    1.3935e+02   -8.6561e-01    1.1759e+00
 1.6700e-01    1.3938e+02   -8.6507e-01    1.1754e+00
 1.6800e-01    1.3941e+02   -8.6450e-01    1.1749e+00
 1.6900e-01    1.3944e+02   -8.6392e-01    1.1743e+00
 1.7000e-01    1.3948e+02   -8.6333e-01    1.1736e+00
 1.7100e-01    1.3951e+02   -8.6272e-01    1.1731e+00
 1.7200e-01    1.3954e+02   -8.6209e-01    1.1725e+00
 1.7300e-01    1.3958e+02   -8.6143e-01    1.1720e+00
 1.7400e-01    1.3962e+02   -8.6074e-01    1.1712e+00
 1.7500e-01    1.3966e+02   -8.6002e-01    1.1705e+00
 1.7600e-01    1.3970e+02   -8.5926e-01    1.1699e+00
 1.7700e-01    1.3974e+02   -8.5848e-01    1.1691e+00
 1.7800e-01    1.3978e+02   -8.5767e-01    1.1685e+00
 1.7900e-01    1.3983e+02   -8.5682e-01    1.1676e+00
 1.8000e-01    1.3987e+02   -8.5592e-01    1.1669e+00
 1.8100e-01    1.3992e+02   -8.5497e-01    1.1660e+00
 1.8200e-01    1.3997e+02   -8.5399e-01    1.1653e+00
 1.8300e-01    1.4002e+02   -8.5297e-01    1.1644e+00
 1.8400e-01    1.4007e+02   -8.5191e-01    1.1635e+00
 1.8500e-01    1.4013e+02   -8.5083e-01    1.1625e+00
 1.8600e-01    1.4018e+02   -8.4974e-01    1.1616e+00
 1.8700e-01    1.4023e+02   -8.4864e-01    1.1607e+00
 1.8800e-01    1.4029e+02   -8.4751e-01    1.1597e+00
 1.8900e-01    1.4034e+02   -8.4638e-01    1.1588e+00
 1.9000e-01    1.4039e+02   -8.4525e-01    1.1578e+00
 1.9100e-01    1.4044e+02   -8.4413e-01    1.1569e+00
 1.9200e-01    1.4050e+02   -8.4300e-01    1.1559e+00
 1.9300e-01    1.4055e+02   -8.4190e-01    1.1550e+00
 1.9400e-01    1.4060e+02   -8.4081e-01    1.1541e+00
 1.9500e-01    1.4065e+02   -8.3974e-01    1.1532e+00
 1.9600e-01    1.4070e+02   -8.3870e-01    1.1524e+00
 1.9700e-01    1.4075e+02   -8.3769e-01    1.1515e+00
 1.9800e-01    1.4079e+02   -8.3672e-01    1.1507e+00
 1.9900e-01    1.4083e+02   -8.3581e-01    1.1499e+00
 2.0000e-01    1.4088e+02   -8.3496e-01    1.1492e+00
 2.0100e-01    1.4091e+02   -8.3419e-01    1.1485e+00
 2.0200e-01    1.4095e+02   -8.3348e-01    1.1478e+00
 2.0300e-01    1.4098e+02   -8.3284e-01    1.1472e+00
 2.0400e-01    1.4101e+02   -8.3226e-01    1.1467e+00
 2.0500e-01    1.4104e+02   -8.3174e-01    1.1462e+00
 2.0600e-01    1.4107e+02   -8.3125e-01    1.1457e+00
 2.0700e-01    1.4109e+02   -8.3080e-01    1.1452e+00
 2.0800e-01    1.4112e+02   -8.3039e-01    1.1448e+00
 2.0900e-01    1.4114e+02   -8.3003e-01    1.1444e+00
 2.1000e-01    1.4116e+02   -8.2971e-01    1.1440e+00
 2.1100e-01    1.4118e+02   -8.2943e-01    1.1437e+00
 2.1200e-01    1.4120e+02   -8.2917e-01    1.1434e+00
 2.1300e-01    1.4121e+02   -8.2892e-01    1.1431e+00
 2.1400e-01    1.4123e+02   -8.2869e-01    1.1428e+00
 2.1500e-01    1.4125e+02   -8.2850e-01    1.1424e+00
 2.1600e-01    1.4126e+02   -8.2835e-01    1.1422e+00
 2.1700e-01    1.4127e+02   -8.2824e-01    1.1420e+00
 2.1800e-01    1.4128e+02   -8.2813e-01    1.1418e+00
 2.1900e-01    1.4129e+02   -8.2805e-01    1.1415e+00
 2.2000e-01    1.4130e+02   -8.2799e-01    1.1413e+00
 2.2100e-01    1.4131e+02   -8.2796e-01    1.1412e+00
 2.2200e-01    1.4132e+02   -8.2793e-01    1.1411e+00
 2.2300e-01    1.4133e+02   -8.2791e-01    1.1411e+00
 2.2400e-01    1.4134e+02   -8.2789e-01    1.1408e+00
 2.2500e-01    1.4135e+02   -8.2786e-01    1.1406e+00
 2.2600e-01    1.4136e+02   -8.2780e-01    1.1405e+00
 2.2700e-01    1.4137e+02   -8.2771e-01    1.1403e+00
 2.2800e-01    1.4138e+02   -8.2758e-01    1.1400e+00
 2.2900e-01    1.4139e+02   -8.2738e-01    1.1398e+00
 2.3000e-01    1.4141e+02   -8.2716e-01    1.1394e+00
 2.3100e-01    1.4142e+02   -8.2691e-01    1.1392e+00
 2.3200e-01    1.4144e+02   -8.2661e-01    1.1388e+00
 2.3300e-01    1.4145e+02   -8.2629e-01    1.1384e+00
 2.3400e-01    1.4147e+02   -8.2596e-01    1.1381e+00
 2.3500e-01    1.4149e+02   -8.2562e-01    1.1376e+00
 2.3600e-01    1.4151e+02   -8.2526e-01    1.1373e+00
 2.3700e-01    1.4153e+02   -8.2490e-01    1.1370e+00
 2.3800e-01    1.4155e+02   -8.2454e-01    1.1366e+00
 2.3900e-01    1.4157e+02   -8.2418e-01    1.1361e+00
 2.4000e-01    1.4159e+02   -8.2382e-01    1.1357e+00
 2.4100e-01    1.4161e+02   -8.2347e-01    1.1353e+00
 2.4200e-01    1.4163e+02   -8.2313e-01    1.1351e+00
 2.4300e-01    1.4165e+02   -8.2279e-01    1.1347e+00
 2.4400e-01    1.4167e+02   -8.2245e-01    1.1342e+00
 2.4500e-01    1.4169e+02   -8.2211e-01    1.1338e+00
 2.4600e-01    1.4171e+02   -8.2176e-01    1.1335e+00
 2.4700e-01    1.4173e+02   -8.2140e-01    1.1331e+00
 2.4800e-01    1.4175e+02   -8.2104e-01    1.1328e+00
 2.4900e-01    1.4177e+02   -8.2066e-01    1.1325e+00
 2.5000e-01    1.4179e+02   -8.2027e-01    1.1320e+00
 2.5100e-01    1.4181e+02   -8.1989e-01    1.1315e+00
 2.5200e-01    1.4183e+02   -8.1950e-01    1.1312e+00
 2.5300e-01    1.4185e+02   -8.1912e-01    1.1309e+00
 2.5400e-01    1.4187e+02   -8.1877e-01    1.1304e+00
 2.5500e-01    1.4189e+02   -8.1846e-01    1.1300e+00
 2.5600e-01    1.4191e+02   -8.1820e-01    1.1297e+00
 2.5700e-01    1.4192e+02   -8.1799e-01    1.1294e+00
 2.5800e-01    1.4193e+02   -8.1781e-01    1.1291e+00
 2.5900e-01    1.4194e+02   -8.1768e-01    1.1290e+00
 2.6000e-01    1.4195e+02   -8.1759e-01    1.1288e+00
 2.6100e-01    1.4196e+02   -8.1752e-01    1.1286e+00
 2.6200e-01    1.4197e+02   -8.1748e-01    1.1285e+00
 2.6300e-01    1.4197e+02   -8.1745e-01    1.1283e+00
 2.6400e-01    1.4198e+02   -8.1745e-01    1.1282e+00
 2.6500e-01    1.4198e+02   -8.1747e-01    1.1281e+00
 2.6600e-01    1.4199e+02   -8.1749e-01    1.1280e+00
 2.6700e-01    1.4199e+02   -8.1752e-01    1.1278e+00
 2.6800e-01    1.4200e+02   -8.1756e-01    1.1277e+00
 2.6900e-01    1.4200e+02   -8.1757e-01    1.1277e+00
 2.7000e-01    1.4201e+02   -8.1757e-01    1.1275e+00
 2.7100e-01    1.4202e+02   -8.1752e-01    1.1274e+00
 2.7200e-01    1.4203e+02   -8.1741e-01    1.1272e+00
 2.7300e-01    1.4205e+02   -8.1722e-01    1.1269e+00
 2.7400e-01    1.4206e+02   -8.1697e-01    1.1266e+00
 2.7500e-01    1.4208e+02   -8.1667e-01    1.1263e+00
 2.7600e-01    1.4210e+02   -8.1630e-01    1.1259e+00
 2.7700e-01    1.4211e+02   -8.1590e-01    1.1255e+00
 2.7800e-01    1.4214e+02   -8.1548e-01    1.1251e+00
 2.7900e-01    1.4216e+02   -8.1504e-01    1.1246e+00
 2.8000e-01    1.4218e+02   -8.1457e-01    1.1242e+00
 2.8100e-01    1.4221e+02   -8.1409e-01    1.1237e+00
 2.8200e-01    1.4223e+02   -8.1358e-01    1.1233e+00
 2.8300e-01    1.4226e+02   -8.1304e-01    1.1228e+00
 2.8400e-01    1.4228e+02   -8.1250e-01    1.1222e+00
 2.8500e-01    1.4231e+02   -8.1196e-01    1.1217e+00
 2.8600e-01    1.4233e+02   -8.1141e-01    1.1212e+00
 2.8700e-01    1.4236e+02   -8.1087e-01    1.1207e+00
 2.8800e-01    1.4239e+02   -8.1035e-01    1.1203e+00
 2.8900e-01    1.4241e+02   -8.0983e-01    1.1198e+00
 2.9000e-01    1.4244e+02   -8.0933e-01    1.1193e+00
 2.9100e-01    1.4246e+02   -8.0884e-01    1.1190e+00
 2.9200e-01    1.4249e+02   -8.0838e-01    1.1184e+00
 2.9300e-01    1.4251e+02   -8.0795e-01    1.1179e+00
 2.9400e-01    1.4253e+02   -8.0756e-01    1.1175e+00
 2.9500e-01    1.4255e+02   -8.0719e-01    1.1173e+00
 2.9600e-01    1.4257e+02   -8.0685e-01    1.1168e+00
 2.9700e-01    1.4259e+02   -8.0655e-01    1.1165e+00
 2.9800e-01    1.4261e+02   -8.0628e-01    1.1162e+00
 2.9900e-01    1.4262e+02   -8.0603e-01    1.1160e+00
 3.0000e-01    1.4264e+02   -8.0580e-01    1.1157e+00
 3.0100e-01    1.4266e+02   -8.0559e-01    1.1155e+00
 3.0200e-01    1.4267e+02   -8.0540e-01    1.1152e+00
 3.0300e-01    1.4269e+02   -8.0523e-01    1.1150e+00
 3.0400e-01    1.4270e+02   -8.0507e-01    1.1148e+00
 3.0500e-01    1.4271e+02   -8.0489e-01    1.1145e+00
 3.0600e-01    1.4273e+02   -8.0470e-01    1.1143e+00
 3.0700e-01    1.4275e+02   -8.0446e-01    1.1140e+00
 3.0800e-01    1.4276e+02   -8.0422e-01    1.1138e+00
 3.0900e-01    1.4278e+02   -8.0397e-01    1.1135e+00
 3.1000e-01    1.4279e+02   -8.0368e-01    1.1133e+00
 3.1100e-01    1.4281e+02   -8.0337e-01    1.1128e+00
 3.1200e-01    1.4283e+02   -8.0305e-01    1.1124e+00
 3.1300e-01    1.4285e+02   -8.0273e-01    1.1122e+00
 3.1400e-01    1.4287e+02   -8.0238e-01    1.1118e+00
 3.1500e-01    1.4289e+02   -8.0201e-01    1.1114e+00
 3.1600e-01    1.4291e+02   -8.0164e-01    1.1111e+00
 3.1700e-01    1.4293e+02   -8.0127e-01    1.1108e+00
 3.1800e-01    1.4295e+02   -8.0092e-01    1.1103e+00
 3.1900e-01    1.4296e+02   -8.0059e-01    1.1101e+00
 3.2000e-01    1.4298e+02   -8.0024e-01    1.1097e+00
 3.2100e-01    1.4300e+02   -7.9987e-01    1.1093e+00
 3.2200e-01    1.4303e+02   -7.9944e-01    1.1088e+00
 3.2300e-01    1.4305e+02   -7.9899e-01    1.1084e+00
 3.2400e-01    1.4307e+02   -7.9852e-01    1.1081e+00
 3.2500e-01    1.4310e+02   -7.9802e-01    1.1076e+00
 3.2600e-01    1.4312e+02   -7.9753e-01    1.1071e+00
 3.2700e-01    1.4315e+02   -7.9705e-01    1.1067e+00
 3.2800e-01    1.4317e+02   -7.9657e-01    1.1063e+00
 3.2900e-01    1.4319e+02   -7.9609e-01    1.1059e+00
 3.3000e-01    1.4322e+02   -7.9561e-01    1.1054e+00
 3.3100e-01    1.4324e+02   -7.9513e-01    1.1050e+00
 3.3200e-01    1.4327e+02   -7.9464e-01    1.1045e+00
 3.3300e-01    1.4329e+02   -7.9414e-01    1.1040e+00
 3.3400e-01    1.4331e+02   -7.9365e-01    1.1035e+00
 3.3500e-01    1.4334e+02   -7.9316e-01    1.1031e+00
 3.3600e-01    1.4336e+02   -7.9266e-01    1.1026e+00
 3.3700e-01    1.4339e+02   -7.9217e-01    1.1021e+00
 3.3800e-01    1.4341e+02   -7.9168e-01    1.1017e+00
 3.3900e-01    1.4343e+02   -7.9117e-01    1.1013e+00
 3.4000e-01    1.4346e+02   -7.9067e-01    1.1008e+00
 3.4100e-01    1.4348e+02   -7.9018e-01    1.1004e+00
 3.4200e-01    1.4350e+02   -7.8969e-01    1.1000e+00
 3.4300e-01    1.4353e+02   -7.8922e-01    1.0995e+00
 3.4400e-01    1.4355e+02   -7.8875e-01    1.0990e+00
 3.4500e-01    1.4357e+02   -7.8829e-01    1.0986e+00
 3.4600e-01    1.4360e+02   -7.8783e-01    1.0982e+00
 3.4700e-01    1.4362e+02   -7.8741e-01    1.0978e+00
 3.4800e-01    1.4364e+02   -7.8703e-01    1.0975e+00
 3.4900e-01    1.4365e+02   -7.8670e-01    1.0971e+00
 3.5000e-01    1.4367e+02   -7.8642e-01    1.0968e+00
 3.5100e-01    1.4369e+02   -7.8617e-01    1.0965e+00
 3.5200e-01    1.4370e+02   -7.8596e-01    1.0963e+00
 3.5300e-01    1.4371e+02   -7.8578e-01    1.0960e+00
 3.5400e-01    1.4372e+02   -7.8562e-01    1.0958e+00
 3.5500e-01    1.4373e+02   -7.8548e-01    1.0957e+00
 3.5600e-01    1.4374e+02   -7.8535e-01    1.0955e+00
 3.5700e-01    1.4375e+02   -7.8524e-01    1.0953e+00
 3.5800e-01    1.4376e+02   -7.8512e-01    1.0951e+00
 3.5900e-01    1.4377e+02   -7.8501e-01    1.0950e+00
 3.6000e-01    1.4378e+02   -7.8491e-01    1.0948e+00
 3.6100e-01    1.4379e+02   -7.8482e-01    1.0946e+00
 3.6200e-01    1.4380e+02   -7.8474e-01    1.0945e+00
 3.6300e-01    1.4381e+02   -7.8466e-01    1.0943e+00
 3.6400e-01    1.4382e+02   -7.8457e-01    1.0941e+00
 3.6500e-01    1.4383e+02   -7.8448e-01    1.0940e+00
 3.6600e-01    1.4384e+02   -7.8436e-01    1.0939e+00
 3.6700e-01    1.4385e+02   -7.8423e-01    1.0936e+00
 3.6800e-01    1.4387e+02   -7.8405e-01    1.0934e+00
 3.6900e-01    1.4388e+02   -7.8384e-01    1.0931e+00
 3.7000e-01    1.4390e+02   -7.8358e-01    1.0928e+00
 3.7100e-01    1.4391e+02   -7.8330e-01    1.0925e+00
 3.7200e-01    1.4393e+02   -7.8300e-01    1.0924e+00
 3.7300e-01    1.4395e+02   -7.8269e-01    1.0920e+00
 3.7400e-01    1.4396e+02   -7.8236e-01    1.0916e+00
 3.7500e-01    1.4398e+02   -7.8201e-01    1.0912e+00
 3.7600e-01    1.4400e+02   -7.8162e-01    1.0908e+00
 3.7700e-01    1.4402e+02   -7.8121e-01    1.0904e+00
 3.7800e-01    1.4404e+02   -7.8075e-01    1.0900e+00
 3.7900e-01    1.4407e+02   -7.8026e-01    1.0895e+00
 3.8000e-01    1.4409e+02   -7.7973e-01    1.0891e+00
 3.8100e-01    1.4411e+02   -7.7918e-01    1.0887e+00
 3.8200e-01    1.4414e+02   -7.7862e-01    1.0881e+00
 3.8300e-01    1.4416e+02   -7.7808e-01    1.0876e+00
 3.8400e-01    1.4419e+02   -7.7755e-01    1.0872e+00
 3.8500e-01    1.4421e+02   -7.7704e-01    1.0867e+00
 3.8600e-01    1.4423e+02   -7.7656e-01    1.0862e+00
 3.8700e-01    1.4425e+02   -7.7611e-01    1.0858e+00
 3.8800e-01    1.4427e+02   -7.7570e-01    1.0855e+00
 3.8900e-01    1.4429e+02   -7.7533e-01    1.0852e+00
 3.9000e-01    1.4430e+02   -7.7500e-01    1.0848e+00
 3.9100e-01    1.4432e+02   -7.7469e-01    1.0844e+00
 3.9200e-01    1.4433e+02   -7.7442e-01    1.0842e+00
 3.9300e-01    1.4435e+02   -7.7419e-01    1.0839e+00
 3.9400e-01    1.4436e+02   -7.7404e-01    1.0836e+00
 3.9500e-01    1.4437e+02   -7.7394e-01    1.0835e+00
 3.9600e-01    1.4437e+02   -7.7389e-01    1.0834e+00
 3.9700e-01    1.4438e+02   -7.7389e-01    1.0834e+00
 3.9800e-01    1.4438e+02   -7.7393e-01    1.0834e+00
 3.9900e-01    1.4438e+02   -7.7402e-01    1.0832e+00
 4.0000e-01    1.4438e+02   -7.7415e-01    1.0832e+00
 4.0100e-01    1.4438e+02   -7.7432e-01    1.0833e+00
 4.0200e-01    1.4437e+02   -7.7451e-01    1.0834e+00
 4.0300e-01    1.4437e+02   -7.7472e-01    1.0834e+00
 4.0400e-01    1.4436e+02   -7.7492e-01    1.0834e+00
 4.0500e-01    1.4436e+02   -7.7513e-01    1.0836e+00
 4.0600e-01    1.4435e+02   -7.7533e-01    1.0836e+00
 4.0700e-01    1.4435e+02   -7.7554e-01    1.0836e+00
 4.0800e-01    1.4434e+02   -7.7576e-01    1.0836e+00
 4.0900e-01    1.4434e+02   -7.7596e-01    1.0837e+00
 4.1000e-01    1.4433e+02   -7.7617e-01    1.0839e+00
 4.1100e-01    1.4433e+02   -7.7637e-01    1.0839e+00
 4.1200e-01    1.4432e+02   -7.7656e-01    1.0838e+00
 4.1300e-01    1.4432e+02   -7.7673e-01    1.0839e+00
 4.1400e-01    1.4432e+02   -7.7685e-01    1.0840e+00
 4.1500e-01    1.4432e+02   -7.7695e-01    1.0839e+00
 4.1600e-01    1.4432e+02   -7.7701e-01    1.0839e+00
 4.1700e-01    1.4433e+02   -7.7704e-01    1.0838e+00
 4.1800e-01    1.4433e+02   -7.7703e-01    1.0837e+00
 4.1900e-01    1.4434e+02   -7.7695e-01    1.0835e+00
 4.2000e-01    1.4435e+02   -7.7679e-01    1.0833e+00
 4.2100e-01    1.4437e+02   -7.7655e-01    1.0830e+00
 4.2200e-01    1.4438e+02   -7.7624e-01    1.0827e+00
 4.2300e-01    1.4440e+02   -7.7587e-01    1.0825e+00
 4.2400e-01    1.4442e+02   -7.7545e-01    1.0820e+00
 4.2500e-01    1.4444e+02   -7.7497e-01    1.0816e+00
 4.2600e-01    1.4447e+02   -7.7443e-01    1.0811e+00
 4.2700e-01    1.4449e+02   -7.7383e-01    1.0806e+00
 4.2800e-01    1.4452e+02   -7.7318e-01    1.0801e+00
 4.2900e-01    1.4455e+02   -7.7248e-01    1.0795e+00
 4.3000e-01    1.4458e+02   -7.7175e-01    1.0788e+00
 4.3100e-01    1.4462e+02   -7.7099e-01    1.0782e+00
 4.3200e-01    1.4465e+02   -7.7021e-01    1.0776e+00
 4.3300e-01    1.4468e+02   -7.6941e-01    1.0770e+00
 4.3400e-01    1.4472e+02   -7.6862e-01    1.0763e+00
 4.3500e-01    1.4475e+02   -7.6786e-01    1.0757e+00
 4.3600e-01    1.4478e+02   -7.6714e-01    1.0751e+00
 4.3700e-01    1.4481e+02   -7.6649e-01    1.0746e+00
 4.3800e-01    1.4483e+02   -7.6593e-01    1.0741e+00
 4.3900e-01    1.4486e+02   -7.6546e-01    1.0737e+00
 4.4000e-01    1.4488e+02   -7.6506e-01    1.0732e+00
 4.4100e-01    1.4489e+02   -7.6475e-01    1.0729e+00
 4.4200e-01    1.4491e+02   -7.6451e-01    1.0727e+00
 4.4300e-01    1.4492e+02   -7.6435e-01    1.0725e+00
 4.4400e-01    1.4493e+02   -7.6427e-01    1.0724e+00
 4.4500e-01    1.4494e+02   -7.6425e-01    1.0723e+00
 4.4600e-01    1.4494e+02   -7.6431e-01    1.0723e+00
 4.4700e-01    1.4494e+02   -7.6444e-01    1.0723e+00
 4.4800e-01    1.4494e+02   -7.6463e-01    1.0724e+00
 4.4900e-01    1.4494e+02   -7.6487e-01    1.0724e+00
 4.5000e-01    1.4494e+02   -7.6513e-01    1.0725e+00
 4.5100e-01    1.4493e+02   -7.6538e-01    1.0725e+00
 4.5200e-01    1.4493e+02   -7.6559e-01    1.0726e+00
 4.5300e-01    1.4493e+02   -7.6574e-01    1.0727e+00
 4.5400e-01    1.4493e+02   -7.6583e-01    1.0727e+00
 4.5500e-01    1.4493e+02   -7.6586e-01    1.0726e+00
 4.5600e-01    1.4493e+02   -7.6585e-01    1.0725e+00
 4.5700e-01    1.4494e+02   -7.6580e-01    1.0724e+00
 4.5800e-01    1.4494e+02   -7.6573e-01    1.0723e+00
 4.5900e-01    1.4495e+02   -7.6564e-01    1.0721e+00
 4.6000e-01    1.4495e+02   -7.6553e-01    1.0720e+00
 4.6100e-01    1.4496e+02   -7.6541e-01    1.0719e+00
 4.6200e-01    1.4497e+02   -7.6528e-01    1.0717e+00
 4.6300e-01    1.4497e+02   -7.6515e-01    1.0715e+00
 4.6400e-01    1.4498e+02   -7.6502e-01    1.0713e+00
 4.6500e-01    1.4499e+02   -7.6490e-01    1.0711e+00
 4.6600e-01    1.4500e+02   -7.6479e-01    1.0709e+00
 4.6700e-01    1.4501e+02   -7.6469e-01    1.0707e+00
 4.6800e-01    1.4501e+02   -7.6459e-01    1.0707e+00
 4.6900e-01    1.4502e+02   -7.6447e-01    1.0705e+00
 4.7000e-01    1.4503e+02   -7.6432e-01    1.0703e+00
 4.7100e-01    1.4504e+02   -7.6413e-01    1.0701e+00
 4.7200e-01    1.4505e+02   -7.6392e-01    1.0699e+00
 4.7300e-01    1.4506e+02   -7.6368e-01    1.0697e+00
 4.7400e-01    1.4507e+02   -7.6344e-01    1.0694e+00
 4.7500e-01    1.4509e+02   -7.6321e-01    1.0691e+00
 4.7600e-01    1.4510e+02   -7.6299e-01    1.0689e+00
 4.7700e-01    1.4510e+02   -7.6277e-01    1.0686e+00
 4.7800e-01    1.4511e+02   -7.6256e-01    1.0685e+00
 4.7900e-01    1.4512e+02   -7.6235e-01    1.0682e+00
 4.8000e-01    1.4513e+02   -7.6214e-01    1.0680e+00
 4.8100e-01    1.4514e+02   -7.6194e-01    1.0678e+00
 4.8200e-01    1.4515e+02   -7.6175e-01    1.0675e+00
 4.8300e-01    1.4516e+02   -7.6159e-01    1.0673e+00
 4.8400e-01    1.4516e+02   -7.6147e-01    1.0672e+00
 4.8500e-01    1.4517e+02   -7.6138e-01    1.0669e+00
 4.8600e-01    1.4517e+02   -7.6132e-01    1.0669e+00
 4.8700e-01    1.4518e+02   -7.6129e-01    1.0669e+00
 4.8800e-01    1.4518e+02   -7.6128e-01    1.0667e+00
 4.8900e-01    1.4519e+02   -7.6129e-01    1.0666e+00
 4.9000e-01    1.4519e+02   -7.6130e-01    1.0666e+00
 4.9100e-01    1.4519e+02   -7.6133e-01    1.0665e+00
 4.9200e-01    1.4519e+02   -7.6138e-01    1.0664e+00
 4.9300e-01    1.4520e+02   -7.6146e-01    1.0664e+00
 4.9400e-01    1.4520e+02   -7.6157e-01    1.0663e+00
 4.9500e-01    1.4520e+02   -7.6168e-01    1.0664e+00
 4.9600e-01    1.4520e+02   -7.6176e-01    1.0663e+00
 4.9700e-01    1.4520e+02   -7.6182e-01    1.0663e+00
 4.9800e-01    1.4521e+02   -7.6183e-01    1.0663e+00
 4.9900e-01    1.4521e+02   -7.6179e-01    1.0663e+00
 5.0000e-01    1.4522e+02   -7.6171e-01    1.0661e+00
 5.0100e-01    1.4523e+02   -7.6159e-01    1.0659e+00
 5.0200e-01    1.4524e+02   -7.6144e-01    1.0657e+00
 5.0300e-01    1.4525e+02   -7.6127e-01    1.0655e+00
 5.0400e-01    1.4526e+02   -7.6110e-01    1.0653e+00
 5.0500e-01    1.4527e+02   -7.6092e-01    1.0652e+00
 5.0600e-01    1.4528e+02   -7.6072e-01    1.0649e+00
 5.0700e-01    1.4529e+02   -7.6051e-01    1.0646e+00
 5.0800e-01    1.4531e+02   -7.6027e-01    1.0644e+00
 5.0900e-01    1.4532e+02   -7.6001e-01    1.0642e+00
 5.1000e-01    1.4534e+02   -7.5972e-01    1.0640e+00
 5.1100e-01    1.4535e+02   -7.5939e-01    1.0636e+00
 5.1200e-01    1.4537e+02   -7.5903e-01    1.0632e+00
 5.1300e-01    1.4539e+02   -7.5861e-01    1.0629e+00
 5.1400e-01    1.4541e+02   -7.5819e-01    1.0626e+00
 5.1500e-01    1.4543e+02   -7.5775e-01    1.0622e+00
 5.1600e-01    1.4545e+02   -7.5733e-01    1.0618e+00
 5.1700e-01    1.4547e+02   -7.5691e-01    1.0615e+00
 5.1800e-01    1.4549e+02   -7.5647e-01    1.0612e+00
 5.1900e-01    1.4551e+02   -7.5604e-01    1.0607e+00
 5.2000e-01    1.4553e+02   -7.5564e-01    1.0603e+00
 5.2100e-01    1.4555e+02   -7.5528e-01    1.0600e+00
 5.2200e-01    1.4556e+02   -7.5496e-01    1.0597e+00
 5.2300e-01    1.4558e+02   -7.5468e-01    1.0593e+00
 5.2400e-01    1.4559e+02   -7.5443e-01    1.0591e+00
 5.2500e-01    1.4560e+02   -7.5422e-01    1.0590e+00
 5.2600e-01    1.4561e+02   -7.5406e-01    1.0587e+00
 5.2700e-01    1.4562e+02   -7.5395e-01    1.0585e+00
 5.2800e-01    1.4562e+02   -7.5387e-01    1.0585e+00
 5.2900e-01    1.4563e+02   -7.5384e-01    1.0584e+00
 5.3000e-01    1.4563e+02   -7.5384e-01    1.0583e+00
 5.3100e-01    1.4564e+02   -7.5388e-01    1.0583e+00
 5.3200e-01    1.4564e+02   -7.5395e-01    1.0582e+00
 5.3300e-01    1.4564e+02   -7.5403e-01    1.0582e+00
 5.3400e-01    1.4564e+02   -7.5412e-01    1.0582e+00
 5.3500e-01    1.4564e+02   -7.5420e-01    1.0581e+00
 5.3600e-01    1.4564e+02   -7.5427e-01    1.0581e+00
 5.3700e-01    1.4565e+02   -7.5431e-01    1.0581e+00
 5.3800e-01    1.4565e+02   -7.5432e-01    1.0581e+00
 5.3900e-01    1.4565e+02   -7.5427e-01    1.0579e+00
 5.4000e-01    1.4566e+02   -7.5419e-01    1.0578e+00
 5.4100e-01    1.4566e+02   -7.5408e-01    1.0577e+00
 5.4200e-01    1.4567e+02   -7.5395e-01    1.0575e+00
 5.4300e-01    1.4568e+02   -7.5378e-01    1.0573e+00
 5.4400e-01    1.4569e+02   -7.5358e-01    1.0572e+00
 5.4500e-01    1.4570e+02   -7.5333e-01    1.0570e+00
 5.4600e-01    1.4571e+02   -7.5304e-01    1.0566e+00
 5.4700e-01    1.4572e+02   -7.5273e-01    1.0563e+00
 5.4800e-01    1.4574e+02   -7.5242e-01    1.0561e+00
 5.4900e-01    1.4575e+02   -7.5211e-01    1.0558e+00
 5.5000e-01    1.4576e+02   -7.5181e-01    1.0554e+00
 5.5100e-01    1.4578e+02   -7.5152e-01    1.0551e+00
 5.5200e-01    1.4579e+02   -7.5123e-01    1.0548e+00
 5.5300e-01    1.4581e+02   -7.5095e-01    1.0546e+00
 5.5400e-01    1.4582e+02   -7.5068e-01    1.0543e+00
 5.5500e-01    1.4583e+02   -7.5041e-01    1.0541e+00
 5.5600e-01    1.4585e+02   -7.5016e-01    1.0538e+00
 5.5700e-01    1.4586e+02   -7.4995e-01    1.0536e+00
 5.5800e-01    1.4587e+02   -7.4976e-01    1.0534e+00
 5.5900e-01    1.4587e+02   -7.4959e-01    1.0533e+00
 5.6000e-01    1.4588e+02   -7.4944e-01    1.0531e+00
 5.6100e-01    1.4589e+02   -7.4931e-01    1.0530e+00
 5.6200e-01    1.4589e+02   -7.4921e-01    1.0528e+00
 5.6300e-01    1.4590e+02   -7.4915e-01    1.0526e+00
 5.6400e-01    1.4590e+02   -7.4914e-01    1.0527e+00
 5.6500e-01    1.4591e+02   -7.4915e-01    1.0525e+00
 5.6600e-01    1.4591e+02   -7.4918e-01    1.0525e+00
 5.6700e-01    1.4591e+02   -7.4922e-01    1.0523e+00
 5.6800e-01    1.4591e+02   -7.4927e-01    1.0524e+00
 5.6900e-01    1.4591e+02   -7.4932e-01    1.0524e+00
 5.7000e-01    1.4591e+02   -7.4938e-01    1.0523e+00
 5.7100e-01    1.4591e+02   -7.4944e-01    1.0524e+00
 5.7200e-01    1.4590e+02   -7.4952e-01    1.0522e+00
 5.7300e-01    1.4590e+02   -7.4963e-01    1.0523e+00
 5.7400e-01    1.4590e+02   -7.4974e-01    1.0523e+00
 5.7500e-01    1.4590e+02   -7.4987e-01    1.0523e+00
 5.7600e-01    1.4590e+02   -7.5001e-01    1.0523e+00
 5.7700e-01    1.4589e+02   -7.5016e-01    1.0524e+00
 5.7800e-01    1.4589e+02   -7.5029e-01    1.0524e+00
 5.7900e-01    1.4589e+02   -7.5038e-01    1.0525e+00
 5.8000e-01    1.4589e+02   -7.5045e-01    1.0524e+00
 5.8100e-01    1.4589e+02   -7.5047e-01    1.0524e+00
 5.8200e-01    1.4589e+02   -7.5046e-01    1.0523e+00
 5.8300e-01    1.4590e+02   -7.5043e-01    1.0522e+00
 5.8400e-01    1.4590e+02   -7.5035e-01    1.0521e+00
 5.8500e-01    1.4591e+02   -7.5025e-01    1.0520e+00
 5.8600e-01    1.4592e+02   -7.5014e-01    1.0518e+00
 5.8700e-01    1.4593e+02   -7.5000e-01    1.0517e+00
 5.8800e-01    1.4594e+02   -7.4980e-01    1.0515e+00
 5.8900e-01    1.4595e+02   -7.4954e-01    1.0511e+00
 5.9000e-01    1.4596e+02   -7.4920e-01    1.0508e+00
 5.9100e-01    1.4598e+02   -7.4879e-01    1.0506e+00
 5.9200e-01    1.4600e+02   -7.4836e-01    1.0502e+00
 5.9300e-01    1.4602e+02   -7.4792e-01    1.0497e+00
 5.9400e-01    1.4603e+02   -7.4747e-01    1.0494e+00
 5.9500e-01    1.4605e+02   -7.4703e-01    1.0491e+00
 5.9600e-01    1.4607e+02   -7.4662e-01    1.0488e+00
 5.9700e-01    1.4609e+02   -7.4626e-01    1.0484e+00
 5.9800e-01    1.4610e+02   -7.4596e-01    1.0481e+00
 5.9900e-01    1.4611e+02   -7.4570e-01    1.0478e+00
 6.0000e-01    1.4613e+02   -7.4548e-01    1.0476e+00
 6.0100e-01    1.4614e+02   -7.4532e-01    1.0475e+00
 6.0200e-01    1.4615e+02   -7.4521e-01    1.0474e+00
 6.0300e-01    1.4615e+02   -7.4517e-01    1.0472e+00
 6.0400e-01    1.4616e+02   -7.4520e-01    1.0471e+00
 6.0500e-01    1.4616e+02   -7.4527e-01    1.0471e+00
 6.0600e-01    1.4616e+02   -7.4539e-01    1.0471e+00
 6.0700e-01    1.4616e+02   -7.4556e-01    1.0471e+00
 6.0800e-01    1.4615e+02   -7.4575e-01    1.0472e+00
 6.0900e-01    1.4615e+02   -7.4593e-01    1.0473e+00
 6.1000e-01    1.4615e+02   -7.4612e-01    1.0473e+00
 6.1100e-01    1.4615e+02   -7.4629e-01    1.0474e+00
 6.1200e-01    1.4615e+02   -7.4640e-01    1.0474e+00
 6.1300e-01    1.4615e+02   -7.4646e-01    1.0475e+00
 6.1400e-01    1.4615e+02   -7.4646e-01    1.0475e+00
 6.1500e-01    1.4616e+02   -7.4642e-01    1.0473e+00
 6.1600e-01    1.4616e+02   -7.4631e-01    1.0472e+00
 6.1700e-01    1.4617e+02   -7.4615e-01    1.0470e+00
 6.1800e-01    1.4619e+02   -7.4593e-01    1.0469e+00
 6.1900e-01    1.4620e+02   -7.4567e-01    1.0466e+00
 6.2000e-01    1.4621e+02   -7.4539e-01    1.0463e+00
 6.2100e-01    1.4622e+02   -7.4508e-01    1.0460e+00
 6.2200e-01    1.4624e+02   -7.4477e-01    1.0458e+00
 6.2300e-01    1.4625e+02   -7.4446e-01    1.0455e+00
 6.2400e-01    1.4627e+02   -7.4415e-01    1.0452e+00
 6.2500e-01    1.4628e+02   -7.4383e-01    1.0450e+00
 6.2600e-01    1.4630e+02   -7.4351e-01    1.0447e+00
 6.2700e-01    1.4632e+02   -7.4319e-01    1.0444e+00
 6.2800e-01    1.4633e+02   -7.4286e-01    1.0441e+00
 6.2900e-01    1.4635e+02   -7.4252e-01    1.0438e+00
 6.3000e-01    1.4636e+02   -7.4216e-01    1.0434e+00
 6.3100e-01    1.4638e+02   -7.4181e-01    1.0430e+00
 6.3200e-01    1.4639e+02   -7.4147e-01    1.0428e+00
 6.3300e-01    1.4641e+02   -7.4114e-01    1.0426e+00
 6.3400e-01    1.4642e+02   -7.4084e-01    1.0423e+00
 6.3500e-01    1.4643e+02   -7.4062e-01    1.0419e+00
 6.3600e-01    1.4644e+02   -7.4046e-01    1.0419e+00
 6.3700e-01    1.4645e+02   -7.4033e-01    1.0417e+00
 6.3800e-01    1.4646e+02   -7.4024e-01    1.0415e+00
 6.3900e-01    1.4646e+02   -7.4020e-01    1.0415e+00
 6.4000e-01    1.4647e+02   -7.4019e-01    1.0415e+00
 6.4100e-01    1.4647e+02   -7.4020e-01    1.0413e+00
 6.4200e-01    1.4647e+02   -7.4025e-01    1.0414e+00
 6.4300e-01    1.4647e+02   -7.4032e-01    1.0415e+00
 6.4400e-01    1.4646e+02   -7.4044e-01    1.0414e+00
 6.4500e-01    1.4646e+02   -7.4061e-01    1.0415e+00
 6.4600e-01    1.4645e+02   -7.4081e-01    1.0416e+00
 6.4700e-01    1.4645e+02   -7.4104e-01    1.0417e+00
 6.4800e-01    1.4644e+02   -7.4131e-01    1.0417e+00
 6.4900e-01    1.4643e+02   -7.4161e-01    1.0419e+00
 6.5000e-01    1.4642e+02   -7.4194e-01    1.0420e+00
 6.5100e-01    1.4641e+02   -7.4230e-01    1.0422e+00
 6.5200e-01    1.4640e+02   -7.4267e-01    1.0424e+00
 6.5300e-01    1.4639e+02   -7.4306e-01    1.0427e+00
 6.5400e-01    1.4637e+02   -7.4346e-01    1.0429e+00
 6.5500e-01    1.4636e+02   -7.4384e-01    1.0431e+00
 6.5600e-01    1.4635e+02   -7.4418e-01    1.0432e+00
 6.5700e-01    1.4635e+02   -7.4450e-01    1.0435e+00
 6.5800e-01    1.4634e+02   -7.4476e-01    1.0437e+00
 6.5900e-01    1.4634e+02   -7.4496e-01    1.0436e+00
 6.6000e-01    1.4633e+02   -7.4510e-01    1.0437e+00
 6.6100e-01    1.4633e+02   -7.4518e-01    1.0437e+00
 6.6200e-01    1.4633e+02   -7.4519e-01    1.0436e+00
 6.6300e-01    1.4634e+02   -7.4514e-01    1.0435e+00
 6.6400e-01    1.4635e+02   -7.4502e-01    1.0435e+00
 6.6500e-01    1.4636e+02   -7.4485e-01    1.0433e+00
 6.6600e-01    1.4637e+02   -7.4462e-01    1.0431e+00
 6.6700e-01    1.4638e+02   -7.4430e-01    1.0429e+00
 6.6800e-01    1.4640e+02   -7.4393e-01    1.0425e+00
 6.6900e-01    1.4641e+02   -7.4351e-01    1.0421e+00
 6.7000e-01    1.4643e+02   -7.4305e-01    1.0417e+00
 6.7100e-01    1.4645e+02   -7.4254e-01    1.0413e+00
 6.7200e-01    1.4647e+02   -7.4203e-01    1.0409e+00
 6.7300e-01    1.4649e+02   -7.4151e-01    1.0404e+00
 6.7400e-01    1.4651e+02   -7.4099e-01    1.0401e+00
 6.7500e-01    1.4653e+02   -7.4047e-01    1.0396e+00
 6.7600e-01    1.4655e+02   -7.3996e-01    1.0392e+00
 6.7700e-01    1.4657e+02   -7.3947e-01    1.0387e+00
 6.7800e-01    1.4659e+02   -7.3900e-01    1.0384e+00
 6.7900e-01    1.4660e+02   -7.3856e-01    1.0380e+00
 6.8000e-01    1.4662e+02   -7.3817e-01    1.0378e+00
 6.8100e-01    1.4663e+02   -7.3785e-01    1.0375e+00
 6.8200e-01    1.4665e+02   -7.3761e-01    1.0372e+00
 6.8300e-01    1.4666e+02   -7.3741e-01    1.0370e+00
 6.8400e-01    1.4666e+02   -7.3729e-01    1.0369e+00
 6.8500e-01    1.4667e+02   -7.3726e-01    1.0368e+00
 6.8600e-01    1.4667e+02   -7.3728e-01    1.0367e+00
 6.8700e-01    1.4667e+02   -7.3738e-01    1.0368e+00
 6.8800e-01    1.4666e+02   -7.3759e-01    1.0369e+00
 6.8900e-01    1.4666e+02   -7.3791e-01    1.0370e+00
 6.9000e-01    1.4665e+02   -7.3831e-01    1.0371e+00
 6.9100e-01    1.4663e+02   -7.3877e-01    1.0375e+00
 6.9200e-01    1.4662e+02   -7.3926e-01    1.0378e+00
 6.9300e-01    1.4660e+02   -7.3976e-01    1.0381e+00
 6.9400e-01    1.4659e+02   -7.4025e-01    1.0385e+00
 6.9500e-01    1.4658e+02   -7.4072e-01    1.0388e+00
 6.9600e-01    1.4656e+02   -7.4117e-01    1.0390e+00
 6.9700e-01    1.4655e+02   -7.4160e-01    1.0392e+00
 6.9800e-01    1.4654e+02   -7.4196e-01    1.0395e+00
 6.9900e-01    1.4654e+02   -7.4227e-01    1.0396e+00
 7.0000e-01    1.4653e+02   -7.4251e-01    1.0397e+00
 7.0100e-01    1.4653e+02   -7.4267e-01    1.0398e+00
 7.0200e-01    1.4653e+02   -7.4273e-01    1.0397e+00
 7.0300e-01    1.4654e+02   -7.4269e-01    1.0396e+00
 7.0400e-01    1.4655e+02   -7.4252e-01    1.0396e+00
 7.0500e-01    1.4656e+02   -7.4222e-01    1.0394e+00
 7.0600e-01    1.4658e+02   -7.4180e-01    1.0390e+00
 7.0700e-01    1.4661e+02   -7.4128e-01    1.0385e+00
 7.0800e-01    1.4663e+02   -7.4068e-01    1.0380e+00
 7.0900e-01    1.4666e+02   -7.4001e-01    1.0375e+00
 7.1000e-01    1.4669e+02   -7.3928e-01    1.0369e+00
 7.1100e-01    1.4672e+02   -7.3850e-01    1.0363e+00
 7.1200e-01    1.4675e+02   -7.3771e-01    1.0357e+00
 7.1300e-01    1.4678e+02   -7.3691e-01    1.0350e+00
 7.1400e-01    1.4681e+02   -7.3611e-01    1.0344e+00
 7.1500e-01    1.4684e+02   -7.3535e-01    1.0339e+00
 7.1600e-01    1.4687e+02   -7.3463e-01    1.0333e+00
 7.1700e-01    1.4689e+02   -7.3398e-01    1.0327e+00
 7.1800e-01    1.4691e+02   -7.3339e-01    1.0322e+00
 7.1900e-01    1.4693e+02   -7.3290e-01    1.0319e+00
 7.2000e-01    1.4695e+02   -7.3252e-01    1.0316e+00
 7.2100e-01    1.4696e+02   -7.3223e-01    1.0313e+00
 7.2200e-01    1.4697e+02   -7.3203e-01    1.0311e+00
 7.2300e-01    1.4698e+02   -7.3193e-01    1.0309e+00
 7.2400e-01    1.4698e+02   -7.3194e-01    1.0310e+00
 7.2500e-01    1.4698e+02   -7.3208e-01    1.0310e+00
 7.2600e-01    1.4697e+02   -7.3237e-01    1.0312e+00
 7.2700e-01    1.4696e+02   -7.3277e-01    1.0315e+00
 7.2800e-01    1.4695e+02   -7.3326e-01    1.0318e+00
 7.2900e-01    1.4693e+02   -7.3383e-01    1.0320e+00
 7.3000e-01    1.4692e+02   -7.3443e-01    1.0324e+00
 7.3100e-01    1.4690e+02   -7.3503e-01    1.0328e+00
 7.3200e-01    1.4688e+02   -7.3562e-01    1.0332e+00
 7.3300e-01    1.4686e+02   -7.3619e-01    1.0336e+00
 7.3400e-01    1.4685e+02   -7.3672e-01    1.0338e+00
 7.3500e-01    1.4683e+02   -7.3721e-01    1.0342e+00
 7.3600e-01    1.4682e+02   -7.3764e-01    1.0344e+00
 7.3700e-01    1.4681e+02   -7.3797e-01    1.0347e+00
 7.3800e-01    1.4681e+02   -7.3817e-01    1.0348e+00
 7.3900e-01    1.4681e+02   -7.3825e-01    1.0348e+00
 7.4000e-01    1.4681e+02   -7.3821e-01    1.0347e+00
 7.4100e-01    1.4682e+02   -7.3806e-01    1.0345e+00
 7.4200e-01    1.4683e+02   -7.3780e-01    1.0342e+00
 7.4300e-01    1.4685e+02   -7.3743e-01    1.0340e+00
 7.4400e-01    1.4687e+02   -7.3696e-01    1.0336e+00
 7.4500e-01    1.4689e+02   -7.3638e-01    1.0331e+00
 7.4600e-01    1.4692e+02   -7.3569e-01    1.0326e+00
 7.4700e-01    1.4694e+02   -7.3494e-01    1.0321e+00
 7.4800e-01    1.4697e+02   -7.3414e-01    1.0315e+00
 7.4900e-01    1.4700e+02   -7.3331e-01    1.0307e+00
 7.5000e-01    1.4703e+02   -7.3250e-01    1.0301e+00
 7.5100e-01    1.4706e+02   -7.3171e-01    1.0296e+00
 7.5200e-01    1.4709e+02   -7.3098e-01    1.0289e+00
 7.5300e-01    1.4712e+02   -7.3030e-01    1.0284e+00
 7.5400e-01    1.4714e+02   -7.2969e-01    1.0280e+00
 7.5500e-01    1.4716e+02   -7.2917e-01    1.0275e+00
 7.5600e-01    1.4718e+02   -7.2876e-01    1.0272e+00
 7.5700e-01    1.4719e+02   -7.2847e-01    1.0269e+00
 7.5800e-01    1.4720e+02   -7.2828e-01    1.0268e+00
 7.5900e-01    1.4721e+02   -7.2819e-01    1.0267e+00
 7.6000e-01    1.4721e+02   -7.2820e-01    1.0266e+00
 7.6100e-01    1.4721e+02   -7.2832e-01    1.0266e+00
 7.6200e-01    1.4720e+02   -7.2853e-01    1.0268e+00
 7.6300e-01    1.4720e+02   -7.2882e-01    1.0270e+00
 7.6400e-01    1.4719e+02   -7.2918e-01    1.0271e+00
 7.6500e-01    1.4717e+02   -7.2961e-01    1.0274e+00
 7.6600e-01    1.4716e+02   -7.3009e-01    1.0277e+00
 7.6700e-01    1.4715e+02   -7.3060e-01    1.0280e+00
 7.6800e-01    1.4714e+02   -7.3110e-01    1.0282e+00
 7.6900e-01    1.4712e+02   -7.3161e-01    1.0285e+00
 7.7000e-01    1.4711e+02   -7.3207e-01    1.0289e+00
 7.7100e-01    1.4710e+02   -7.3246e-01    1.0291e+00
 7.7200e-01    1.4709e+02   -7.3277e-01    1.0293e+00
 7.7300e-01    1.4709e+02   -7.3298e-01    1.0294e+00
 7.7400e-01    1.4708e+02   -7.3311e-01    1.0294e+00
 7.7500e-01    1.4708e+02   -7.3315e-01    1.0294e+00
 7.7600e-01    1.4708e+02   -7.3309e-01    1.0293e+00
 7.7700e-01    1.4709e+02   -7.3294e-01    1.0291e+00
 7.7800e-01    1.4710e+02   -7.3271e-01    1.0290e+00
 7.7900e-01    1.4711e+02   -7.3241e-01    1.0287e+00
 7.8000e-01    1.4713e+02   -7.3203e-01    1.0284e+00
 7.8100e-01    1.4714e+02   -7.3158e-01    1.0281e+00
 7.8200e-01    1.4716e+02   -7.3106e-01    1.0277e+00
 7.8300e-01    1.4719e+02   -7.3047e-01    1.0272e+00
 7.8400e-01    1.4721e+02   -7.2982e-01    1.0267e+00
 7.8500e-01    1.4724e+02   -7.2910e-01    1.0262e+00
 7.8600e-01    1.4727e+02   -7.2834e-01    1.0256e+00
 7.8700e-01    1.4730e+02   -7.2757e-01    1.0250e+00
 7.8800e-01    1.4732e+02   -7.2682e-01    1.0244e+00
 7.8900e-01    1.4735e+02   -7.2613e-01    1.0238e+00
 7.9000e-01    1.4737e+02   -7.2551e-01    1.0233e+00
 7.9100e-01    1.4739e+02   -7.2497e-01    1.0230e+00
 7.9200e-01    1.4741e+02   -7.2452e-01    1.0226e+00
 7.9300e-01    1.4742e+02   -7.2416e-01    1.0223e+00
 7.9400e-01    1.4743e+02   -7.2392e-01    1.0221e+00
 7.9500e-01    1.4744e+02   -7.2381e-01    1.0220e+00
 7.9600e-01    1.4744e+02   -7.2385e-01    1.0219e+00
 7.9700e-01    1.4743e+02   -7.2402e-01    1.0220e+00
 7.9800e-01    1.4742e+02   -7.2432e-01    1.0221e+00
 7.9900e-01    1.4741e+02   -7.2474e-01    1.0224e+00
 8.0000e-01    1.4740e+02   -7.2528e-01    1.0227e+00
 8.0100e-01    1.4738e+02   -7.2590e-01    1.0231e+00
 8.0200e-01    1.4736e+02   -7.2656e-01    1.0236e+00
 8.0300e-01    1.4734e+02   -7.2723e-01    1.0240e+00
 8.0400e-01    1.4732e+02   -7.2791e-01    1.0245e+00
 8.0500e-01    1.4730e+02   -7.2857e-01    1.0249e+00
 8.0600e-01    1.4728e+02   -7.2921e-01    1.0253e+00
 8.0700e-01    1.4726e+02   -7.2983e-01    1.0256e+00
 8.0800e-01    1.4724e+02   -7.3040e-01    1.0260e+00
 8.0900e-01    1.4722e+02   -7.3089e-01    1.0263e+00
 8.1000e-01    1.4721e+02   -7.3130e-01    1.0266e+00
 8.1100e-01    1.4720e+02   -7.3161e-01    1.0268e+00
 8.1200e-01    1.4719e+02   -7.3182e-01    1.0268e+00
 8.1300e-01    1.4719e+02   -7.3193e-01    1.0269e+00
 8.1400e-01    1.4719e+02   -7.3194e-01    1.0269e+00
 8.1500e-01    1.4720e+02   -7.3187e-01    1.0268e+00
 8.1600e-01    1.4720e+02   -7.3170e-01    1.0267e+00
 8.1700e-01    1.4721e+02   -7.3143e-01    1.0264e+00
 8.1800e-01    1.4723e+02   -7.3108e-01    1.0262e+00
 8.1900e-01    1.4724e+02   -7.3067e-01    1.0258e+00
 8.2000e-01    1.4726e+02   -7.3021e-01    1.0255e+00
 8.2100e-01    1.4728e+02   -7.2972e-01    1.0250e+00
 8.2200e-01    1.4730e+02   -7.2922e-01    1.0247e+00
 8.2300e-01    1.4732e+02   -7.2873e-01    1.0244e+00
 8.2400e-01    1.4734e+02   -7.2824e-01    1.0239e+00
 8.2500e-01    1.4736e+02   -7.2775e-01    1.0235e+00
 8.2600e-01    1.4738e+02   -7.2726e-01    1.0231e+00
 8.2700e-01    1.4740e+02   -7.2680e-01    1.0228e+00
 8.2800e-01    1.4741e+02   -7.2637e-01    1.0224e+00
 8.2900e-01    1.4743e+02   -7.2597e-01    1.0221e+00
 8.3000e-01    1.4744e+02   -7.2562e-01    1.0218e+00
 8.3100e-01    1.4745e+02   -7.2533e-01    1.0216e+00
 8.3200e-01    1.4746e+02   -7.2511e-01    1.0214e+00
 8.3300e-01    1.4746e+02   -7.2496e-01    1.0213e+00
 8.3400e-01    1.4747e+02   -7.2489e-01    1.0212e+00
 8.3500e-01    1.4747e+02   -7.2489e-01    1.0210e+00
 8.3600e-01    1.4747e+02   -7.2497e-01    1.0211e+00
 8.3700e-01    1.4747e+02   -7.2511e-01    1.0213e+00
 8.3800e-01    1.4746e+02   -7.2530e-01    1.0213e+00
 8.3900e-01    1.4745e+02   -7.2554e-01    1.0214e+00
 8.4000e-01    1.4745e+02   -7.2584e-01    1.0217e+00
 8.4100e-01    1.4743e+02   -7.2620e-01    1.0219e+00
 8.4200e-01    1.4742e+02   -7.2662e-01    1.0222e+00
 8.4300e-01    1.4741e+02   -7.2706e-01    1.0224e+00
 8.4400e-01    1.4740e+02   -7.2753e-01    1.0227e+00
 8.4500e-01    1.4738e+02   -7.2801e-01    1.0230e+00
 8.4600e-01    1.4737e+02   -7.2851e-01    1.0233e+00
 8.4700e-01    1.4735e+02   -7.2900e-01    1.0236e+00
 8.4800e-01    1.4734e+02   -7.2946e-01    1.0239e+00
 8.4900e-01    1.4732e+02   -7.2988e-01    1.0241e+00
 8.5000e-01    1.4731e+02   -7.3025e-01    1.0243e+00
 8.5100e-01    1.4731e+02   -7.3054e-01    1.0245e+00
 8.5200e-01    1.4730e+02   -7.3074e-01    1.0246e+00
 8.5300e-01    1.4730e+02   -7.3085e-01    1.0247e+00
 8.5400e-01    1.4730e+02   -7.3086e-01    1.0246e+00
 8.5500e-01    1.4730e+02   -7.3079e-01    1.0245e+00
 8.5600e-01    1.4731e+02   -7.3063e-01    1.0244e+00
 8.5700e-01    1.4732e+02   -7.3041e-01    1.0243e+00
 8.5800e-01    1.4733e+02   -7.3012e-01    1.0241e+00
 8.5900e-01    1.4735e+02   -7.2978e-01    1.0237e+00
 8.6000e-01    1.4736e+02   -7.2937e-01    1.0234e+00
 8.6100e-01    1.4738e+02   -7.2892e-01    1.0231e+00
 8.6200e-01    1.4739e+02   -7.2844e-01    1.0227e+00
 8.6300e-01    1.4741e+02   -7.2796e-01    1.0223e+00
 8.6400e-01    1.4743e+02   -7.2747e-01    1.0219e+00
 8.6500e-01    1.4745e+02   -7.2700e-01    1.0215e+00
 8.6600e-01    1.4746e+02   -7.2653e-01    1.0212e+00
 8.6700e-01    1.4748e+02   -7.2609e-01    1.0208e+00
 8.6800e-01    1.4750e+02   -7.2567e-01    1.0205e+00
 8.6900e-01    1.4751e+02   -7.2527e-01    1.0201e+00
 8.7000e-01    1.4753e+02   -7.2490e-01    1.0199e+00
 8.7100e-01    1.4754e+02   -7.2456e-01    1.0197e+00
 8.7200e-01    1.4756e+02   -7.2425e-01    1.0193e+00
 8.7300e-01    1.4757e+02   -7.2399e-01    1.0191e+00
 8.7400e-01    1.4758e+02   -7.2378e-01    1.0189e+00
 8.7500e-01    1.4758e+02   -7.2362e-01    1.0188e+00
 8.7600e-01    1.4759e+02   -7.2352e-01    1.0187e+00
 8.7700e-01    1.4760e+02   -7.2346e-01    1.0186e+00
 8.7800e-01    1.4760e+02   -7.2343e-01    1.0185e+00
 8.7900e-01    1.4760e+02   -7.2341e-01    1.0185e+00
 8.8000e-01    1.4760e+02   -7.2340e-01    1.0185e+00
 8.8100e-01    1.4760e+02   -7.2341e-01    1.0185e+00
 8.8200e-01    1.4760e+02   -7.2344e-01    1.0185e+00
 8.8300e-01    1.4760e+02   -7.2350e-01    1.0185e+00
 8.8400e-01    1.4759e+02   -7.2361e-01    1.0186e+00
 8.8500e-01    1.4759e+02   -7.2376e-01    1.0187e+00
 8.8600e-01    1.4758e+02   -7.2395e-01    1.0188e+00
 8.8700e-01    1.4757e+02   -7.2421e-01    1.0188e+00
 8.8800e-01    1.4757e+02   -7.2453e-01    1.0190e+00
 8.8900e-01    1.4756e+02   -7.2488e-01    1.0193e+00
 8.9000e-01    1.4755e+02   -7.2524e-01    1.0195e+00
 8.9100e-01    1.4754e+02   -7.2559e-01    1.0197e+00
 8.9200e-01    1.4753e+02   -7.2591e-01    1.0198e+00
 8.9300e-01    1.4753e+02   -7.2619e-01    1.0199e+00
 8.9400e-01    1.4752e+02   -7.2642e-01    1.0202e+00
 8.9500e-01    1.4752e+02   -7.2660e-01    1.0202e+00
 8.9600e-01    1.4751e+02   -7.2671e-01    1.0202e+00
 8.9700e-01    1.4752e+02   -7.2678e-01    1.0202e+00
 8.9800e-01    1.4752e+02   -7.2677e-01    1.0203e+00
 8.9900e-01    1.4752e+02   -7.2671e-01    1.0202e+00
 9.0000e-01    1.4753e+02   -7.2658e-01    1.0201e+00
 9.0100e-01    1.4754e+02   -7.2638e-01    1.0199e+00
 9.0200e-01    1.4755e+02   -7.2611e-01    1.0196e+00
 9.0300e-01    1.4757e+02   -7.2579e-01    1.0194e+00
 9.0400e-01    1.4758e+02   -7.2541e-01    1.0191e+00
 9.0500e-01    1.4760e+02   -7.2499e-01    1.0188e+00
 9.0600e-01    1.4762e+02   -7.2453e-01    1.0184e+00
 9.0700e-01    1.4763e+02   -7.2404e-01    1.0181e+00
 9.0800e-01    1.4765e+02   -7.2353e-01    1.0177e+00
 9.0900e-01    1.4768e+02   -7.2301e-01    1.0173e+00
 9.1000e-01    1.4769e+02   -7.2249e-01    1.0169e+00
 9.1100e-01    1.4771e+02   -7.2200e-01    1.0165e+00
 9.1200e-01    1.4773e+02   -7.2154e-01    1.0162e+00
 9.1300e-01    1.4774e+02   -7.2115e-01    1.0158e+00
 9.1400e-01    1.4775e+02   -7.2087e-01    1.0155e+00
 9.1500e-01    1.4776e+02   -7.2071e-01    1.0155e+00
 9.1600e-01    1.4776e+02   -7.2063e-01    1.0153e+00
 9.1700e-01    1.4777e+02   -7.2067e-01    1.0153e+00
 9.1800e-01    1.4776e+02   -7.2080e-01    1.0153e+00
 9.1900e-01    1.4776e+02   -7.2098e-01    1.0155e+00
 9.2000e-01    1.4775e+02   -7.2122e-01    1.0156e+00
 9.2100e-01    1.4774e+02   -7.2151e-01    1.0158e+00
 9.2200e-01    1.4773e+02   -7.2185e-01    1.0161e+00
 9.2300e-01    1.4772e+02   -7.2225e-01    1.0164e+00
 9.2400e-01    1.4771e+02   -7.2272e-01    1.0166e+00
 9.2500e-01    1.4769e+02   -7.2323e-01    1.0169e+00
 9.2600e-01    1.4768e+02   -7.2375e-01    1.0173e+00
 9.2700e-01    1.4767e+02   -7.2426e-01    1.0177e+00
 9.2800e-01    1.4765e+02   -7.2472e-01    1.0179e+00
 9.2900e-01    1.4764e+02   -7.2512e-01    1.0182e+00
 9.3000e-01    1.4764e+02   -7.2544e-01    1.0183e+00
 9.3100e-01    1.4763e+02   -7.2565e-01    1.0185e+00
 9.3200e-01    1.4763e+02   -7.2573e-01    1.0185e+00
 9.3300e-01    1.4763e+02   -7.2568e-01    1.0184e+00
 9.3400e-01    1.4764e+02   -7.2550e-01    1.0183e+00
 9.3500e-01    1.4766e+02   -7.2518e-01    1.0179e+00
 9.3600e-01    1.4767e+02   -7.2475e-01    1.0177e+00
 9.3700e-01    1.4769e+02   -7.2419e-01    1.0173e+00
 9.3800e-01    1.4771e+02   -7.2353e-01    1.0168e+00
 9.3900e-01    1.4774e+02   -7.2281e-01    1.0162e+00
 9.4000e-01    1.4776e+02   -7.2203e-01    1.0157e+00
 9.4100e-01    1.4779e+02   -7.2121e-01    1.0151e+00
 9.4200e-01    1.4782e+02   -7.2038e-01    1.0145e+00
 9.4300e-01    1.4784e+02   -7.1958e-01    1.0138e+00
 9.4400e-01    1.4787e+02   -7.1883e-01    1.0133e+00
 9.4500e-01    1.4789e+02   -7.1817e-01    1.0128e+00
 9.4600e-01    1.4792e+02   -7.1763e-01    1.0124e+00
 9.4700e-01    1.4793e+02   -7.1723e-01    1.0120e+00
 9.4800e-01    1.4795e+02   -7.1696e-01    1.0118e+00
 9.4900e-01    1.4795e+02   -7.1682e-01    1.0118e+00
 9.5000e-01    1.4795e+02   -7.1681e-01    1.0118e+00
 9.5100e-01    1.4795e+02   -7.1695e-01    1.0118e+00
 9.5200e-01    1.4794e+02   -7.1721e-01    1.0119e+00
 9.5300e-01    1.4793e+02   -7.1759e-01    1.0122e+00
 9.5400e-01    1.4792e+02   -7.1807e-01    1.0126e+00
 9.5500e-01    1.4790e+02   -7.1864e-01    1.0129e+00
 9.5600e-01    1.4788e+02   -7.1926e-01    1.0133e+00
 9.5700e-01    1.4786e+02   -7.1989e-01    1.0137e+00
 9.5800e-01    1.4784e+02   -7.2055e-01    1.0142e+00
 9.5900e-01    1.4781e+02   -7.2122e-01    1.0146e+00
 9.6000e-01    1.4779e+02   -7.2189e-01    1.0150e+00
 9.6100e-01    1.4777e+02   -7.2252e-01    1.0155e+00
 9.6200e-01    1.4776e+02   -7.2311e-01    1.0158e+00
 9.6300e-01    1.4774e+02   -7.2364e-01    1.0162e+00
 9.6400e-01    1.4773e+02   -7.2407e-01    1.0165e+00
 9.6500e-01    1.4772e+02   -7.2442e-01    1.0167e+00
 9.6600e-01    1.4771e+02   -7.2466e-01    1.0169e+00
 9.6700e-01    1.4771e+02   -7.2478e-01    1.0169e+00
 9.6800e-01    1.4771e+02   -7.2477e-01    1.0168e+00
 9.6900e-01    1.4771e+02   -7.2465e-01    1.0167e+00
 9.7000e-01    1.4772e+02   -7.2442e-01    1.0165e+00
 9.7100e-01    1.4773e+02   -7.2408e-01    1.0163e+00
 9.7200e-01    1.4775e+02   -7.2365e-01    1.0159e+00
 9.7300e-01    1.4777e+02   -7.2316e-01    1.0155e+00
 9.7400e-01    1.4779e+02   -7.2260e-01    1.0151e+00
 9.7500e-01    1.4781e+02   -7.2200e-01    1.0147e+00
 9.7600e-01    1.4783e+02   -7.2136e-01    1.0142e+00
 9.7700e-01    1.4785e+02   -7.2070e-01    1.0137e+00
 9.7800e-01    1.4788e+02   -7.2002e-01    1.0132e+00
 9.7900e-01    1.4790e+02   -7.1935e-01    1.0127e+00
 9.8000e-01    1.4792e+02   -7.1873e-01    1.0123e+00
 9.8100e-01    1.4794e+02   -7.1817e-01    1.0119e+00
 9.8200e-01    1.4795e+02   -7.1769e-01    1.0115e+00
 9.8300e-01    1.4797e+02   -7.1730e-01    1.0111e+00
 9.8400e-01    1.4798e+02   -7.1702e-01    1.0109e+00
 9.8500e-01    1.4798e+02   -7.1687e-01    1.0108e+00
 9.8600e-01    1.4799e+02   -7.1682e-01    1.0107e+00
 9.8700e-01    1.4798e+02   -7.1689e-01    1.0108e+00
 9.8800e-01    1.4798e+02   -7.1706e-01    1.0109e+00
 9.8900e-01    1.4797e+02   -7.1733e-01    1.0110e+00
 9.9000e-01    1.4796e+02   -7.1769e-01    1.0112e+00
 9.9100e-01    1.4794e+02   -7.1815e-01    1.0115e+00
 9.9200e-01    1.4792e+02   -7.1870e-01    1.0119e+00
 9.9300e-01    1.4790e+02   -7.1932e-01    1.0124e+00
 9.9400e-01    1.4788e+02   -7.1998e-01    1.0128e+00
 9.9500e-01    1.4786e+02   -7.2069e-01    1.0133e+00
 9.9600e-01    1.4784e+02   -7.2139e-01    1.0137e+00
 9.9700e-01    1.4782e+02   -7.2206e-01    1.0141e+00
 9.9800e-01    1.4779e+02   -7.2270e-01    1.0146e+00
 9.9900e-01    1.4777e+02   -7.2328e-01    1.0150e+00
 1.0000e+00    1.4776e+02   -7.2380e-01    1.0153e+00
 1.0010e+00    1.4774e+02   -7.2423e-01    1.0156e+00
 1.0020e+00    1.4773e+02   -7.2455e-01    1.0158e+00
 1.0030e+00    1.4773e+02   -7.2474e-01    1.0158e+00
 1.0040e+00    1.4773e+02   -7.2479e-01    1.0159e+00
 1.0050e+00    1.4773e+02   -7.2470e-01    1.0159e+00
 1.0060e+00    1.4773e+02   -7.2447e-01    1.0156e+00
 1.0070e+00    1.4775e+02   -7.2412e-01    1.0154e+00
 1.0080e+00    1.4776e+02   -7.2366e-01    1.0150e+00
 1.0090e+00    1.4778e+02   -7.2314e-01    1.0147e+00
 1.0100e+00    1.4780e+02   -7.2254e-01    1.0142e+00
 1.0110e+00    1.4782e+02   -7.2189e-01    1.0137e+00
 1.0120e+00    1.4784e+02   -7.2120e-01    1.0132e+00
 1.0130e+00    1.4786e+02   -7.2050e-01    1.0127e+00
 1.0140e+00    1.4789e+02   -7.1981e-01    1.0122e+00
 1.0150e+00    1.4791e+02   -7.1914e-01    1.0117e+00
 1.0160e+00    1.4793e+02   -7.1852e-01    1.0112e+00
 1.0170e+00    1.4795e+02   -7.1797e-01    1.0108e+00
 1.0180e+00    1.4797e+02   -7.1748e-01    1.0104e+00
 1.0190e+00    1.4798e+02   -7.1709e-01    1.0101e+00
 1.0200e+00    1.4799e+02   -7.1680e-01    1.0099e+00
 1.0210e+00    1.4800e+02   -7.1662e-01    1.0097e+00
 1.0220e+00    1.4800e+02   -7.1655e-01    1.0097e+00
 1.0230e+00    1.4800e+02   -7.1660e-01    1.0097e+00
 1.0240e+00    1.4800e+02   -7.1674e-01    1.0098e+00
 1.0250e+00    1.4800e+02   -7.1697e-01    1.0099e+00
 1.0260e+00    1.4799e+02   -7.1727e-01    1.0101e+00
 1.0270e+00    1.4798e+02   -7.1765e-01    1.0104e+00
 1.0280e+00    1.4797e+02   -7.1807e-01    1.0106e+00
 1.0290e+00    1.4796e+02   -7.1852e-01    1.0109e+00
 1.0300e+00    1.4794e+02   -7.1900e-01    1.0112e+00
 1.0310e+00    1.4793e+02   -7.1950e-01    1.0116e+00
 1.0320e+00    1.4791e+02   -7.2000e-01    1.0119e+00
 1.0330e+00    1.4790e+02   -7.2047e-01    1.0121e+00
 1.0340e+00    1.4789e+02   -7.2089e-01    1.0125e+00
 1.0350e+00    1.4788e+02   -7.2123e-01    1.0127e+00
 1.0360e+00    1.4787e+02   -7.2150e-01    1.0129e+00
 1.0370e+00    1.4787e+02   -7.2167e-01    1.0129e+00
 1.0380e+00    1.4787e+02   -7.2174e-01    1.0130e+00
 1.0390e+00    1.4787e+02   -7.2171e-01    1.0129e+00
 1.0400e+00    1.4788e+02   -7.2157e-01    1.0127e+00
 1.0410e+00    1.4789e+02   -7.2131e-01    1.0126e+00
 1.0420e+00    1.4790e+02   -7.2096e-01    1.0123e+00
 1.0430e+00    1.4791e+02   -7.2054e-01    1.0120e+00
 1.0440e+00    1.4793e+02   -7.2008e-01    1.0116e+00
 1.0450e+00    1.4795e+02   -7.1955e-01    1.0113e+00
 1.0460e+00    1.4797e+02   -7.1899e-01    1.0108e+00
 1.0470e+00    1.4799e+02   -7.1841e-01    1.0104e+00
 1.0480e+00    1.4801e+02   -7.1781e-01    1.0101e+00
 1.0490e+00    1.4802e+02   -7.1723e-01    1.0095e+00
 1.0500e+00    1.4804e+02   -7.1670e-01    1.0092e+00
 1.0510e+00    1.4806e+02   -7.1623e-01    1.0089e+00
 1.0520e+00    1.4807e+02   -7.1582e-01    1.0086e+00
 1.0530e+00    1.4809e+02   -7.1547e-01    1.0083e+00
 1.0540e+00    1.4810e+02   -7.1519e-01    1.0081e+00
 1.0550e+00    1.4810e+02   -7.1499e-01    1.0078e+00
 1.0560e+00    1.4811e+02   -7.1487e-01    1.0078e+00
 1.0570e+00    1.4811e+02   -7.1482e-01    1.0078e+00
 1.0580e+00    1.4811e+02   -7.1487e-01    1.0077e+00
 1.0590e+00    1.4810e+02   -7.1499e-01    1.0077e+00
 1.0600e+00    1.4810e+02   -7.1520e-01    1.0079e+00
 1.0610e+00    1.4809e+02   -7.1549e-01    1.0082e+00
 1.0620e+00    1.4808e+02   -7.1584e-01    1.0084e+00
 1.0630e+00    1.4807e+02   -7.1622e-01    1.0086e+00
 1.0640e+00    1.4806e+02   -7.1663e-01    1.0088e+00
 1.0650e+00    1.4804e+02   -7.1707e-01    1.0092e+00
 1.0660e+00    1.4803e+02   -7.1750e-01    1.0094e+00
 1.0670e+00    1.4801e+02   -7.1794e-01    1.0098e+00
 1.0680e+00    1.4800e+02   -7.1836e-01    1.0101e+00
 1.0690e+00    1.4799e+02   -7.1877e-01    1.0103e+00
 1.0700e+00    1.4798e+02   -7.1914e-01    1.0106e+00
 1.0710e+00    1.4796e+02   -7.1947e-01    1.0108e+00
 1.0720e+00    1.4796e+02   -7.1975e-01    1.0109e+00
 1.0730e+00    1.4795e+02   -7.1997e-01    1.0111e+00
 1.0740e+00    1.4794e+02   -7.2015e-01    1.0112e+00
 1.0750e+00    1.4794e+02   -7.2026e-01    1.0113e+00
 1.0760e+00    1.4794e+02   -7.2031e-01    1.0113e+00
 1.0770e+00    1.4794e+02   -7.2029e-01    1.0112e+00
 1.0780e+00    1.4795e+02   -7.2019e-01    1.0112e+00
 1.0790e+00    1.4796e+02   -7.2000e-01    1.0109e+00
 1.0800e+00    1.4797e+02   -7.1974e-01    1.0107e+00
 1.0810e+00    1.4798e+02   -7.1942e-01    1.0105e+00
 1.0820e+00    1.4799e+02   -7.1904e-01    1.0103e+00
 1.0830e+00    1.4801e+02   -7.1863e-01    1.0099e+00
 1.0840e+00    1.4802e+02   -7.1818e-01    1.0096e+00
 1.0850e+00    1.4804e+02   -7.1771e-01    1.0093e+00
 1.0860e+00    1.4806e+02   -7.1722e-01    1.0089e+00
 1.0870e+00    1.4808e+02   -7.1674e-01    1.0085e+00
 1.0880e+00    1.4810e+02   -7.1626e-01    1.0082e+00
 1.0890e+00    1.4811e+02   -7.1580e-01    1.0078e+00
 1.0900e+00    1.4813e+02   -7.1535e-01    1.0075e+00
 1.0910e+00    1.4814e+02   -7.1495e-01    1.0072e+00
 1.0920e+00    1.4816e+02   -7.1460e-01    1.0069e+00
 1.0930e+00    1.4817e+02   -7.1432e-01    1.0067e+00
 1.0940e+00    1.4817e+02   -7.1411e-01    1.0066e+00
 1.0950e+00    1.4818e+02   -7.1396e-01    1.0064e+00
 1.0960e+00    1.4818e+02   -7.1389e-01    1.0063e+00
 1.0970e+00    1.4818e+02   -7.1388e-01    1.0064e+00
 1.0980e+00    1.4818e+02   -7.1394e-01    1.0064e+00
 1.0990e+00    1.4818e+02   -7.1408e-01    1.0064e+00
 1.1000e+00    1.4817e+02   -7.1431e-01    1.0066e+00
 1.1010e+00    1.4816e+02   -7.1461e-01    1.0067e+00
 1.1020e+00    1.4815e+02   -7.1496e-01    1.0070e+00
 1.1030e+00    1.4814e+02   -7.1536e-01    1.0073e+00
 1.1040e+00    1.4812e+02   -7.1579e-01    1.0076e+00
 1.1050e+00    1.4811e+02   -7.1625e-01    1.0079e+00
 1.1060e+00    1.4809e+02   -7.1671e-01    1.0082e+00
 1.1070e+00    1.4808e+02   -7.1718e-01    1.0085e+00
 1.1080e+00    1.4806e+02   -7.1766e-01    1.0087e+00
 1.1090e+00    1.4805e+02   -7.1815e-01    1.0092e+00
 1.1100e+00    1.4803e+02   -7.1861e-01    1.0095e+00
 1.1110e+00    1.4802e+02   -7.1903e-01    1.0097e+00
 1.1120e+00    1.4801e+02   -7.1938e-01    1.0100e+00
 1.1130e+00    1.4800e+02   -7.1967e-01    1.0102e+00
 1.1140e+00    1.4799e+02   -7.1988e-01    1.0103e+00
 1.1150e+00    1.4799e+02   -7.1999e-01    1.0103e+00
 1.1160e+00    1.4799e+02   -7.2003e-01    1.0104e+00
 1.1170e+00    1.4799e+02   -7.1999e-01    1.0103e+00
 1.1180e+00    1.4800e+02   -7.1985e-01    1.0103e+00
 1.1190e+00    1.4800e+02   -7.1963e-01    1.0101e+00
 1.1200e+00    1.4801e+02   -7.1932e-01    1.0098e+00
 1.1210e+00    1.4803e+02   -7.1896e-01    1.0096e+00
 1.1220e+00    1.4804e+02   -7.1853e-01    1.0093e+00
 1.1230e+00    1.4806e+02   -7.1805e-01    1.0089e+00
 1.1240e+00    1.4808e+02   -7.1753e-01    1.0085e+00
 1.1250e+00    1.4810e+02   -7.1695e-01    1.0081e+00
 1.1260e+00    1.4812e+02   -7.1632e-01    1.0077e+00
 1.1270e+00    1.4814e+02   -7.1568e-01    1.0072e+00
 1.1280e+00    1.4816e+02   -7.1502e-01    1.0067e+00
 1.1290e+00    1.4818e+02   -7.1436e-01    1.0062e+00
 1.1300e+00    1.4821e+02   -7.1373e-01    1.0058e+00
 1.1310e+00    1.4822e+02   -7.1316e-01    1.0053e+00
 1.1320e+00    1.4824e+02   -7.1265e-01    1.0050e+00
 1.1330e+00    1.4826e+02   -7.1222e-01    1.0047e+00
 1.1340e+00    1.4827e+02   -7.1189e-01    1.0044e+00
 1.1350e+00    1.4828e+02   -7.1166e-01    1.0043e+00
 1.1360e+00    1.4829e+02   -7.1153e-01    1.0042e+00
 1.1370e+00    1.4829e+02   -7.1152e-01    1.0041e+00
 1.1380e+00    1.4829e+02   -7.1160e-01    1.0042e+00
 1.1390e+00    1.4828e+02   -7.1177e-01    1.0043e+00
 1.1400e+00    1.4827e+02   -7.1203e-01    1.0044e+00
 1.1410e+00    1.4826e+02   -7.1238e-01    1.0046e+00
 1.1420e+00    1.4825e+02   -7.1281e-01    1.0049e+00
 1.1430e+00    1.4823e+02   -7.1331e-01    1.0053e+00
 1.1440e+00    1.4822e+02   -7.1388e-01    1.0057e+00
 1.1450e+00    1.4819e+02   -7.1449e-01    1.0061e+00
 1.1460e+00    1.4817e+02   -7.1513e-01    1.0066e+00
 1.1470e+00    1.4815e+02   -7.1579e-01    1.0070e+00
 1.1480e+00    1.4813e+02   -7.1644e-01    1.0074e+00
 1.1490e+00    1.4811e+02   -7.1707e-01    1.0079e+00
 1.1500e+00    1.4810e+02   -7.1766e-01    1.0083e+00
 1.1510e+00    1.4808e+02   -7.1819e-01    1.0086e+00
 1.1520e+00    1.4807e+02   -7.1861e-01    1.0089e+00
 1.1530e+00    1.4806e+02   -7.1891e-01    1.0091e+00
 1.1540e+00    1.4805e+02   -7.1906e-01    1.0092e+00
 1.1550e+00    1.4805e+02   -7.1907e-01    1.0092e+00
 1.1560e+00    1.4806e+02   -7.1897e-01    1.0091e+00
 1.1570e+00    1.4806e+02   -7.1876e-01    1.0089e+00
 1.1580e+00    1.4807e+02   -7.1848e-01    1.0087e+00
 1.1590e+00    1.4809e+02   -7.1810e-01    1.0085e+00
 1.1600e+00    1.4810e+02   -7.1763e-01    1.0081e+00
 1.1610e+00    1.4812e+02   -7.1708e-01    1.0077e+00
 1.1620e+00    1.4814e+02   -7.1646e-01    1.0073e+00
 1.1630e+00    1.4816e+02   -7.1581e-01    1.0068e+00
 1.1640e+00    1.4818e+02   -7.1517e-01    1.0063e+00
 1.1650e+00    1.4821e+02   -7.1454e-01    1.0059e+00
 1.1660e+00    1.4823e+02   -7.1395e-01    1.0055e+00
 1.1670e+00    1.4824e+02   -7.1341e-01    1.0051e+00
 1.1680e+00    1.4826e+02   -7.1296e-01    1.0048e+00
 1.1690e+00    1.4827e+02   -7.1260e-01    1.0045e+00
 1.1700e+00    1.4828e+02   -7.1235e-01    1.0043e+00
 1.1710e+00    1.4828e+02   -7.1222e-01    1.0042e+00
 1.1720e+00    1.4828e+02   -7.1223e-01    1.0041e+00
 1.1730e+00    1.4828e+02   -7.1236e-01    1.0043e+00
 1.1740e+00    1.4827e+02   -7.1263e-01    1.0045e+00
 1.1750e+00    1.4826e+02   -7.1305e-01    1.0047e+00
 1.1760e+00    1.4824e+02   -7.1357e-01    1.0051e+00
 1.1770e+00    1.4822e+02   -7.1420e-01    1.0055e+00
 1.1780e+00    1.4820e+02   -7.1489e-01    1.0059e+00
 1.1790e+00    1.4818e+02   -7.1563e-01    1.0065e+00
 1.1800e+00    1.4815e+02   -7.1640e-01    1.0070e+00
 1.1810e+00    1.4813e+02   -7.1716e-01    1.0076e+00
 1.1820e+00    1.4811e+02   -7.1789e-01    1.0081e+00
 1.1830e+00    1.4809e+02   -7.1857e-01    1.0085e+00
 1.1840e+00    1.4807e+02   -7.1918e-01    1.0089e+00
 1.1850e+00    1.4806e+02   -7.1970e-01    1.0093e+00
 1.1860e+00    1.4804e+02   -7.2011e-01    1.0096e+00
 1.1870e+00    1.4803e+02   -7.2040e-01    1.0098e+00
 1.1880e+00    1.4803e+02   -7.2053e-01    1.0098e+00
 1.1890e+00    1.4803e+02   -7.2051e-01    1.0098e+00
 1.1900e+00    1.4804e+02   -7.2033e-01    1.0097e+00
 1.1910e+00    1.4805e+02   -7.2002e-01    1.0095e+00
 1.1920e+00    1.4806e+02   -7.1955e-01    1.0092e+00
 1.1930e+00    1.4808e+02   -7.1898e-01    1.0087e+00
 1.1940e+00    1.4810e+02   -7.1833e-01    1.0083e+00
 1.1950e+00    1.4813e+02   -7.1761e-01    1.0077e+00
 1.1960e+00    1.4815e+02   -7.1683e-01    1.0072e+00
 1.1970e+00    1.4818e+02   -7.1601e-01    1.0066e+00
 1.1980e+00    1.4821e+02   -7.1518e-01    1.0060e+00
 1.1990e+00    1.4823e+02   -7.1438e-01    1.0054e+00
 1.2000e+00    1.4826e+02   -7.1364e-01    1.0049e+00
 1.2010e+00    1.4828e+02   -7.1300e-01    1.0045e+00
 1.2020e+00    1.4829e+02   -7.1249e-01    1.0041e+00
 1.2030e+00    1.4831e+02   -7.1211e-01    1.0038e+00
 1.2040e+00    1.4831e+02   -7.1188e-01    1.0036e+00
 1.2050e+00    1.4832e+02   -7.1178e-01    1.0037e+00
 1.2060e+00    1.4831e+02   -7.1183e-01    1.0036e+00
 1.2070e+00    1.4831e+02   -7.1205e-01    1.0037e+00
 1.2080e+00    1.4830e+02   -7.1239e-01    1.0040e+00
 1.2090e+00    1.4828e+02   -7.1287e-01    1.0043e+00
 1.2100e+00    1.4826e+02   -7.1346e-01    1.0047e+00
 1.2110e+00    1.4824e+02   -7.1415e-01    1.0052e+00
 1.2120e+00    1.4821e+02   -7.1491e-01    1.0057e+00
 1.2130e+00    1.4818e+02   -7.1573e-01    1.0062e+00
 1.2140e+00    1.4815e+02   -7.1659e-01    1.0069e+00
 1.2150e+00    1.4812e+02   -7.1747e-01    1.0075e+00
 1.2160e+00    1.4809e+02   -7.1834e-01    1.0081e+00
 1.2170e+00    1.4806e+02   -7.1915e-01    1.0087e+00
 1.2180e+00    1.4804e+02   -7.1990e-01    1.0092e+00
 1.2190e+00    1.4801e+02   -7.2054e-01    1.0096e+00
 1.2200e+00    1.4800e+02   -7.2106e-01    1.0101e+00
 1.2210e+00    1.4798e+02   -7.2143e-01    1.0103e+00
 1.2220e+00    1.4798e+02   -7.2166e-01    1.0103e+00
 1.2230e+00    1.4798e+02   -7.2174e-01    1.0104e+00
 1.2240e+00    1.4798e+02   -7.2166e-01    1.0104e+00
 1.2250e+00    1.4799e+02   -7.2139e-01    1.0102e+00
 1.2260e+00    1.4801e+02   -7.2096e-01    1.0099e+00
 1.2270e+00    1.4803e+02   -7.2036e-01    1.0095e+00
 1.2280e+00    1.4805e+02   -7.1960e-01    1.0088e+00
 1.2290e+00    1.4808e+02   -7.1871e-01    1.0083e+00
 1.2300e+00    1.4812e+02   -7.1769e-01    1.0076e+00
 1.2310e+00    1.4815e+02   -7.1657e-01    1.0068e+00
 1.2320e+00    1.4819e+02   -7.1538e-01    1.0059e+00
 1.2330e+00    1.4824e+02   -7.1414e-01    1.0051e+00
 1.2340e+00    1.4828e+02   -7.1290e-01    1.0042e+00
 1.2350e+00    1.4831e+02   -7.1171e-01    1.0033e+00
 1.2360e+00    1.4835e+02   -7.1059e-01    1.0025e+00
 1.2370e+00    1.4838e+02   -7.0957e-01    1.0018e+00
 1.2380e+00    1.4841e+02   -7.0870e-01    1.0012e+00
 1.2390e+00    1.4844e+02   -7.0799e-01    1.0007e+00
 1.2400e+00    1.4845e+02   -7.0747e-01    1.0003e+00
 1.2410e+00    1.4846e+02   -7.0714e-01    1.0001e+00
 1.2420e+00    1.4847e+02   -7.0705e-01    9.9998e-01
 1.2430e+00    1.4846e+02   -7.0718e-01    1.0001e+00
 1.2440e+00    1.4845e+02   -7.0755e-01    1.0004e+00
 1.2450e+00    1.4843e+02   -7.0814e-01    1.0008e+00
 1.2460e+00    1.4840e+02   -7.0893e-01    1.0013e+00
 1.2470e+00    1.4837e+02   -7.0991e-01    1.0020e+00
 1.2480e+00    1.4833e+02   -7.1105e-01    1.0028e+00
 1.2490e+00    1.4829e+02   -7.1230e-01    1.0037e+00
 1.2500e+00    1.4824e+02   -7.1363e-01    1.0046e+00
 1.2510e+00    1.4820e+02   -7.1499e-01    1.0056e+00
 1.2520e+00    1.4815e+02   -7.1635e-01    1.0066e+00
 1.2530e+00    1.4811e+02   -7.1766e-01    1.0075e+00
 1.2540e+00    1.4807e+02   -7.1887e-01    1.0084e+00
 1.2550e+00    1.4803e+02   -7.1996e-01    1.0091e+00
 1.2560e+00    1.4800e+02   -7.2091e-01    1.0097e+00
 1.2570e+00    1.4797e+02   -7.2171e-01    1.0102e+00
 1.2580e+00    1.4795e+02   -7.2230e-01    1.0107e+00
 1.2590e+00    1.4794e+02   -7.2269e-01    1.0110e+00
 1.2600e+00    1.4794e+02   -7.2286e-01    1.0111e+00
 1.2610e+00    1.4794e+02   -7.2281e-01    1.0111e+00
 1.2620e+00    1.4795e+02   -7.2254e-01    1.0109e+00
 1.2630e+00    1.4796e+02   -7.2206e-01    1.0106e+00
 1.2640e+00    1.4799e+02   -7.2138e-01    1.0101e+00
 1.2650e+00    1.4801e+02   -7.2052e-01    1.0094e+00
 1.2660e+00    1.4805e+02   -7.1951e-01    1.0087e+00
 1.2670e+00    1.4809e+02   -7.1837e-01    1.0079e+00
 1.2680e+00    1.4813e+02   -7.1715e-01    1.0071e+00
 1.2690e+00    1.4817e+02   -7.1588e-01    1.0062e+00
 1.2700e+00    1.4822e+02   -7.1459e-01    1.0052e+00
 1.2710e+00    1.4826e+02   -7.1330e-01    1.0044e+00
 1.2720e+00    1.4830e+02   -7.1205e-01    1.0035e+00
 1.2730e+00    1.4834e+02   -7.1089e-01    1.0026e+00
 1.2740e+00    1.4838e+02   -7.0984e-01    1.0020e+00
 1.2750e+00    1.4841e+02   -7.0894e-01    1.0013e+00
 1.2760e+00    1.4843e+02   -7.0822e-01    1.0008e+00
 1.2770e+00    1.4845e+02   -7.0768e-01    1.0004e+00
 1.2780e+00    1.4846e+02   -7.0731e-01    1.0002e+00
 1.2790e+00    1.4846e+02   -7.0445e-01    1.0006e+00
