PROFILES: ELECTRIC POTENTIAL phi, MACH NUMBER U_z/cs, MACH NUMBER U_Bdir/c_s 
distance(mm)    phi(V)      U_z/cs(-)      U_Bdir/c_s(-)
 0.0000e+00    0.0000e+00    0.0000e+00    0.0000e+00
 1.0000e-03    0.0000e+00   -2.1119e+00    2.0096e+00
 2.0000e-03    4.3631e+00   -2.0842e+00    2.0022e+00
 3.0000e-03    8.5609e+00   -2.0426e+00    1.9910e+00
 4.0000e-03    1.2596e+01   -2.0018e+00    1.9801e+00
 5.0000e-03    1.6472e+01   -1.9619e+00    1.9693e+00
 6.0000e-03    2.0193e+01   -1.9228e+00    1.9588e+00
 7.0000e-03    2.3761e+01   -1.8846e+00    1.9485e+00
 8.0000e-03    2.7181e+01   -1.8473e+00    1.9384e+00
 9.0000e-03    3.0457e+01   -1.8110e+00    1.9286e+00
 1.0000e-02    3.3592e+01   -1.7756e+00    1.9190e+00
 1.1000e-02    3.6592e+01   -1.7411e+00    1.9096e+00
 1.2000e-02    3.9460e+01   -1.7075e+00    1.9004e+00
 1.3000e-02    4.2201e+01   -1.6748e+00    1.8915e+00
 1.4000e-02    4.4820e+01   -1.6431e+00    1.8828e+00
 1.5000e-02    4.7322e+01   -1.6123e+00    1.8744e+00
 1.6000e-02    4.9710e+01   -1.5824e+00    1.8662e+00
 1.7000e-02    5.1990e+01   -1.5534e+00    1.8582e+00
 1.8000e-02    5.4167e+01   -1.5253e+00    1.8504e+00
 1.9000e-02    5.6245e+01   -1.4980e+00    1.8429e+00
 2.0000e-02    5.8228e+01   -1.4716e+00    1.8355e+00
 2.1000e-02    6.0121e+01   -1.4460e+00    1.8284e+00
 2.2000e-02    6.1928e+01   -1.4213e+00    1.8214e+00
 2.3000e-02    6.3653e+01   -1.3973e+00    1.8147e+00
 2.4000e-02    6.5299e+01   -1.3742e+00    1.8082e+00
 2.5000e-02    6.6872e+01   -1.3518e+00    1.8019e+00
 2.6000e-02    6.8373e+01   -1.3301e+00    1.7957e+00
 2.7000e-02    6.9808e+01   -1.3092e+00    1.7897e+00
 2.8000e-02    7.1180e+01   -1.2889e+00    1.7839e+00
 2.9000e-02    7.2491e+01   -1.2693e+00    1.7783e+00
 3.0000e-02    7.3745e+01   -1.2504e+00    1.7728e+00
 3.1000e-02    7.4945e+01   -1.2321e+00    1.7675e+00
 3.2000e-02    7.6094e+01   -1.2145e+00    1.7623e+00
 3.3000e-02    7.7195e+01   -1.1974e+00    1.7573e+00
 3.4000e-02    7.8250e+01   -1.1809e+00    1.7524e+00
 3.5000e-02    7.9262e+01   -1.1649e+00    1.7477e+00
 3.6000e-02    8.0232e+01   -1.1495e+00    1.7431e+00
 3.7000e-02    8.1163e+01   -1.1346e+00    1.7386e+00
 3.8000e-02    8.2057e+01   -1.1202e+00    1.7342e+00
 3.9000e-02    8.2916e+01   -1.1062e+00    1.7300e+00
 4.0000e-02    8.3742e+01   -1.0927e+00    1.7259e+00
 4.1000e-02    8.4536e+01   -1.0797e+00    1.7218e+00
 4.2000e-02    8.5301e+01   -1.0670e+00    1.7179e+00
 4.3000e-02    8.6038e+01   -1.0548e+00    1.7141e+00
 4.4000e-02    8.6748e+01   -1.0429e+00    1.7104e+00
 4.5000e-02    8.7433e+01   -1.0315e+00    1.7067e+00
 4.6000e-02    8.8095e+01   -1.0203e+00    1.7032e+00
 4.7000e-02    8.8733e+01   -1.0096e+00    1.6997e+00
 4.8000e-02    8.9350e+01   -9.9910e-01    1.6964e+00
 4.9000e-02    8.9947e+01   -9.8895e-01    1.6931e+00
 5.0000e-02    9.0525e+01   -9.7911e-01    1.6898e+00
 5.1000e-02    9.1084e+01   -9.6955e-01    1.6867e+00
 5.2000e-02    9.1625e+01   -9.6028e-01    1.6836e+00
 5.3000e-02    9.2150e+01   -9.5127e-01    1.6805e+00
 5.4000e-02    9.2659e+01   -9.4251e-01    1.6776e+00
 5.5000e-02    9.3153e+01   -9.3400e-01    1.6746e+00
 5.6000e-02    9.3633e+01   -9.2572e-01    1.6718e+00
 5.7000e-02    9.4100e+01   -9.1767e-01    1.6690e+00
 5.8000e-02    9.4554e+01   -9.0984e-01    1.6663e+00
 5.9000e-02    9.4996e+01   -9.0222e-01    1.6636e+00
 6.0000e-02    9.5426e+01   -8.9478e-01    1.6609e+00
 6.1000e-02    9.5846e+01   -8.8755e-01    1.6583e+00
 6.2000e-02    9.6255e+01   -8.8049e-01    1.6557e+00
 6.3000e-02    9.6655e+01   -8.7361e-01    1.6532e+00
 6.4000e-02    9.7045e+01   -8.6690e-01    1.6508e+00
 6.5000e-02    9.7425e+01   -8.6038e-01    1.6483e+00
 6.6000e-02    9.7797e+01   -8.5402e-01    1.6459e+00
 6.7000e-02    9.8161e+01   -8.4781e-01    1.6436e+00
 6.8000e-02    9.8516e+01   -8.4177e-01    1.6413e+00
 6.9000e-02    9.8863e+01   -8.3589e-01    1.6390e+00
 7.0000e-02    9.9202e+01   -8.3016e-01    1.6368e+00
 7.1000e-02    9.9534e+01   -8.2460e-01    1.6346e+00
 7.2000e-02    9.9858e+01   -8.1917e-01    1.6324e+00
 7.3000e-02    1.0017e+02   -8.1389e-01    1.6303e+00
 7.4000e-02    1.0048e+02   -8.0877e-01    1.6282e+00
 7.5000e-02    1.0079e+02   -8.0378e-01    1.6262e+00
 7.6000e-02    1.0109e+02   -7.9893e-01    1.6241e+00
 7.7000e-02    1.0138e+02   -7.9421e-01    1.6221e+00
 7.8000e-02    1.0166e+02   -7.8961e-01    1.6202e+00
 7.9000e-02    1.0194e+02   -7.8512e-01    1.6182e+00
 8.0000e-02    1.0221e+02   -7.8075e-01    1.6163e+00
 8.1000e-02    1.0248e+02   -7.7650e-01    1.6144e+00
 8.2000e-02    1.0275e+02   -7.7235e-01    1.6126e+00
 8.3000e-02    1.0300e+02   -7.6831e-01    1.6107e+00
 8.4000e-02    1.0326e+02   -7.6438e-01    1.6089e+00
 8.5000e-02    1.0351e+02   -7.6055e-01    1.6072e+00
 8.6000e-02    1.0375e+02   -7.5678e-01    1.6054e+00
 8.7000e-02    1.0399e+02   -7.5311e-01    1.6037e+00
 8.8000e-02    1.0423e+02   -7.4950e-01    1.6020e+00
 8.9000e-02    1.0446e+02   -7.4598e-01    1.6003e+00
 9.0000e-02    1.0469e+02   -7.4251e-01    1.5986e+00
 9.1000e-02    1.0491e+02   -7.3911e-01    1.5969e+00
 9.2000e-02    1.0514e+02   -7.3575e-01    1.5952e+00
 9.3000e-02    1.0536e+02   -7.3245e-01    1.5936e+00
 9.4000e-02    1.0557e+02   -7.2920e-01    1.5920e+00
 9.5000e-02    1.0579e+02   -7.2599e-01    1.5904e+00
 9.6000e-02    1.0600e+02   -7.2283e-01    1.5888e+00
 9.7000e-02    1.0621e+02   -7.1970e-01    1.5871e+00
 9.8000e-02    1.0642e+02   -7.1660e-01    1.5855e+00
 9.9000e-02    1.0663e+02   -7.1354e-01    1.5840e+00
 1.0000e-01    1.0684e+02   -7.1050e-01    1.5824e+00
 1.0100e-01    1.0704e+02   -7.0746e-01    1.5808e+00
 1.0200e-01    1.0724e+02   -7.0443e-01    1.5792e+00
 1.0300e-01    1.0745e+02   -7.0138e-01    1.5776e+00
 1.0400e-01    1.0765e+02   -6.9833e-01    1.5760e+00
 1.0500e-01    1.0785e+02   -6.9529e-01    1.5744e+00
 1.0600e-01    1.0805e+02   -6.9224e-01    1.5728e+00
 1.0700e-01    1.0825e+02   -6.8921e-01    1.5713e+00
 1.0800e-01    1.0845e+02   -6.8616e-01    1.5697e+00
 1.0900e-01    1.0865e+02   -6.8311e-01    1.5681e+00
 1.1000e-01    1.0885e+02   -6.8006e-01    1.5665e+00
 1.1100e-01    1.0904e+02   -6.7703e-01    1.5649e+00
 1.1200e-01    1.0924e+02   -6.7399e-01    1.5633e+00
 1.1300e-01    1.0943e+02   -6.7099e-01    1.5617e+00
 1.1400e-01    1.0962e+02   -6.6801e-01    1.5602e+00
 1.1500e-01    1.0982e+02   -6.6508e-01    1.5586e+00
 1.1600e-01    1.1000e+02   -6.6220e-01    1.5570e+00
 1.1700e-01    1.1019e+02   -6.5935e-01    1.5555e+00
 1.1800e-01    1.1038e+02   -6.5657e-01    1.5539e+00
 1.1900e-01    1.1056e+02   -6.5385e-01    1.5524e+00
 1.2000e-01    1.1074e+02   -6.5118e-01    1.5509e+00
 1.2100e-01    1.1092e+02   -6.4857e-01    1.5494e+00
 1.2200e-01    1.1109e+02   -6.4599e-01    1.5479e+00
 1.2300e-01    1.1127e+02   -6.4341e-01    1.5464e+00
 1.2400e-01    1.1144e+02   -6.4089e-01    1.5450e+00
 1.2500e-01    1.1161e+02   -6.3840e-01    1.5435e+00
 1.2600e-01    1.1177e+02   -6.3597e-01    1.5421e+00
 1.2700e-01    1.1194e+02   -6.3359e-01    1.5407e+00
 1.2800e-01    1.1210e+02   -6.3128e-01    1.5393e+00
 1.2900e-01    1.1226e+02   -6.2903e-01    1.5379e+00
 1.3000e-01    1.1241e+02   -6.2691e-01    1.5365e+00
 1.3100e-01    1.1256e+02   -6.2485e-01    1.5352e+00
 1.3200e-01    1.1271e+02   -6.2287e-01    1.5339e+00
 1.3300e-01    1.1285e+02   -6.2097e-01    1.5325e+00
 1.3400e-01    1.1300e+02   -6.1916e-01    1.5313e+00
 1.3500e-01    1.1314e+02   -6.1744e-01    1.5300e+00
 1.3600e-01    1.1327e+02   -6.1581e-01    1.5287e+00
 1.3700e-01    1.1341e+02   -6.1427e-01    1.5275e+00
 1.3800e-01    1.1354e+02   -6.1281e-01    1.5263e+00
 1.3900e-01    1.1366e+02   -6.1143e-01    1.5252e+00
 1.4000e-01    1.1379e+02   -6.1012e-01    1.5240e+00
 1.4100e-01    1.1392e+02   -6.0884e-01    1.5229e+00
 1.4200e-01    1.1404e+02   -6.0760e-01    1.5218e+00
 1.4300e-01    1.1416e+02   -6.0636e-01    1.5206e+00
 1.4400e-01    1.1429e+02   -6.0510e-01    1.5195e+00
 1.4500e-01    1.1441e+02   -6.0380e-01    1.5184e+00
 1.4600e-01    1.1454e+02   -6.0243e-01    1.5172e+00
 1.4700e-01    1.1467e+02   -6.0099e-01    1.5161e+00
 1.4800e-01    1.1480e+02   -5.9948e-01    1.5149e+00
 1.4900e-01    1.1493e+02   -5.9787e-01    1.5137e+00
 1.5000e-01    1.1507e+02   -5.9619e-01    1.5124e+00
 1.5100e-01    1.1520e+02   -5.9442e-01    1.5111e+00
 1.5200e-01    1.1534e+02   -5.9253e-01    1.5098e+00
 1.5300e-01    1.1549e+02   -5.9053e-01    1.5085e+00
 1.5400e-01    1.1563e+02   -5.8842e-01    1.5072e+00
 1.5500e-01    1.1578e+02   -5.8621e-01    1.5058e+00
 1.5600e-01    1.1593e+02   -5.8389e-01    1.5044e+00
 1.5700e-01    1.1608e+02   -5.8147e-01    1.5030e+00
 1.5800e-01    1.1623e+02   -5.7897e-01    1.5015e+00
 1.5900e-01    1.1639e+02   -5.7642e-01    1.5001e+00
 1.6000e-01    1.1654e+02   -5.7385e-01    1.4986e+00
 1.6100e-01    1.1669e+02   -5.7128e-01    1.4971e+00
 1.6200e-01    1.1684e+02   -5.6873e-01    1.4957e+00
 1.6300e-01    1.1699e+02   -5.6624e-01    1.4942e+00
 1.6400e-01    1.1714e+02   -5.6386e-01    1.4928e+00
 1.6500e-01    1.1728e+02   -5.6161e-01    1.4914e+00
 1.6600e-01    1.1742e+02   -5.5953e-01    1.4900e+00
 1.6700e-01    1.1755e+02   -5.5764e-01    1.4887e+00
 1.6800e-01    1.1768e+02   -5.5598e-01    1.4875e+00
 1.6900e-01    1.1780e+02   -5.5456e-01    1.4863e+00
 1.7000e-01    1.1791e+02   -5.5337e-01    1.4852e+00
 1.7100e-01    1.1802e+02   -5.5241e-01    1.4841e+00
 1.7200e-01    1.1812e+02   -5.5166e-01    1.4831e+00
 1.7300e-01    1.1822e+02   -5.5107e-01    1.4822e+00
 1.7400e-01    1.1831e+02   -5.5064e-01    1.4812e+00
 1.7500e-01    1.1840e+02   -5.5032e-01    1.4804e+00
 1.7600e-01    1.1849e+02   -5.5006e-01    1.4795e+00
 1.7700e-01    1.1858e+02   -5.4981e-01    1.4786e+00
 1.7800e-01    1.1867e+02   -5.4957e-01    1.4778e+00
 1.7900e-01    1.1875e+02   -5.4929e-01    1.4769e+00
 1.8000e-01    1.1884e+02   -5.4886e-01    1.4760e+00
 1.8100e-01    1.1893e+02   -5.4835e-01    1.4750e+00
 1.8200e-01    1.1903e+02   -5.4767e-01    1.4741e+00
 1.8300e-01    1.1913e+02   -5.4682e-01    1.4731e+00
 1.8400e-01    1.1923e+02   -5.4578e-01    1.4720e+00
 1.8500e-01    1.1934e+02   -5.4451e-01    1.4709e+00
 1.8600e-01    1.1946e+02   -5.4303e-01    1.4697e+00
 1.8700e-01    1.1958e+02   -5.4135e-01    1.4685e+00
 1.8800e-01    1.1970e+02   -5.3946e-01    1.4672e+00
 1.8900e-01    1.1983e+02   -5.3740e-01    1.4659e+00
 1.9000e-01    1.1996e+02   -5.3519e-01    1.4645e+00
 1.9100e-01    1.2010e+02   -5.3286e-01    1.4631e+00
 1.9200e-01    1.2023e+02   -5.3047e-01    1.4617e+00
 1.9300e-01    1.2037e+02   -5.2804e-01    1.4603e+00
 1.9400e-01    1.2050e+02   -5.2563e-01    1.4589e+00
 1.9500e-01    1.2064e+02   -5.2328e-01    1.4575e+00
 1.9600e-01    1.2077e+02   -5.2105e-01    1.4561e+00
 1.9700e-01    1.2089e+02   -5.1901e-01    1.4548e+00
 1.9800e-01    1.2101e+02   -5.1717e-01    1.4535e+00
 1.9900e-01    1.2113e+02   -5.1560e-01    1.4523e+00
 2.0000e-01    1.2123e+02   -5.1430e-01    1.4512e+00
 2.0100e-01    1.2133e+02   -5.1329e-01    1.4501e+00
 2.0200e-01    1.2142e+02   -5.1255e-01    1.4491e+00
 2.0300e-01    1.2151e+02   -5.1207e-01    1.4482e+00
 2.0400e-01    1.2159e+02   -5.1184e-01    1.4473e+00
 2.0500e-01    1.2166e+02   -5.1181e-01    1.4465e+00
 2.0600e-01    1.2173e+02   -5.1191e-01    1.4458e+00
 2.0700e-01    1.2180e+02   -5.1212e-01    1.4450e+00
 2.0800e-01    1.2186e+02   -5.1236e-01    1.4443e+00
 2.0900e-01    1.2193e+02   -5.1255e-01    1.4436e+00
 2.1000e-01    1.2200e+02   -5.1268e-01    1.4428e+00
 2.1100e-01    1.2207e+02   -5.1270e-01    1.4420e+00
 2.1200e-01    1.2215e+02   -5.1256e-01    1.4412e+00
 2.1300e-01    1.2223e+02   -5.1222e-01    1.4404e+00
 2.1400e-01    1.2231e+02   -5.1162e-01    1.4395e+00
 2.1500e-01    1.2240e+02   -5.1079e-01    1.4385e+00
 2.1600e-01    1.2250e+02   -5.0967e-01    1.4374e+00
 2.1700e-01    1.2261e+02   -5.0825e-01    1.4363e+00
 2.1800e-01    1.2272e+02   -5.0656e-01    1.4350e+00
 2.1900e-01    1.2284e+02   -5.0458e-01    1.4338e+00
 2.2000e-01    1.2296e+02   -5.0247e-01    1.4324e+00
 2.2100e-01    1.2308e+02   -5.0026e-01    1.4311e+00
 2.2200e-01    1.2321e+02   -4.9793e-01    1.4297e+00
 2.2300e-01    1.2333e+02   -4.9557e-01    1.4283e+00
 2.2400e-01    1.2345e+02   -4.9325e-01    1.4269e+00
 2.2500e-01    1.2357e+02   -4.9105e-01    1.4256e+00
 2.2600e-01    1.2368e+02   -4.8902e-01    1.4243e+00
 2.2700e-01    1.2379e+02   -4.8721e-01    1.4231e+00
 2.2800e-01    1.2389e+02   -4.8569e-01    1.4219e+00
 2.2900e-01    1.2399e+02   -4.8445e-01    1.4208e+00
 2.3000e-01    1.2407e+02   -4.8355e-01    1.4198e+00
 2.3100e-01    1.2415e+02   -4.8296e-01    1.4189e+00
 2.3200e-01    1.2422e+02   -4.8269e-01    1.4181e+00
 2.3300e-01    1.2429e+02   -4.8273e-01    1.4173e+00
 2.3400e-01    1.2435e+02   -4.8300e-01    1.4166e+00
 2.3500e-01    1.2441e+02   -4.8343e-01    1.4159e+00
 2.3600e-01    1.2446e+02   -4.8399e-01    1.4153e+00
 2.3700e-01    1.2451e+02   -4.8461e-01    1.4147e+00
 2.3800e-01    1.2457e+02   -4.8513e-01    1.4141e+00
 2.3900e-01    1.2463e+02   -4.8553e-01    1.4134e+00
 2.4000e-01    1.2469e+02   -4.8572e-01    1.4127e+00
 2.4100e-01    1.2476e+02   -4.8563e-01    1.4120e+00
 2.4200e-01    1.2484e+02   -4.8521e-01    1.4111e+00
 2.4300e-01    1.2492e+02   -4.8447e-01    1.4102e+00
 2.4400e-01    1.2501e+02   -4.8333e-01    1.4091e+00
 2.4500e-01    1.2512e+02   -4.8178e-01    1.4080e+00
 2.4600e-01    1.2523e+02   -4.7986e-01    1.4068e+00
 2.4700e-01    1.2534e+02   -4.7763e-01    1.4054e+00
 2.4800e-01    1.2546e+02   -4.7519e-01    1.4041e+00
 2.4900e-01    1.2559e+02   -4.7257e-01    1.4026e+00
 2.5000e-01    1.2571e+02   -4.6987e-01    1.4012e+00
 2.5100e-01    1.2583e+02   -4.6723e-01    1.3997e+00
 2.5200e-01    1.2595e+02   -4.6476e-01    1.3983e+00
 2.5300e-01    1.2606e+02   -4.6259e-01    1.3970e+00
 2.5400e-01    1.2617e+02   -4.6080e-01    1.3958e+00
 2.5500e-01    1.2626e+02   -4.5944e-01    1.3947e+00
 2.5600e-01    1.2634e+02   -4.5867e-01    1.3937e+00
 2.5700e-01    1.2641e+02   -4.5844e-01    1.3929e+00
 2.5800e-01    1.2646e+02   -4.5868e-01    1.3922e+00
 2.5900e-01    1.2651e+02   -4.5929e-01    1.3916e+00
 2.6000e-01    1.2656e+02   -4.6024e-01    1.3911e+00
 2.6100e-01    1.2659e+02   -4.6143e-01    1.3906e+00
 2.6200e-01    1.2663e+02   -4.6271e-01    1.3902e+00
 2.6300e-01    1.2667e+02   -4.6392e-01    1.3898e+00
 2.6400e-01    1.2671e+02   -4.6493e-01    1.3894e+00
 2.6500e-01    1.2675e+02   -4.6560e-01    1.3888e+00
 2.6600e-01    1.2681e+02   -4.6588e-01    1.3882e+00
 2.6700e-01    1.2688e+02   -4.6568e-01    1.3874e+00
 2.6800e-01    1.2696e+02   -4.6496e-01    1.3865e+00
 2.6900e-01    1.2705e+02   -4.6369e-01    1.3855e+00
 2.7000e-01    1.2715e+02   -4.6192e-01    1.3843e+00
 2.7100e-01    1.2726e+02   -4.5972e-01    1.3830e+00
 2.7200e-01    1.2737e+02   -4.5710e-01    1.3816e+00
 2.7300e-01    1.2750e+02   -4.5422e-01    1.3801e+00
 2.7400e-01    1.2762e+02   -4.5122e-01    1.3786e+00
 2.7500e-01    1.2775e+02   -4.4827e-01    1.3771e+00
 2.7600e-01    1.2787e+02   -4.4549e-01    1.3756e+00
 2.7700e-01    1.2798e+02   -4.4300e-01    1.3742e+00
 2.7800e-01    1.2808e+02   -4.4101e-01    1.3729e+00
 2.7900e-01    1.2817e+02   -4.3963e-01    1.3719e+00
 2.8000e-01    1.2824e+02   -4.3884e-01    1.3709e+00
 2.8100e-01    1.2830e+02   -4.3873e-01    1.3702e+00
 2.8200e-01    1.2835e+02   -4.3919e-01    1.3696e+00
 2.8300e-01    1.2839e+02   -4.4019e-01    1.3691e+00
 2.8400e-01    1.2842e+02   -4.4159e-01    1.3687e+00
 2.8500e-01    1.2844e+02   -4.4318e-01    1.3684e+00
 2.8600e-01    1.2847e+02   -4.4482e-01    1.3681e+00
 2.8700e-01    1.2849e+02   -4.4638e-01    1.3678e+00
 2.8800e-01    1.2853e+02   -4.4764e-01    1.3674e+00
 2.8900e-01    1.2857e+02   -4.4834e-01    1.3669e+00
 2.9000e-01    1.2863e+02   -4.4844e-01    1.3662e+00
 2.9100e-01    1.2870e+02   -4.4785e-01    1.3653e+00
 2.9200e-01    1.2878e+02   -4.4660e-01    1.3643e+00
 2.9300e-01    1.2888e+02   -4.4466e-01    1.3631e+00
 2.9400e-01    1.2899e+02   -4.4215e-01    1.3617e+00
 2.9500e-01    1.2910e+02   -4.3929e-01    1.3603e+00
 2.9600e-01    1.2922e+02   -4.3622e-01    1.3589e+00
 2.9700e-01    1.2934e+02   -4.3309e-01    1.3574e+00
 2.9800e-01    1.2946e+02   -4.3011e-01    1.3559e+00
 2.9900e-01    1.2957e+02   -4.2746e-01    1.3545e+00
 3.0000e-01    1.2966e+02   -4.2536e-01    1.3532e+00
 3.0100e-01    1.2975e+02   -4.2388e-01    1.3521e+00
 3.0200e-01    1.2981e+02   -4.2314e-01    1.3512e+00
 3.0300e-01    1.2987e+02   -4.2314e-01    1.3504e+00
 3.0400e-01    1.2991e+02   -4.2382e-01    1.3499e+00
 3.0500e-01    1.2994e+02   -4.2508e-01    1.3495e+00
 3.0600e-01    1.2996e+02   -4.2674e-01    1.3492e+00
 3.0700e-01    1.2997e+02   -4.2863e-01    1.3490e+00
 3.0800e-01    1.2999e+02   -4.3048e-01    1.3488e+00
 3.0900e-01    1.3001e+02   -4.3211e-01    1.3485e+00
 3.1000e-01    1.3003e+02   -4.3329e-01    1.3481e+00
 3.1100e-01    1.3007e+02   -4.3404e-01    1.3476e+00
 3.1200e-01    1.3012e+02   -4.3414e-01    1.3470e+00
 3.1300e-01    1.3018e+02   -4.3356e-01    1.3461e+00
 3.1400e-01    1.3026e+02   -4.3237e-01    1.3451e+00
 3.1500e-01    1.3034e+02   -4.3058e-01    1.3440e+00
 3.1600e-01    1.3044e+02   -4.2826e-01    1.3427e+00
 3.1700e-01    1.3054e+02   -4.2565e-01    1.3414e+00
 3.1800e-01    1.3065e+02   -4.2281e-01    1.3399e+00
 3.1900e-01    1.3076e+02   -4.2001e-01    1.3385e+00
 3.2000e-01    1.3086e+02   -4.1748e-01    1.3372e+00
 3.2100e-01    1.3095e+02   -4.1542e-01    1.3360e+00
 3.2200e-01    1.3103e+02   -4.1396e-01    1.3349e+00
 3.2300e-01    1.3109e+02   -4.1326e-01    1.3340e+00
 3.2400e-01    1.3114e+02   -4.1327e-01    1.3333e+00
 3.2500e-01    1.3118e+02   -4.1401e-01    1.3328e+00
 3.2600e-01    1.3121e+02   -4.1524e-01    1.3324e+00
 3.2700e-01    1.3123e+02   -4.1679e-01    1.3321e+00
 3.2800e-01    1.3125e+02   -4.1852e-01    1.3319e+00
 3.2900e-01    1.3127e+02   -4.2010e-01    1.3316e+00
 3.3000e-01    1.3130e+02   -4.2139e-01    1.3312e+00
 3.3100e-01    1.3133e+02   -4.2217e-01    1.3308e+00
 3.3200e-01    1.3138e+02   -4.2236e-01    1.3302e+00
 3.3300e-01    1.3144e+02   -4.2184e-01    1.3294e+00
 3.3400e-01    1.3152e+02   -4.2061e-01    1.3284e+00
 3.3500e-01    1.3161e+02   -4.1867e-01    1.3272e+00
 3.3600e-01    1.3170e+02   -4.1619e-01    1.3260e+00
 3.3700e-01    1.3181e+02   -4.1336e-01    1.3246e+00
 3.3800e-01    1.3192e+02   -4.1040e-01    1.3231e+00
 3.3900e-01    1.3202e+02   -4.0751e-01    1.3217e+00
 3.4000e-01    1.3212e+02   -4.0496e-01    1.3204e+00
 3.4100e-01    1.3220e+02   -4.0305e-01    1.3192e+00
 3.4200e-01    1.3227e+02   -4.0190e-01    1.3182e+00
 3.4300e-01    1.3233e+02   -4.0161e-01    1.3175e+00
 3.4400e-01    1.3237e+02   -4.0218e-01    1.3169e+00
 3.4500e-01    1.3239e+02   -4.0342e-01    1.3166e+00
 3.4600e-01    1.3241e+02   -4.0517e-01    1.3163e+00
 3.4700e-01    1.3242e+02   -4.0722e-01    1.3162e+00
 3.4800e-01    1.3243e+02   -4.0928e-01    1.3161e+00
 3.4900e-01    1.3244e+02   -4.1101e-01    1.3159e+00
 3.5000e-01    1.3246e+02   -4.1227e-01    1.3156e+00
 3.5100e-01    1.3250e+02   -4.1286e-01    1.3151e+00
 3.5200e-01    1.3255e+02   -4.1272e-01    1.3145e+00
 3.5300e-01    1.3261e+02   -4.1180e-01    1.3136e+00
 3.5400e-01    1.3269e+02   -4.1015e-01    1.3125e+00
 3.5500e-01    1.3278e+02   -4.0782e-01    1.3113e+00
 3.5600e-01    1.3288e+02   -4.0503e-01    1.3099e+00
 3.5700e-01    1.3298e+02   -4.0207e-01    1.3085e+00
 3.5800e-01    1.3308e+02   -3.9913e-01    1.3071e+00
 3.5900e-01    1.3318e+02   -3.9652e-01    1.3057e+00
 3.6000e-01    1.3326e+02   -3.9450e-01    1.3046e+00
 3.6100e-01    1.3333e+02   -3.9324e-01    1.3036e+00
 3.6200e-01    1.3338e+02   -3.9291e-01    1.3028e+00
 3.6300e-01    1.3342e+02   -3.9352e-01    1.3023e+00
 3.6400e-01    1.3344e+02   -3.9488e-01    1.3020e+00
 3.6500e-01    1.3345e+02   -3.9671e-01    1.3018e+00
 3.6600e-01    1.3346e+02   -3.9881e-01    1.3017e+00
 3.6700e-01    1.3346e+02   -4.0091e-01    1.3016e+00
 3.6800e-01    1.3348e+02   -4.0259e-01    1.3014e+00
 3.6900e-01    1.3350e+02   -4.0373e-01    1.3011e+00
 3.7000e-01    1.3354e+02   -4.0407e-01    1.3005e+00
 3.7100e-01    1.3360e+02   -4.0349e-01    1.2998e+00
 3.7200e-01    1.3368e+02   -4.0197e-01    1.2987e+00
 3.7300e-01    1.3377e+02   -3.9967e-01    1.2975e+00
 3.7400e-01    1.3387e+02   -3.9675e-01    1.2962e+00
 3.7500e-01    1.3397e+02   -3.9347e-01    1.2947e+00
 3.7600e-01    1.3408e+02   -3.9015e-01    1.2932e+00
 3.7700e-01    1.3418e+02   -3.8715e-01    1.2918e+00
 3.7800e-01    1.3427e+02   -3.8477e-01    1.2905e+00
 3.7900e-01    1.3434e+02   -3.8319e-01    1.2895e+00
 3.8000e-01    1.3439e+02   -3.8272e-01    1.2887e+00
 3.8100e-01    1.3442e+02   -3.8333e-01    1.2882e+00
 3.8200e-01    1.3444e+02   -3.8482e-01    1.2880e+00
 3.8300e-01    1.3445e+02   -3.8691e-01    1.2879e+00
 3.8400e-01    1.3444e+02   -3.8930e-01    1.2879e+00
 3.8500e-01    1.3444e+02   -3.9166e-01    1.2879e+00
 3.8600e-01    1.3445e+02   -3.9366e-01    1.2878e+00
 3.8700e-01    1.3447e+02   -3.9504e-01    1.2875e+00
 3.8800e-01    1.3450e+02   -3.9557e-01    1.2871e+00
 3.8900e-01    1.3455e+02   -3.9510e-01    1.2863e+00
 3.9000e-01    1.3462e+02   -3.9367e-01    1.2854e+00
 3.9100e-01    1.3471e+02   -3.9136e-01    1.2842e+00
 3.9200e-01    1.3481e+02   -3.8836e-01    1.2828e+00
 3.9300e-01    1.3492e+02   -3.8502e-01    1.2813e+00
 3.9400e-01    1.3503e+02   -3.8155e-01    1.2798e+00
 3.9500e-01    1.3513e+02   -3.7834e-01    1.2784e+00
 3.9600e-01    1.3522e+02   -3.7580e-01    1.2771e+00
 3.9700e-01    1.3529e+02   -3.7425e-01    1.2761e+00
 3.9800e-01    1.3534e+02   -3.7380e-01    1.2753e+00
 3.9900e-01    1.3537e+02   -3.7450e-01    1.2749e+00
 4.0000e-01    1.3538e+02   -3.7622e-01    1.2747e+00
 4.0100e-01    1.3538e+02   -3.7870e-01    1.2747e+00
 4.0200e-01    1.3537e+02   -3.8154e-01    1.2748e+00
 4.0300e-01    1.3537e+02   -3.8434e-01    1.2750e+00
 4.0400e-01    1.3537e+02   -3.8666e-01    1.2750e+00
 4.0500e-01    1.3538e+02   -3.8821e-01    1.2748e+00
 4.0600e-01    1.3541e+02   -3.8876e-01    1.2743e+00
 4.0700e-01    1.3546e+02   -3.8816e-01    1.2736e+00
 4.0800e-01    1.3554e+02   -3.8648e-01    1.2726e+00
 4.0900e-01    1.3562e+02   -3.8384e-01    1.2713e+00
 4.1000e-01    1.3573e+02   -3.8047e-01    1.2698e+00
 4.1100e-01    1.3583e+02   -3.7674e-01    1.2683e+00
 4.1200e-01    1.3594e+02   -3.7313e-01    1.2668e+00
 4.1300e-01    1.3603e+02   -3.7006e-01    1.2653e+00
 4.1400e-01    1.3611e+02   -3.6798e-01    1.2642e+00
 4.1500e-01    1.3616e+02   -3.6713e-01    1.2634e+00
 4.1600e-01    1.3619e+02   -3.6767e-01    1.2629e+00
 4.1700e-01    1.3620e+02   -3.6940e-01    1.2628e+00
 4.1800e-01    1.3619e+02   -3.7204e-01    1.2629e+00
 4.1900e-01    1.3618e+02   -3.7516e-01    1.2631e+00
 4.2000e-01    1.3616e+02   -3.7827e-01    1.2633e+00
 4.2100e-01    1.3616e+02   -3.8085e-01    1.2634e+00
 4.2200e-01    1.3617e+02   -3.8258e-01    1.2633e+00
 4.2300e-01    1.3620e+02   -3.8317e-01    1.2629e+00
 4.2400e-01    1.3625e+02   -3.8252e-01    1.2621e+00
 4.2500e-01    1.3632e+02   -3.8059e-01    1.2610e+00
 4.2600e-01    1.3641e+02   -3.7760e-01    1.2597e+00
 4.2700e-01    1.3651e+02   -3.7384e-01    1.2582e+00
 4.2800e-01    1.3662e+02   -3.6976e-01    1.2566e+00
 4.2900e-01    1.3673e+02   -3.6586e-01    1.2550e+00
 4.3000e-01    1.3682e+02   -3.6263e-01    1.2536e+00
 4.3100e-01    1.3689e+02   -3.6054e-01    1.2524e+00
 4.3200e-01    1.3694e+02   -3.5988e-01    1.2517e+00
 4.3300e-01    1.3697e+02   -3.6065e-01    1.2513e+00
 4.3400e-01    1.3697e+02   -3.6265e-01    1.2512e+00
 4.3500e-01    1.3696e+02   -3.6561e-01    1.2513e+00
 4.3600e-01    1.3693e+02   -3.6898e-01    1.2516e+00
 4.3700e-01    1.3692e+02   -3.7221e-01    1.2519e+00
 4.3800e-01    1.3691e+02   -3.7480e-01    1.2520e+00
 4.3900e-01    1.3691e+02   -3.7640e-01    1.2519e+00
 4.4000e-01    1.3694e+02   -3.7677e-01    1.2514e+00
 4.4100e-01    1.3700e+02   -3.7586e-01    1.2506e+00
 4.4200e-01    1.3707e+02   -3.7376e-01    1.2495e+00
 4.4300e-01    1.3716e+02   -3.7066e-01    1.2482e+00
 4.4400e-01    1.3726e+02   -3.6690e-01    1.2467e+00
 4.4500e-01    1.3736e+02   -3.6299e-01    1.2451e+00
 4.4600e-01    1.3746e+02   -3.5948e-01    1.2436e+00
 4.4700e-01    1.3754e+02   -3.5687e-01    1.2423e+00
 4.4800e-01    1.3760e+02   -3.5556e-01    1.2414e+00
 4.4900e-01    1.3764e+02   -3.5571e-01    1.2408e+00
 4.5000e-01    1.3765e+02   -3.5720e-01    1.2407e+00
 4.5100e-01    1.3765e+02   -3.5979e-01    1.2408e+00
 4.5200e-01    1.3763e+02   -3.6283e-01    1.2410e+00
 4.5300e-01    1.3762e+02   -3.6579e-01    1.2411e+00
 4.5400e-01    1.3761e+02   -3.6830e-01    1.2412e+00
 4.5500e-01    1.3761e+02   -3.7002e-01    1.2411e+00
 4.5600e-01    1.3764e+02   -3.7059e-01    1.2407e+00
 4.5700e-01    1.3769e+02   -3.6994e-01    1.2401e+00
 4.5800e-01    1.3775e+02   -3.6815e-01    1.2391e+00
 4.5900e-01    1.3784e+02   -3.6535e-01    1.2378e+00
 4.6000e-01    1.3793e+02   -3.6187e-01    1.2364e+00
 4.6100e-01    1.3803e+02   -3.5819e-01    1.2349e+00
 4.6200e-01    1.3813e+02   -3.5482e-01    1.2334e+00
 4.6300e-01    1.3821e+02   -3.5228e-01    1.2322e+00
 4.6400e-01    1.3826e+02   -3.5090e-01    1.2313e+00
 4.6500e-01    1.3830e+02   -3.5094e-01    1.2308e+00
 4.6600e-01    1.3831e+02   -3.5233e-01    1.2305e+00
 4.6700e-01    1.3831e+02   -3.5468e-01    1.2306e+00
 4.6800e-01    1.3829e+02   -3.5761e-01    1.2308e+00
 4.6900e-01    1.3828e+02   -3.6057e-01    1.2310e+00
 4.7000e-01    1.3827e+02   -3.6300e-01    1.2311e+00
 4.7100e-01    1.3828e+02   -3.6449e-01    1.2310e+00
 4.7200e-01    1.3831e+02   -3.6477e-01    1.2306e+00
 4.7300e-01    1.3836e+02   -3.6375e-01    1.2298e+00
 4.7400e-01    1.3844e+02   -3.6156e-01    1.2287e+00
 4.7500e-01    1.3853e+02   -3.5835e-01    1.2273e+00
 4.7600e-01    1.3862e+02   -3.5456e-01    1.2258e+00
 4.7700e-01    1.3872e+02   -3.5077e-01    1.2243e+00
 4.7800e-01    1.3881e+02   -3.4750e-01    1.2229e+00
 4.7900e-01    1.3888e+02   -3.4528e-01    1.2218e+00
 4.8000e-01    1.3893e+02   -3.4456e-01    1.2210e+00
 4.8100e-01    1.3895e+02   -3.4531e-01    1.2206e+00
 4.8200e-01    1.3895e+02   -3.4739e-01    1.2206e+00
 4.8300e-01    1.3893e+02   -3.5040e-01    1.2209e+00
 4.8400e-01    1.3891e+02   -3.5366e-01    1.2212e+00
 4.8500e-01    1.3889e+02   -3.5660e-01    1.2214e+00
 4.8600e-01    1.3889e+02   -3.5876e-01    1.2215e+00
 4.8700e-01    1.3890e+02   -3.5978e-01    1.2212e+00
 4.8800e-01    1.3894e+02   -3.5947e-01    1.2206e+00
 4.8900e-01    1.3900e+02   -3.5777e-01    1.2196e+00
 4.9000e-01    1.3908e+02   -3.5494e-01    1.2184e+00
 4.9100e-01    1.3918e+02   -3.5133e-01    1.2169e+00
 4.9200e-01    1.3928e+02   -3.4742e-01    1.2154e+00
 4.9300e-01    1.3937e+02   -3.4387e-01    1.2140e+00
 4.9400e-01    1.3945e+02   -3.4132e-01    1.2128e+00
 4.9500e-01    1.3950e+02   -3.4016e-01    1.2119e+00
 4.9600e-01    1.3953e+02   -3.4063e-01    1.2115e+00
 4.9700e-01    1.3953e+02   -3.4256e-01    1.2114e+00
 4.9800e-01    1.3952e+02   -3.4543e-01    1.2117e+00
 4.9900e-01    1.3950e+02   -3.4868e-01    1.2119e+00
 5.0000e-01    1.3949e+02   -3.5174e-01    1.2122e+00
 5.0100e-01    1.3948e+02   -3.5404e-01    1.2123e+00
 5.0200e-01    1.3950e+02   -3.5515e-01    1.2121e+00
 5.0300e-01    1.3953e+02   -3.5483e-01    1.2115e+00
 5.0400e-01    1.3959e+02   -3.5303e-01    1.2106e+00
 5.0500e-01    1.3968e+02   -3.4998e-01    1.2093e+00
 5.0600e-01    1.3977e+02   -3.4612e-01    1.2078e+00
 5.0700e-01    1.3987e+02   -3.4207e-01    1.2063e+00
 5.0800e-01    1.3996e+02   -3.3851e-01    1.2048e+00
 5.0900e-01    1.4003e+02   -3.3606e-01    1.2037e+00
 5.1000e-01    1.4008e+02   -3.3515e-01    1.2029e+00
 5.1100e-01    1.4010e+02   -3.3590e-01    1.2026e+00
 5.1200e-01    1.4009e+02   -3.3806e-01    1.2026e+00
 5.1300e-01    1.4007e+02   -3.4118e-01    1.2029e+00
 5.1400e-01    1.4005e+02   -3.4460e-01    1.2033e+00
 5.1500e-01    1.4003e+02   -3.4761e-01    1.2036e+00
 5.1600e-01    1.4003e+02   -3.4968e-01    1.2036e+00
 5.1700e-01    1.4005e+02   -3.5043e-01    1.2033e+00
 5.1800e-01    1.4009e+02   -3.4973e-01    1.2027e+00
 5.1900e-01    1.4015e+02   -3.4759e-01    1.2016e+00
 5.2000e-01    1.4023e+02   -3.4433e-01    1.2003e+00
 5.2100e-01    1.4033e+02   -3.4043e-01    1.1988e+00
 5.2200e-01    1.4042e+02   -3.3659e-01    1.1974e+00
 5.2300e-01    1.4049e+02   -3.3349e-01    1.1961e+00
 5.2400e-01    1.4055e+02   -3.3174e-01    1.1951e+00
 5.2500e-01    1.4058e+02   -3.3167e-01    1.1945e+00
 5.2600e-01    1.4059e+02   -3.3326e-01    1.1945e+00
 5.2700e-01    1.4057e+02   -3.3614e-01    1.1947e+00
 5.2800e-01    1.4054e+02   -3.3963e-01    1.1950e+00
 5.2900e-01    1.4052e+02   -3.4306e-01    1.1954e+00
 5.3000e-01    1.4050e+02   -3.4585e-01    1.1956e+00
 5.3100e-01    1.4051e+02   -3.4745e-01    1.1955e+00
 5.3200e-01    1.4053e+02   -3.4757e-01    1.1951e+00
 5.3300e-01    1.4059e+02   -3.4616e-01    1.1943e+00
 5.3400e-01    1.4066e+02   -3.4338e-01    1.1931e+00
 5.3500e-01    1.4076e+02   -3.3962e-01    1.1917e+00
 5.3600e-01    1.4085e+02   -3.3548e-01    1.1901e+00
 5.3700e-01    1.4094e+02   -3.3167e-01    1.1887e+00
 5.3800e-01    1.4102e+02   -3.2893e-01    1.1875e+00
 5.3900e-01    1.4106e+02   -3.2781e-01    1.1867e+00
 5.4000e-01    1.4108e+02   -3.2848e-01    1.1864e+00
 5.4100e-01    1.4107e+02   -3.3080e-01    1.1865e+00
 5.4200e-01    1.4105e+02   -3.3418e-01    1.1869e+00
 5.4300e-01    1.4102e+02   -3.3788e-01    1.1873e+00
 5.4400e-01    1.4100e+02   -3.4118e-01    1.1877e+00
 5.4500e-01    1.4099e+02   -3.4342e-01    1.1878e+00
 5.4600e-01    1.4101e+02   -3.4419e-01    1.1876e+00
 5.4700e-01    1.4106e+02   -3.4330e-01    1.1869e+00
 5.4800e-01    1.4113e+02   -3.4077e-01    1.1857e+00
 5.4900e-01    1.4122e+02   -3.3700e-01    1.1843e+00
 5.5000e-01    1.4131e+02   -3.3264e-01    1.1827e+00
 5.5100e-01    1.4141e+02   -3.2853e-01    1.1812e+00
 5.5200e-01    1.4148e+02   -3.2544e-01    1.1799e+00
 5.5300e-01    1.4153e+02   -3.2407e-01    1.1791e+00
 5.5400e-01    1.4155e+02   -3.2471e-01    1.1787e+00
 5.5500e-01    1.4154e+02   -3.2721e-01    1.1789e+00
 5.5600e-01    1.4150e+02   -3.3093e-01    1.1794e+00
 5.5700e-01    1.4147e+02   -3.3502e-01    1.1800e+00
 5.5800e-01    1.4144e+02   -3.3870e-01    1.1805e+00
 5.5900e-01    1.4143e+02   -3.4121e-01    1.1807e+00
 5.6000e-01    1.4144e+02   -3.4200e-01    1.1805e+00
 5.6100e-01    1.4149e+02   -3.4095e-01    1.1798e+00
 5.6200e-01    1.4156e+02   -3.3820e-01    1.1786e+00
 5.6300e-01    1.4165e+02   -3.3426e-01    1.1771e+00
 5.6400e-01    1.4175e+02   -3.2978e-01    1.1755e+00
 5.6500e-01    1.4184e+02   -3.2564e-01    1.1740e+00
 5.6600e-01    1.4191e+02   -3.2267e-01    1.1728e+00
 5.6700e-01    1.4196e+02   -3.2149e-01    1.1720e+00
 5.6800e-01    1.4198e+02   -3.2234e-01    1.1717e+00
 5.6900e-01    1.4197e+02   -3.2488e-01    1.1719e+00
 5.7000e-01    1.4194e+02   -3.2860e-01    1.1724e+00
 5.7100e-01    1.4190e+02   -3.3261e-01    1.1730e+00
 5.7200e-01    1.4188e+02   -3.3595e-01    1.1733e+00
 5.7300e-01    1.4187e+02   -3.3801e-01    1.1734e+00
 5.7400e-01    1.4189e+02   -3.3831e-01    1.1731e+00
 5.7500e-01    1.4195e+02   -3.3678e-01    1.1722e+00
 5.7600e-01    1.4202e+02   -3.3355e-01    1.1709e+00
 5.7700e-01    1.4212e+02   -3.2916e-01    1.1694e+00
 5.7800e-01    1.4222e+02   -3.2446e-01    1.1678e+00
 5.7900e-01    1.4231e+02   -3.2032e-01    1.1663e+00
 5.8000e-01    1.4238e+02   -3.1763e-01    1.1651e+00
 5.8100e-01    1.4242e+02   -3.1702e-01    1.1645e+00
 5.8200e-01    1.4242e+02   -3.1862e-01    1.1644e+00
 5.8300e-01    1.4239e+02   -3.2200e-01    1.1649e+00
 5.8400e-01    1.4235e+02   -3.2629e-01    1.1655e+00
 5.8500e-01    1.4231e+02   -3.3055e-01    1.1662e+00
 5.8600e-01    1.4229e+02   -3.3388e-01    1.1666e+00
 5.8700e-01    1.4228e+02   -3.3558e-01    1.1666e+00
 5.8800e-01    1.4231e+02   -3.3537e-01    1.1661e+00
 5.8900e-01    1.4237e+02   -3.3323e-01    1.1652e+00
 5.9000e-01    1.4245e+02   -3.2947e-01    1.1638e+00
 5.9100e-01    1.4255e+02   -3.2481e-01    1.1621e+00
 5.9200e-01    1.4265e+02   -3.2017e-01    1.1605e+00
 5.9300e-01    1.4273e+02   -3.1659e-01    1.1591e+00
 5.9400e-01    1.4278e+02   -3.1490e-01    1.1582e+00
 5.9500e-01    1.4279e+02   -3.1546e-01    1.1579e+00
 5.9600e-01    1.4278e+02   -3.1805e-01    1.1581e+00
 5.9700e-01    1.4275e+02   -3.2192e-01    1.1586e+00
 5.9800e-01    1.4271e+02   -3.2616e-01    1.1593e+00
 5.9900e-01    1.4268e+02   -3.2970e-01    1.1598e+00
 6.0000e-01    1.4267e+02   -3.3180e-01    1.1599e+00
 6.0100e-01    1.4269e+02   -3.3202e-01    1.1595e+00
 6.0200e-01    1.4274e+02   -3.3025e-01    1.1586e+00
 6.0300e-01    1.4282e+02   -3.2681e-01    1.1573e+00
 6.0400e-01    1.4291e+02   -3.2238e-01    1.1557e+00
 6.0500e-01    1.4300e+02   -3.1784e-01    1.1542e+00
 6.0600e-01    1.4308e+02   -3.1426e-01    1.1528e+00
 6.0700e-01    1.4313e+02   -3.1246e-01    1.1519e+00
 6.0800e-01    1.4314e+02   -3.1300e-01    1.1516e+00
 6.0900e-01    1.4313e+02   -3.1563e-01    1.1518e+00
 6.1000e-01    1.4309e+02   -3.1963e-01    1.1524e+00
 6.1100e-01    1.4305e+02   -3.2401e-01    1.1531e+00
 6.1200e-01    1.4301e+02   -3.2776e-01    1.1536e+00
 6.1300e-01    1.4300e+02   -3.3010e-01    1.1538e+00
 6.1400e-01    1.4302e+02   -3.3052e-01    1.1535e+00
 6.1500e-01    1.4307e+02   -3.2897e-01    1.1528e+00
 6.1600e-01    1.4314e+02   -3.2573e-01    1.1515e+00
 6.1700e-01    1.4323e+02   -3.2138e-01    1.1500e+00
 6.1800e-01    1.4332e+02   -3.1693e-01    1.1484e+00
 6.1900e-01    1.4339e+02   -3.1340e-01    1.1470e+00
 6.2000e-01    1.4344e+02   -3.1162e-01    1.1461e+00
 6.2100e-01    1.4346e+02   -3.1198e-01    1.1458e+00
 6.2200e-01    1.4345e+02   -3.1428e-01    1.1460e+00
 6.2300e-01    1.4342e+02   -3.1790e-01    1.1465e+00
 6.2400e-01    1.4338e+02   -3.2185e-01    1.1471e+00
 6.2500e-01    1.4335e+02   -3.2516e-01    1.1475e+00
 6.2600e-01    1.4335e+02   -3.2712e-01    1.1477e+00
 6.2700e-01    1.4337e+02   -3.2728e-01    1.1473e+00
 6.2800e-01    1.4342e+02   -3.2556e-01    1.1465e+00
 6.2900e-01    1.4349e+02   -3.2230e-01    1.1452e+00
 6.3000e-01    1.4358e+02   -3.1808e-01    1.1437e+00
 6.3100e-01    1.4367e+02   -3.1390e-01    1.1422e+00
 6.3200e-01    1.4374e+02   -3.1071e-01    1.1410e+00
 6.3300e-01    1.4379e+02   -3.0921e-01    1.1401e+00
 6.3400e-01    1.4380e+02   -3.0974e-01    1.1398e+00
 6.3500e-01    1.4379e+02   -3.1207e-01    1.1400e+00
 6.3600e-01    1.4376e+02   -3.1547e-01    1.1405e+00
 6.3700e-01    1.4373e+02   -3.1910e-01    1.1410e+00
 6.3800e-01    1.4371e+02   -3.2205e-01    1.1414e+00
 6.3900e-01    1.4370e+02   -3.2373e-01    1.1414e+00
 6.4000e-01    1.4372e+02   -3.2373e-01    1.1410e+00
 6.4100e-01    1.4377e+02   -3.2208e-01    1.1402e+00
 6.4200e-01    1.4383e+02   -3.1905e-01    1.1390e+00
 6.4300e-01    1.4391e+02   -3.1521e-01    1.1376e+00
 6.4400e-01    1.4399e+02   -3.1148e-01    1.1362e+00
 6.4500e-01    1.4405e+02   -3.0876e-01    1.1351e+00
 6.4600e-01    1.4409e+02   -3.0767e-01    1.1344e+00
 6.4700e-01    1.4410e+02   -3.0850e-01    1.1342e+00
 6.4800e-01    1.4409e+02   -3.1093e-01    1.1345e+00
 6.4900e-01    1.4406e+02   -3.1429e-01    1.1349e+00
 6.5000e-01    1.4403e+02   -3.1770e-01    1.1354e+00
 6.5100e-01    1.4401e+02   -3.2032e-01    1.1357e+00
 6.5200e-01    1.4402e+02   -3.2157e-01    1.1357e+00
 6.5300e-01    1.4404e+02   -3.2116e-01    1.1352e+00
 6.5400e-01    1.4410e+02   -3.1910e-01    1.1343e+00
 6.5500e-01    1.4417e+02   -3.1578e-01    1.1330e+00
 6.5600e-01    1.4425e+02   -3.1196e-01    1.1316e+00
 6.5700e-01    1.4432e+02   -3.0848e-01    1.1304e+00
 6.5800e-01    1.4438e+02   -3.0621e-01    1.1294e+00
 6.5900e-01    1.4441e+02   -3.0573e-01    1.1289e+00
 6.6000e-01    1.4441e+02   -3.0708e-01    1.1288e+00
 6.6100e-01    1.4439e+02   -3.0990e-01    1.1291e+00
 6.6200e-01    1.4436e+02   -3.1340e-01    1.1297e+00
 6.6300e-01    1.4433e+02   -3.1672e-01    1.1301e+00
 6.6400e-01    1.4432e+02   -3.1900e-01    1.1303e+00
 6.6500e-01    1.4433e+02   -3.1962e-01    1.1301e+00
 6.6600e-01    1.4437e+02   -3.1845e-01    1.1295e+00
 6.6700e-01    1.4444e+02   -3.1566e-01    1.1284e+00
 6.6800e-01    1.4452e+02   -3.1185e-01    1.1270e+00
 6.6900e-01    1.4460e+02   -3.0780e-01    1.1256e+00
 6.7000e-01    1.4467e+02   -3.0449e-01    1.1243e+00
 6.7100e-01    1.4472e+02   -3.0272e-01    1.1234e+00
 6.7200e-01    1.4474e+02   -3.0294e-01    1.1231e+00
 6.7300e-01    1.4473e+02   -3.0506e-01    1.1233e+00
 6.7400e-01    1.4470e+02   -3.0851e-01    1.1238e+00
 6.7500e-01    1.4466e+02   -3.1239e-01    1.1244e+00
 6.7600e-01    1.4463e+02   -3.1566e-01    1.1249e+00
 6.7700e-01    1.4463e+02   -3.1756e-01    1.1250e+00
 6.7800e-01    1.4465e+02   -3.1766e-01    1.1247e+00
 6.7900e-01    1.4470e+02   -3.1581e-01    1.1239e+00
 6.8000e-01    1.4477e+02   -3.1235e-01    1.1226e+00
 6.8100e-01    1.4486e+02   -3.0805e-01    1.1212e+00
 6.8200e-01    1.4494e+02   -3.0390e-01    1.1197e+00
 6.8300e-01    1.4501e+02   -3.0094e-01    1.1186e+00
 6.8400e-01    1.4504e+02   -2.9993e-01    1.1179e+00
 6.8500e-01    1.4504e+02   -3.0113e-01    1.1179e+00
 6.8600e-01    1.4502e+02   -3.0422e-01    1.1183e+00
 6.8700e-01    1.4498e+02   -3.0827e-01    1.1189e+00
 6.8800e-01    1.4494e+02   -3.1221e-01    1.1196e+00
 6.8900e-01    1.4491e+02   -3.1509e-01    1.1200e+00
 6.9000e-01    1.4492e+02   -3.1621e-01    1.1199e+00
 6.9100e-01    1.4495e+02   -3.1525e-01    1.1193e+00
 6.9200e-01    1.4501e+02   -3.1245e-01    1.1182e+00
 6.9300e-01    1.4509e+02   -3.0838e-01    1.1168e+00
 6.9400e-01    1.4518e+02   -3.0394e-01    1.1153e+00
 6.9500e-01    1.4525e+02   -3.0029e-01    1.1140e+00
 6.9600e-01    1.4529e+02   -2.9850e-01    1.1132e+00
 6.9700e-01    1.4530e+02   -2.9899e-01    1.1129e+00
 6.9800e-01    1.4529e+02   -3.0162e-01    1.1133e+00
 6.9900e-01    1.4525e+02   -3.0557e-01    1.1139e+00
 7.0000e-01    1.4521e+02   -3.0973e-01    1.1146e+00
 7.0100e-01    1.4518e+02   -3.1304e-01    1.1151e+00
 7.0200e-01    1.4517e+02   -3.1466e-01    1.1152e+00
 7.0300e-01    1.4520e+02   -3.1416e-01    1.1147e+00
 7.0400e-01    1.4526e+02   -3.1159e-01    1.1137e+00
 7.0500e-01    1.4534e+02   -3.0743e-01    1.1123e+00
 7.0600e-01    1.4543e+02   -3.0261e-01    1.1107e+00
 7.0700e-01    1.4551e+02   -2.9827e-01    1.1092e+00
 7.0800e-01    1.4557e+02   -2.9567e-01    1.1081e+00
 7.0900e-01    1.4559e+02   -2.9561e-01    1.1078e+00
 7.1000e-01    1.4557e+02   -2.9813e-01    1.1080e+00
 7.1100e-01    1.4553e+02   -3.0247e-01    1.1088e+00
 7.1200e-01    1.4548e+02   -3.0741e-01    1.1097e+00
 7.1300e-01    1.4543e+02   -3.1158e-01    1.1104e+00
 7.1400e-01    1.4542e+02   -3.1398e-01    1.1107e+00
 7.1500e-01    1.4544e+02   -3.1407e-01    1.1104e+00
 7.1600e-01    1.4549e+02   -3.1175e-01    1.1095e+00
 7.1700e-01    1.4557e+02   -3.0747e-01    1.1080e+00
 7.1800e-01    1.4567e+02   -3.0224e-01    1.1064e+00
 7.1900e-01    1.4576e+02   -2.9737e-01    1.1048e+00
 7.2000e-01    1.4582e+02   -2.9423e-01    1.1036e+00
 7.2100e-01    1.4584e+02   -2.9374e-01    1.1031e+00
 7.2200e-01    1.4583e+02   -2.9609e-01    1.1034e+00
 7.2300e-01    1.4578e+02   -3.0052e-01    1.1041e+00
 7.2400e-01    1.4573e+02   -3.0569e-01    1.1051e+00
 7.2500e-01    1.4568e+02   -3.1017e-01    1.1060e+00
 7.2600e-01    1.4566e+02   -3.1286e-01    1.1063e+00
 7.2700e-01    1.4568e+02   -3.1318e-01    1.1061e+00
 7.2800e-01    1.4573e+02   -3.1101e-01    1.1052e+00
 7.2900e-01    1.4581e+02   -3.0680e-01    1.1038e+00
 7.3000e-01    1.4590e+02   -3.0155e-01    1.1021e+00
 7.3100e-01    1.4599e+02   -2.9660e-01    1.1005e+00
 7.3200e-01    1.4605e+02   -2.9337e-01    1.0993e+00
 7.3300e-01    1.4608e+02   -2.9277e-01    1.0988e+00
 7.3400e-01    1.4606e+02   -2.9503e-01    1.0990e+00
 7.3500e-01    1.4602e+02   -2.9935e-01    1.0998e+00
 7.3600e-01    1.4596e+02   -3.0438e-01    1.1008e+00
 7.3700e-01    1.4591e+02   -3.0867e-01    1.1016e+00
 7.3800e-01    1.4589e+02   -3.1112e-01    1.1019e+00
 7.3900e-01    1.4591e+02   -3.1114e-01    1.1016e+00
 7.4000e-01    1.4596e+02   -3.0870e-01    1.1006e+00
 7.4100e-01    1.4605e+02   -3.0437e-01    1.0991e+00
 7.4200e-01    1.4614e+02   -2.9919e-01    1.0974e+00
 7.4300e-01    1.4622e+02   -2.9457e-01    1.0959e+00
 7.4400e-01    1.4628e+02   -2.9190e-01    1.0949e+00
 7.4500e-01    1.4629e+02   -2.9198e-01    1.0946e+00
 7.4600e-01    1.4627e+02   -2.9481e-01    1.0949e+00
 7.4700e-01    1.4622e+02   -2.9941e-01    1.0957e+00
 7.4800e-01    1.4617e+02   -3.0443e-01    1.0967e+00
 7.4900e-01    1.4613e+02   -3.0840e-01    1.0974e+00
 7.5000e-01    1.4612e+02   -3.1029e-01    1.0976e+00
 7.5100e-01    1.4615e+02   -3.0960e-01    1.0971e+00
 7.5200e-01    1.4621e+02   -3.0643e-01    1.0960e+00
 7.5300e-01    1.4630e+02   -3.0146e-01    1.0944e+00
 7.5400e-01    1.4640e+02   -2.9594e-01    1.0927e+00
 7.5500e-01    1.4648e+02   -2.9138e-01    1.0911e+00
 7.5600e-01    1.4653e+02   -2.8922e-01    1.0903e+00
 7.5700e-01    1.4653e+02   -2.9021e-01    1.0902e+00
 7.5800e-01    1.4650e+02   -2.9396e-01    1.0908e+00
 7.5900e-01    1.4644e+02   -2.9925e-01    1.0918e+00
 7.6000e-01    1.4638e+02   -3.0446e-01    1.0928e+00
 7.6100e-01    1.4634e+02   -3.0820e-01    1.0935e+00
 7.6200e-01    1.4634e+02   -3.0954e-01    1.0935e+00
 7.6300e-01    1.4638e+02   -3.0809e-01    1.0928e+00
 7.6400e-01    1.4645e+02   -3.0420e-01    1.0915e+00
 7.6500e-01    1.4655e+02   -2.9870e-01    1.0898e+00
 7.6600e-01    1.4665e+02   -2.9306e-01    1.0881e+00
 7.6700e-01    1.4673e+02   -2.8886e-01    1.0867e+00
 7.6800e-01    1.4676e+02   -2.8744e-01    1.0860e+00
 7.6900e-01    1.4676e+02   -2.8924e-01    1.0862e+00
 7.7000e-01    1.4671e+02   -2.9360e-01    1.0870e+00
 7.7100e-01    1.4665e+02   -2.9908e-01    1.0880e+00
 7.7200e-01    1.4660e+02   -3.0404e-01    1.0890e+00
 7.7300e-01    1.4657e+02   -3.0708e-01    1.0895e+00
 7.7400e-01    1.4658e+02   -3.0743e-01    1.0893e+00
 7.7500e-01    1.4663e+02   -3.0502e-01    1.0884e+00
 7.7600e-01    1.4672e+02   -3.0043e-01    1.0869e+00
 7.7700e-01    1.4681e+02   -2.9473e-01    1.0851e+00
 7.7800e-01    1.4690e+02   -2.8953e-01    1.0835e+00
 7.7900e-01    1.4696e+02   -2.8647e-01    1.0824e+00
 7.8000e-01    1.4698e+02   -2.8654e-01    1.0821e+00
 7.8100e-01    1.4695e+02   -2.8962e-01    1.0826e+00
 7.8200e-01    1.4690e+02   -2.9457e-01    1.0835e+00
 7.8300e-01    1.4685e+02   -2.9983e-01    1.0846e+00
 7.8400e-01    1.4681e+02   -3.0382e-01    1.0853e+00
 7.8500e-01    1.4680e+02   -3.0548e-01    1.0855e+00
 7.8600e-01    1.4683e+02   -3.0433e-01    1.0849e+00
 7.8700e-01    1.4690e+02   -3.0066e-01    1.0836e+00
 7.8800e-01    1.4700e+02   -2.9540e-01    1.0820e+00
 7.8900e-01    1.4709e+02   -2.9002e-01    1.0804e+00
 7.9000e-01    1.4716e+02   -2.8609e-01    1.0790e+00
 7.9100e-01    1.4719e+02   -2.8490e-01    1.0784e+00
 7.9200e-01    1.4718e+02   -2.8695e-01    1.0787e+00
 7.9300e-01    1.4714e+02   -2.9136e-01    1.0795e+00
 7.9400e-01    1.4708e+02   -2.9671e-01    1.0806e+00
 7.9500e-01    1.4704e+02   -3.0133e-01    1.0815e+00
 7.9600e-01    1.4702e+02   -3.0397e-01    1.0819e+00
 7.9700e-01    1.4704e+02   -3.0395e-01    1.0816e+00
 7.9800e-01    1.4709e+02   -3.0117e-01    1.0806e+00
 7.9900e-01    1.4718e+02   -2.9625e-01    1.0790e+00
 8.0000e-01    1.4728e+02   -2.9046e-01    1.0772e+00
 8.0100e-01    1.4736e+02   -2.8550e-01    1.0756e+00
 8.0200e-01    1.4742e+02   -2.8295e-01    1.0746e+00
 8.0300e-01    1.4742e+02   -2.8377e-01    1.0745e+00
 8.0400e-01    1.4738e+02   -2.8760e-01    1.0752e+00
 8.0500e-01    1.4732e+02   -2.9312e-01    1.0763e+00
 8.0600e-01    1.4726e+02   -2.9860e-01    1.0774e+00
 8.0700e-01    1.4722e+02   -3.0238e-01    1.0781e+00
 8.0800e-01    1.4722e+02   -3.0349e-01    1.0782e+00
 8.0900e-01    1.4726e+02   -3.0162e-01    1.0774e+00
 8.1000e-01    1.4735e+02   -2.9715e-01    1.0760e+00
 8.1100e-01    1.4745e+02   -2.9121e-01    1.0742e+00
 8.1200e-01    1.4754e+02   -2.8542e-01    1.0724e+00
 8.1300e-01    1.4761e+02   -2.8161e-01    1.0711e+00
 8.1400e-01    1.4763e+02   -2.8114e-01    1.0707e+00
 8.1500e-01    1.4761e+02   -2.8405e-01    1.0712e+00
 8.1600e-01    1.4755e+02   -2.8927e-01    1.0722e+00
 8.1700e-01    1.4749e+02   -2.9491e-01    1.0734e+00
 8.1800e-01    1.4744e+02   -2.9931e-01    1.0743e+00
 8.1900e-01    1.4743e+02   -3.0123e-01    1.0745e+00
 8.2000e-01    1.4746e+02   -3.0019e-01    1.0740e+00
 8.2100e-01    1.4753e+02   -2.9637e-01    1.0727e+00
 8.2200e-01    1.4762e+02   -2.9076e-01    1.0710e+00
 8.2300e-01    1.4771e+02   -2.8499e-01    1.0692e+00
 8.2400e-01    1.4779e+02   -2.8086e-01    1.0679e+00
 8.2500e-01    1.4781e+02   -2.7985e-01    1.0674e+00
 8.2600e-01    1.4780e+02   -2.8239e-01    1.0677e+00
 8.2700e-01    1.4774e+02   -2.8740e-01    1.0687e+00
 8.2800e-01    1.4768e+02   -2.9313e-01    1.0699e+00
 8.2900e-01    1.4763e+02   -2.9785e-01    1.0709e+00
 8.3000e-01    1.4761e+02   -3.0027e-01    1.0712e+00
 8.3100e-01    1.4763e+02   -2.9967e-01    1.0708e+00
 8.3200e-01    1.4770e+02   -2.9621e-01    1.0697e+00
 8.3300e-01    1.4779e+02   -2.9070e-01    1.0680e+00
 8.3400e-01    1.4789e+02   -2.8464e-01    1.0661e+00
 8.3500e-01    1.4797e+02   -2.7992e-01    1.0646e+00
 8.3600e-01    1.4801e+02   -2.7820e-01    1.0639e+00
 8.3700e-01    1.4800e+02   -2.8002e-01    1.0641e+00
 8.3800e-01    1.4795e+02   -2.8472e-01    1.0650e+00
 8.3900e-01    1.4788e+02   -2.9065e-01    1.0663e+00
 8.4000e-01    1.4782e+02   -2.9590e-01    1.0674e+00
 8.4100e-01    1.4779e+02   -2.9894e-01    1.0679e+00
 8.4200e-01    1.4780e+02   -2.9902e-01    1.0677e+00
 8.4300e-01    1.4786e+02   -2.9614e-01    1.0667e+00
 8.4400e-01    1.4795e+02   -2.9099e-01    1.0651e+00
 8.4500e-01    1.4804e+02   -2.8497e-01    1.0633e+00
 8.4600e-01    1.4813e+02   -2.7996e-01    1.0617e+00
 8.4700e-01    1.4817e+02   -2.7767e-01    1.0609e+00
 8.4800e-01    1.4817e+02   -2.7892e-01    1.0609e+00
 8.4900e-01    1.4812e+02   -2.8322e-01    1.0617e+00
 8.5000e-01    1.4806e+02   -2.8910e-01    1.0630e+00
 8.5100e-01    1.4799e+02   -2.9465e-01    1.0642e+00
 8.5200e-01    1.4796e+02   -2.9818e-01    1.0648e+00
 8.5300e-01    1.4797e+02   -2.9873e-01    1.0647e+00
 8.5400e-01    1.4802e+02   -2.9613e-01    1.0638e+00
 8.5500e-01    1.4811e+02   -2.9099e-01    1.0622e+00
 8.5600e-01    1.4821e+02   -2.8471e-01    1.0603e+00
 8.5700e-01    1.4830e+02   -2.7922e-01    1.0587e+00
 8.5800e-01    1.4836e+02   -2.7638e-01    1.0577e+00
 8.5900e-01    1.4836e+02   -2.7725e-01    1.0576e+00
 8.6000e-01    1.4832e+02   -2.8142e-01    1.0584e+00
 8.6100e-01    1.4825e+02   -2.8737e-01    1.0597e+00
 8.6200e-01    1.4818e+02   -2.9308e-01    1.0609e+00
 8.6300e-01    1.4814e+02   -2.9688e-01    1.0616e+00
 8.6400e-01    1.4815e+02   -2.9771e-01    1.0616e+00
 8.6500e-01    1.4819e+02   -2.9532e-01    1.0608e+00
 8.6600e-01    1.4828e+02   -2.9024e-01    1.0592e+00
 8.6700e-01    1.4838e+02   -2.8387e-01    1.0573e+00
 8.6800e-01    1.4847e+02   -2.7817e-01    1.0556e+00
 8.6900e-01    1.4852e+02   -2.7513e-01    1.0546e+00
 8.7000e-01    1.4853e+02   -2.7585e-01    1.0545e+00
 8.7100e-01    1.4848e+02   -2.7994e-01    1.0553e+00
 8.7200e-01    1.4842e+02   -2.8587e-01    1.0565e+00
 8.7300e-01    1.4835e+02   -2.9160e-01    1.0578e+00
 8.7400e-01    1.4831e+02   -2.9532e-01    1.0585e+00
 8.7500e-01    1.4831e+02   -2.9600e-01    1.0584e+00
 8.7600e-01    1.4836e+02   -2.9348e-01    1.0576e+00
 8.7700e-01    1.4844e+02   -2.8829e-01    1.0560e+00
 8.7800e-01    1.4854e+02   -2.8193e-01    1.0541e+00
 8.7900e-01    1.4863e+02   -2.7647e-01    1.0525e+00
 8.8000e-01    1.4868e+02   -2.7382e-01    1.0515e+00
 8.8100e-01    1.4868e+02   -2.7497e-01    1.0516e+00
 8.8200e-01    1.4863e+02   -2.7937e-01    1.0525e+00
 8.8300e-01    1.4856e+02   -2.8533e-01    1.0537e+00
 8.8400e-01    1.4850e+02   -2.9080e-01    1.0549e+00
 8.8500e-01    1.4847e+02   -2.9406e-01    1.0555e+00
 8.8600e-01    1.4848e+02   -2.9418e-01    1.0553e+00
 8.8700e-01    1.4854e+02   -2.9109e-01    1.0543e+00
 8.8800e-01    1.4862e+02   -2.8567e-01    1.0527e+00
 8.8900e-01    1.4872e+02   -2.7951e-01    1.0509e+00
 8.9000e-01    1.4880e+02   -2.7460e-01    1.0494e+00
 8.9100e-01    1.4884e+02   -2.7279e-01    1.0487e+00
 8.9200e-01    1.4882e+02   -2.7474e-01    1.0489e+00
 8.9300e-01    1.4877e+02   -2.7969e-01    1.0499e+00
 8.9400e-01    1.4870e+02   -2.8579e-01    1.0513e+00
 8.9500e-01    1.4863e+02   -2.9103e-01    1.0524e+00
 8.9600e-01    1.4860e+02   -2.9382e-01    1.0529e+00
 8.9700e-01    1.4862e+02   -2.9336e-01    1.0526e+00
 8.9800e-01    1.4868e+02   -2.8970e-01    1.0514e+00
 8.9900e-01    1.4878e+02   -2.8385e-01    1.0497e+00
 9.0000e-01    1.4887e+02   -2.7750e-01    1.0478e+00
 9.0100e-01    1.4895e+02   -2.7281e-01    1.0464e+00
 9.0200e-01    1.4898e+02   -2.7161e-01    1.0459e+00
 9.0300e-01    1.4895e+02   -2.7434e-01    1.0463e+00
 9.0400e-01    1.4889e+02   -2.7985e-01    1.0475e+00
 9.0500e-01    1.4881e+02   -2.8611e-01    1.0488e+00
 9.0600e-01    1.4875e+02   -2.9108e-01    1.0499e+00
 9.0700e-01    1.4873e+02   -2.9338e-01    1.0503e+00
 9.0800e-01    1.4876e+02   -2.9233e-01    1.0498e+00
 9.0900e-01    1.4882e+02   -2.8827e-01    1.0486e+00
 9.1000e-01    1.4892e+02   -2.8228e-01    1.0468e+00
 9.1100e-01    1.4901e+02   -2.7625e-01    1.0450e+00
 9.1200e-01    1.4907e+02   -2.7236e-01    1.0438e+00
 9.1300e-01    1.4908e+02   -2.7212e-01    1.0435e+00
 9.1400e-01    1.4904e+02   -2.7558e-01    1.0441e+00
 9.1500e-01    1.4897e+02   -2.8144e-01    1.0454e+00
 9.1600e-01    1.4890e+02   -2.8753e-01    1.0468e+00
 9.1700e-01    1.4885e+02   -2.9187e-01    1.0477e+00
 9.1800e-01    1.4884e+02   -2.9320e-01    1.0479e+00
 9.1900e-01    1.4888e+02   -2.9109e-01    1.0471e+00
 9.2000e-01    1.4896e+02   -2.8607e-01    1.0456e+00
 9.2100e-01    1.4906e+02   -2.7958e-01    1.0437e+00
 9.2200e-01    1.4915e+02   -2.7363e-01    1.0420e+00
 9.2300e-01    1.4921e+02   -2.7042e-01    1.0409e+00
 9.2400e-01    1.4921e+02   -2.7129e-01    1.0409e+00
 9.2500e-01    1.4916e+02   -2.7572e-01    1.0419e+00
 9.2600e-01    1.4909e+02   -2.8209e-01    1.0433e+00
 9.2700e-01    1.4901e+02   -2.8814e-01    1.0447e+00
 9.2800e-01    1.4897e+02   -2.9197e-01    1.0454e+00
 9.2900e-01    1.4898e+02   -2.9244e-01    1.0454e+00
 9.3000e-01    1.4903e+02   -2.8942e-01    1.0444e+00
 9.3100e-01    1.4912e+02   -2.8367e-01    1.0427e+00
 9.3200e-01    1.4922e+02   -2.7693e-01    1.0408e+00
 9.3300e-01    1.4930e+02   -2.7142e-01    1.0392e+00
 9.3400e-01    1.4934e+02   -2.6928e-01    1.0384e+00
 9.3500e-01    1.4932e+02   -2.7141e-01    1.0387e+00
 9.3600e-01    1.4926e+02   -2.7693e-01    1.0400e+00
 9.3700e-01    1.4918e+02   -2.8368e-01    1.0415e+00
 9.3800e-01    1.4911e+02   -2.8925e-01    1.0427e+00
 9.3900e-01    1.4908e+02   -2.9202e-01    1.0433e+00
 9.4000e-01    1.4911e+02   -2.9118e-01    1.0429e+00
 9.4100e-01    1.4918e+02   -2.8692e-01    1.0416e+00
 9.4200e-01    1.4928e+02   -2.8044e-01    1.0397e+00
 9.4300e-01    1.4938e+02   -2.7371e-01    1.0378e+00
 9.4400e-01    1.4945e+02   -2.6913e-01    1.0364e+00
 9.4500e-01    1.4947e+02   -2.6858e-01    1.0360e+00
 9.4600e-01    1.4943e+02   -2.7230e-01    1.0368e+00
 9.4700e-01    1.4935e+02   -2.7875e-01    1.0382e+00
 9.4800e-01    1.4927e+02   -2.8552e-01    1.0398e+00
 9.4900e-01    1.4921e+02   -2.9038e-01    1.0409e+00
 9.5000e-01    1.4920e+02   -2.9186e-01    1.0411e+00
 9.5100e-01    1.4924e+02   -2.8960e-01    1.0403e+00
 9.5200e-01    1.4932e+02   -2.8413e-01    1.0387e+00
 9.5300e-01    1.4943e+02   -2.7708e-01    1.0367e+00
 9.5400e-01    1.4952e+02   -2.7075e-01    1.0348e+00
 9.5500e-01    1.4958e+02   -2.6749e-01    1.0338e+00
 9.5600e-01    1.4957e+02   -2.6862e-01    1.0339e+00
 9.5700e-01    1.4951e+02   -2.7362e-01    1.0350e+00
 9.5800e-01    1.4943e+02   -2.8047e-01    1.0365e+00
 9.5900e-01    1.4936e+02   -2.8670e-01    1.0379e+00
 9.6000e-01    1.4931e+02   -2.9034e-01    1.0387e+00
 9.6100e-01    1.4932e+02   -2.9037e-01    1.0385e+00
 9.6200e-01    1.4938e+02   -2.8672e-01    1.0374e+00
 9.6300e-01    1.4948e+02   -2.8042e-01    1.0356e+00
 9.6400e-01    1.4958e+02   -2.7337e-01    1.0336e+00
 9.6500e-01    1.4966e+02   -2.6803e-01    1.0320e+00
 9.6600e-01    1.4969e+02   -2.6646e-01    1.0314e+00
 9.6700e-01    1.4966e+02   -2.6937e-01    1.0319e+00
 9.6800e-01    1.4959e+02   -2.7558e-01    1.0333e+00
 9.6900e-01    1.4950e+02   -2.8266e-01    1.0349e+00
 9.7000e-01    1.4943e+02   -2.8824e-01    1.0362e+00
 9.7100e-01    1.4941e+02   -2.9066e-01    1.0366e+00
 9.7200e-01    1.4944e+02   -2.8924e-01    1.0361e+00
 9.7300e-01    1.4951e+02   -2.8434e-01    1.0347e+00
 9.7400e-01    1.4961e+02   -2.7736e-01    1.0327e+00
 9.7500e-01    1.4971e+02   -2.7061e-01    1.0307e+00
 9.7600e-01    1.4977e+02   -2.6659e-01    1.0295e+00
 9.7700e-01    1.4978e+02   -2.6702e-01    1.0294e+00
 9.7800e-01    1.4972e+02   -2.7169e-01    1.0305e+00
 9.7900e-01    1.4964e+02   -2.7865e-01    1.0320e+00
 9.8000e-01    1.4956e+02   -2.8532e-01    1.0336e+00
 9.8100e-01    1.4951e+02   -2.8942e-01    1.0344e+00
 9.8200e-01    1.4952e+02   -2.8976e-01    1.0344e+00
 9.8300e-01    1.4957e+02   -2.8624e-01    1.0333e+00
 9.8400e-01    1.4967e+02   -2.7988e-01    1.0315e+00
 9.8500e-01    1.4978e+02   -2.7261e-01    1.0294e+00
 9.8600e-01    1.4986e+02   -2.6699e-01    1.0278e+00
 9.8700e-01    1.4989e+02   -2.6536e-01    1.0272e+00
 9.8800e-01    1.4986e+02   -2.6839e-01    1.0278e+00
 9.8900e-01    1.4978e+02   -2.7481e-01    1.0293e+00
 9.9000e-01    1.4969e+02   -2.8203e-01    1.0309e+00
 9.9100e-01    1.4962e+02   -2.8756e-01    1.0322e+00
 9.9200e-01    1.4959e+02   -2.8973e-01    1.0326e+00
 9.9300e-01    1.4963e+02   -2.8785e-01    1.0319e+00
 9.9400e-01    1.4971e+02   -2.8244e-01    1.0304e+00
 9.9500e-01    1.4981e+02   -2.7517e-01    1.0283e+00
 9.9600e-01    1.4990e+02   -2.6852e-01    1.0264e+00
 9.9700e-01    1.4995e+02   -2.6514e-01    1.0253e+00
 9.9800e-01    1.4994e+02   -2.6650e-01    1.0255e+00
 9.9900e-01    1.4988e+02   -2.7198e-01    1.0268e+00
 1.0000e+00    1.4979e+02   -2.7933e-01    1.0285e+00
 1.0010e+00    1.4971e+02   -2.8581e-01    1.0300e+00
 1.0020e+00    1.4966e+02   -2.8935e-01    1.0308e+00
 1.0030e+00    1.4968e+02   -2.8893e-01    1.0305e+00
 1.0040e+00    1.4974e+02   -2.8467e-01    1.0293e+00
 1.0050e+00    1.4985e+02   -2.7780e-01    1.0273e+00
 1.0060e+00    1.4995e+02   -2.7057e-01    1.0253e+00
 1.0070e+00    1.5002e+02   -2.6569e-01    1.0238e+00
 1.0080e+00    1.5004e+02   -2.6522e-01    1.0235e+00
 1.0090e+00    1.4999e+02   -2.6931e-01    1.0244e+00
 1.0100e+00    1.4991e+02   -2.7612e-01    1.0260e+00
 1.0110e+00    1.4983e+02   -2.8301e-01    1.0277e+00
 1.0120e+00    1.4977e+02   -2.8766e-01    1.0287e+00
 1.0130e+00    1.4977e+02   -2.8862e-01    1.0288e+00
 1.0140e+00    1.4982e+02   -2.8563e-01    1.0279e+00
 1.0150e+00    1.4991e+02   -2.7951e-01    1.0261e+00
 1.0160e+00    1.5002e+02   -2.7219e-01    1.0241e+00
 1.0170e+00    1.5011e+02   -2.6626e-01    1.0224e+00
 1.0180e+00    1.5014e+02   -2.6413e-01    1.0216e+00
 1.0190e+00    1.5012e+02   -2.6672e-01    1.0221e+00
 1.0200e+00    1.5005e+02   -2.7284e-01    1.0236e+00
 1.0210e+00    1.4996e+02   -2.8001e-01    1.0253e+00
 1.0220e+00    1.4989e+02   -2.8571e-01    1.0266e+00
 1.0230e+00    1.4987e+02   -2.8814e-01    1.0271e+00
 1.0240e+00    1.4990e+02   -2.8652e-01    1.0265e+00
 1.0250e+00    1.4998e+02   -2.8131e-01    1.0250e+00
 1.0260e+00    1.5008e+02   -2.7407e-01    1.0230e+00
 1.0270e+00    1.5018e+02   -2.6727e-01    1.0211e+00
 1.0280e+00    1.5023e+02   -2.6367e-01    1.0200e+00
 1.0290e+00    1.5022e+02   -2.6489e-01    1.0202e+00
 1.0300e+00    1.5015e+02   -2.7044e-01    1.0215e+00
 1.0310e+00    1.5006e+02   -2.7791e-01    1.0232e+00
 1.0320e+00    1.4998e+02   -2.8449e-01    1.0248e+00
 1.0330e+00    1.4994e+02   -2.8803e-01    1.0256e+00
 1.0340e+00    1.4995e+02   -2.8740e-01    1.0253e+00
 1.0350e+00    1.5002e+02   -2.8279e-01    1.0240e+00
 1.0360e+00    1.5013e+02   -2.7549e-01    1.0219e+00
 1.0370e+00    1.5024e+02   -2.6790e-01    1.0198e+00
 1.0380e+00    1.5031e+02   -2.6291e-01    1.0184e+00
 1.0390e+00    1.5031e+02   -2.6276e-01    1.0182e+00
 1.0400e+00    1.5026e+02   -2.6748e-01    1.0193e+00
 1.0410e+00    1.5017e+02   -2.7505e-01    1.0211e+00
 1.0420e+00    1.5007e+02   -2.8248e-01    1.0229e+00
 1.0430e+00    1.5001e+02   -2.8730e-01    1.0240e+00
 1.0440e+00    1.5001e+02   -2.8799e-01    1.0241e+00
 1.0450e+00    1.5007e+02   -2.8432e-01    1.0230e+00
 1.0460e+00    1.5017e+02   -2.7730e-01    1.0211e+00
 1.0470e+00    1.5028e+02   -2.6911e-01    1.0188e+00
 1.0480e+00    1.5037e+02   -2.6275e-01    1.0170e+00
 1.0490e+00    1.5040e+02   -2.6097e-01    1.0163e+00
 1.0500e+00    1.5036e+02   -2.6467e-01    1.0172e+00
 1.0510e+00    1.5027e+02   -2.7210e-01    1.0190e+00
 1.0520e+00    1.5017e+02   -2.8018e-01    1.0210e+00
 1.0530e+00    1.5009e+02   -2.8607e-01    1.0223e+00
 1.0540e+00    1.5008e+02   -2.8797e-01    1.0227e+00
 1.0550e+00    1.5012e+02   -2.8533e-01    1.0219e+00
 1.0560e+00    1.5022e+02   -2.7887e-01    1.0201e+00
 1.0570e+00    1.5033e+02   -2.7056e-01    1.0178e+00
 1.0580e+00    1.5044e+02   -2.6331e-01    1.0158e+00
 1.0590e+00    1.5048e+02   -2.6012e-01    1.0148e+00
 1.0600e+00    1.5046e+02   -2.6242e-01    1.0153e+00
 1.0610e+00    1.5038e+02   -2.6913e-01    1.0169e+00
 1.0620e+00    1.5028e+02   -2.7740e-01    1.0189e+00
 1.0630e+00    1.5019e+02   -2.8415e-01    1.0206e+00
 1.0640e+00    1.5016e+02   -2.8725e-01    1.0213e+00
 1.0650e+00    1.5018e+02   -2.8588e-01    1.0208e+00
 1.0660e+00    1.5026e+02   -2.8040e-01    1.0192e+00
 1.0670e+00    1.5037e+02   -2.7249e-01    1.0171e+00
 1.0680e+00    1.5048e+02   -2.6489e-01    1.0149e+00
 1.0690e+00    1.5054e+02   -2.6063e-01    1.0137e+00
 1.0700e+00    1.5053e+02   -2.6165e-01    1.0138e+00
 1.0710e+00    1.5046e+02   -2.6746e-01    1.0152e+00
 1.0720e+00    1.5036e+02   -2.7547e-01    1.0172e+00
 1.0730e+00    1.5027e+02   -2.8262e-01    1.0189e+00
 1.0740e+00    1.5023e+02   -2.8656e-01    1.0198e+00
 1.0750e+00    1.5024e+02   -2.8613e-01    1.0196e+00
 1.0760e+00    1.5031e+02   -2.8147e-01    1.0183e+00
 1.0770e+00    1.5041e+02   -2.7395e-01    1.0162e+00
 1.0780e+00    1.5052e+02   -2.6609e-01    1.0140e+00
 1.0790e+00    1.5059e+02   -2.6094e-01    1.0125e+00
 1.0800e+00    1.5060e+02   -2.6077e-01    1.0124e+00
 1.0810e+00    1.5054e+02   -2.6562e-01    1.0135e+00
 1.0820e+00    1.5045e+02   -2.7333e-01    1.0154e+00
 1.0830e+00    1.5035e+02   -2.8083e-01    1.0172e+00
 1.0840e+00    1.5029e+02   -2.8558e-01    1.0184e+00
 1.0850e+00    1.5029e+02   -2.8608e-01    1.0184e+00
 1.0860e+00    1.5035e+02   -2.8219e-01    1.0172e+00
 1.0870e+00    1.5046e+02   -2.7503e-01    1.0153e+00
 1.0880e+00    1.5057e+02   -2.6694e-01    1.0131e+00
 1.0890e+00    1.5065e+02   -2.6093e-01    1.0114e+00
 1.0900e+00    1.5067e+02   -2.5970e-01    1.0110e+00
 1.0910e+00    1.5062e+02   -2.6380e-01    1.0119e+00
 1.0920e+00    1.5053e+02   -2.7135e-01    1.0137e+00
 1.0930e+00    1.5043e+02   -2.7918e-01    1.0157e+00
 1.0940e+00    1.5037e+02   -2.8454e-01    1.0170e+00
 1.0950e+00    1.5035e+02   -2.8579e-01    1.0172e+00
 1.0960e+00    1.5040e+02   -2.8253e-01    1.0162e+00
 1.0970e+00    1.5050e+02   -2.7562e-01    1.0143e+00
 1.0980e+00    1.5062e+02   -2.6730e-01    1.0120e+00
 1.0990e+00    1.5071e+02   -2.6075e-01    1.0102e+00
 1.1000e+00    1.5074e+02   -2.5883e-01    1.0096e+00
 1.1010e+00    1.5070e+02   -2.6242e-01    1.0104e+00
 1.1020e+00    1.5060e+02   -2.6982e-01    1.0123e+00
 1.1030e+00    1.5050e+02   -2.7795e-01    1.0143e+00
 1.1040e+00    1.5043e+02   -2.8387e-01    1.0157e+00
 1.1050e+00    1.5040e+02   -2.8572e-01    1.0161e+00
 1.1060e+00    1.5045e+02   -2.8297e-01    1.0153e+00
 1.1070e+00    1.5054e+02   -2.7646e-01    1.0135e+00
 1.1080e+00    1.5065e+02   -2.6818e-01    1.0113e+00
 1.1090e+00    1.5075e+02   -2.6128e-01    1.0094e+00
 1.1100e+00    1.5078e+02   -2.5874e-01    1.0087e+00
 1.1110e+00    1.5075e+02   -2.6182e-01    1.0094e+00
 1.1120e+00    1.5066e+02   -2.6897e-01    1.0111e+00
 1.1130e+00    1.5056e+02   -2.7713e-01    1.0131e+00
 1.1140e+00    1.5048e+02   -2.8327e-01    1.0147e+00
 1.1150e+00    1.5046e+02   -2.8544e-01    1.0151e+00
 1.1160e+00    1.5049e+02   -2.8295e-01    1.0144e+00
 1.1170e+00    1.5058e+02   -2.7654e-01    1.0126e+00
 1.1180e+00    1.5070e+02   -2.6826e-01    1.0104e+00
 1.1190e+00    1.5079e+02   -2.6116e-01    1.0084e+00
 1.1200e+00    1.5083e+02   -2.5829e-01    1.0076e+00
 1.1210e+00    1.5080e+02   -2.6106e-01    1.0082e+00
 1.1220e+00    1.5072e+02   -2.6813e-01    1.0100e+00
 1.1230e+00    1.5061e+02   -2.7638e-01    1.0120e+00
 1.1240e+00    1.5053e+02   -2.8275e-01    1.0136e+00
 1.1250e+00    1.5050e+02   -2.8519e-01    1.0142e+00
 1.1260e+00    1.5054e+02   -2.8298e-01    1.0135e+00
 1.1270e+00    1.5063e+02   -2.7670e-01    1.0118e+00
 1.1280e+00    1.5074e+02   -2.6835e-01    1.0095e+00
 1.1290e+00    1.5084e+02   -2.6104e-01    1.0075e+00
 1.1300e+00    1.5088e+02   -2.5795e-01    1.0066e+00
 1.1310e+00    1.5085e+02   -2.6059e-01    1.0072e+00
 1.1320e+00    1.5076e+02   -2.6770e-01    1.0090e+00
 1.1330e+00    1.5065e+02   -2.7620e-01    1.0111e+00
 1.1340e+00    1.5057e+02   -2.8295e-01    1.0128e+00
 1.1350e+00    1.5053e+02   -2.8574e-01    1.0134e+00
 1.1360e+00    1.5056e+02   -2.8373e-01    1.0128e+00
 1.1370e+00    1.5065e+02   -2.7749e-01    1.0111e+00
 1.1380e+00    1.5077e+02   -2.6894e-01    1.0088e+00
 1.1390e+00    1.5087e+02   -2.6123e-01    1.0067e+00
 1.1400e+00    1.5092e+02   -2.5768e-01    1.0057e+00
 1.1410e+00    1.5089e+02   -2.5998e-01    1.0062e+00
 1.1420e+00    1.5080e+02   -2.6705e-01    1.0080e+00
 1.1430e+00    1.5069e+02   -2.7577e-01    1.0101e+00
 1.1440e+00    1.5060e+02   -2.8287e-01    1.0119e+00
 1.1450e+00    1.5056e+02   -2.8606e-01    1.0127e+00
 1.1460e+00    1.5058e+02   -2.8438e-01    1.0121e+00
 1.1470e+00    1.5067e+02   -2.7827e-01    1.0105e+00
 1.1480e+00    1.5079e+02   -2.6967e-01    1.0082e+00
 1.1490e+00    1.5089e+02   -2.6165e-01    1.0060e+00
 1.1500e+00    1.5095e+02   -2.5754e-01    1.0049e+00
 1.1510e+00    1.5093e+02   -2.5929e-01    1.0052e+00
 1.1520e+00    1.5085e+02   -2.6607e-01    1.0069e+00
 1.1530e+00    1.5074e+02   -2.7484e-01    1.0091e+00
 1.1540e+00    1.5064e+02   -2.8220e-01    1.0110e+00
 1.1550e+00    1.5060e+02   -2.8575e-01    1.0118e+00
 1.1560e+00    1.5062e+02   -2.8443e-01    1.0114e+00
 1.1570e+00    1.5070e+02   -2.7860e-01    1.0098e+00
 1.1580e+00    1.5082e+02   -2.7008e-01    1.0075e+00
 1.1590e+00    1.5093e+02   -2.6189e-01    1.0053e+00
 1.1600e+00    1.5099e+02   -2.5748e-01    1.0041e+00
 1.1610e+00    1.5098e+02   -2.5895e-01    1.0044e+00
 1.1620e+00    1.5090e+02   -2.6552e-01    1.0061e+00
 1.1630e+00    1.5079e+02   -2.7423e-01    1.0082e+00
 1.1640e+00    1.5069e+02   -2.8165e-01    1.0101e+00
 1.1650e+00    1.5065e+02   -2.8531e-01    1.0110e+00
 1.1660e+00    1.5067e+02   -2.8409e-01    1.0106e+00
 1.1670e+00    1.5075e+02   -2.7829e-01    1.0090e+00
 1.1680e+00    1.5087e+02   -2.6973e-01    1.0067e+00
 1.1690e+00    1.5098e+02   -2.6145e-01    1.0045e+00
 1.1700e+00    1.5104e+02   -2.5695e-01    1.0033e+00
 1.1710e+00    1.5102e+02   -2.5836e-01    1.0036e+00
 1.1720e+00    1.5094e+02   -2.6495e-01    1.0052e+00
 1.1730e+00    1.5083e+02   -2.7369e-01    1.0074e+00
 1.1740e+00    1.5073e+02   -2.8114e-01    1.0093e+00
 1.1750e+00    1.5069e+02   -2.8479e-01    1.0102e+00
 1.1760e+00    1.5071e+02   -2.8352e-01    1.0098e+00
 1.1770e+00    1.5079e+02   -2.7771e-01    1.0083e+00
 1.1780e+00    1.5091e+02   -2.6913e-01    1.0060e+00
 1.1790e+00    1.5102e+02   -2.6083e-01    1.0038e+00
 1.1800e+00    1.5108e+02   -2.5632e-01    1.0026e+00
 1.1810e+00    1.5106e+02   -2.5775e-01    1.0029e+00
 1.1820e+00    1.5098e+02   -2.6442e-01    1.0045e+00
 1.1830e+00    1.5087e+02   -2.7330e-01    1.0067e+00
 1.1840e+00    1.5077e+02   -2.8089e-01    1.0086e+00
 1.1850e+00    1.5072e+02   -2.8466e-01    1.0096e+00
 1.1860e+00    1.5074e+02   -2.8351e-01    1.0092e+00
 1.1870e+00    1.5082e+02   -2.7777e-01    1.0077e+00
 1.1880e+00    1.5094e+02   -2.6915e-01    1.0054e+00
 1.1890e+00    1.5105e+02   -2.6069e-01    1.0032e+00
 1.1900e+00    1.5112e+02   -2.5595e-01    1.0019e+00
 1.1910e+00    1.5110e+02   -2.5717e-01    1.0022e+00
 1.1920e+00    1.5102e+02   -2.6377e-01    1.0038e+00
 1.1930e+00    1.5091e+02   -2.7268e-01    1.0061e+00
 1.1940e+00    1.5081e+02   -2.8035e-01    1.0080e+00
 1.1950e+00    1.5076e+02   -2.8421e-01    1.0090e+00
 1.1960e+00    1.5077e+02   -2.8314e-01    1.0086e+00
 1.1970e+00    1.5085e+02   -2.7743e-01    1.0071e+00
 1.1980e+00    1.5097e+02   -2.6890e-01    1.0048e+00
 1.1990e+00    1.5107e+02   -2.6064e-01    1.0027e+00
 1.2000e+00    1.5113e+02   -2.5616e-01    1.0014e+00
 1.2010e+00    1.5112e+02   -2.5771e-01    1.0018e+00
 1.2020e+00    1.5103e+02   -2.6450e-01    1.0035e+00
 1.2030e+00    1.5092e+02   -2.7334e-01    1.0058e+00
 1.2040e+00    1.5082e+02   -2.8072e-01    1.0076e+00
 1.2050e+00    1.5078e+02   -2.8420e-01    1.0084e+00
 1.2060e+00    1.5080e+02   -2.8273e-01    1.0080e+00
 1.2070e+00    1.5088e+02   -2.7677e-01    1.0065e+00
 1.2080e+00    1.5100e+02   -2.6815e-01    1.0042e+00
 1.2090e+00    1.5110e+02   -2.5999e-01    1.0021e+00
 1.2100e+00    1.5116e+02   -2.5579e-01    1.0009e+00
 1.2110e+00    1.5114e+02   -2.5759e-01    1.0013e+00
 1.2120e+00    1.5105e+02   -2.6446e-01    1.0031e+00
 1.2130e+00    1.5094e+02   -2.7329e-01    1.0053e+00
 1.2140e+00    1.5084e+02   -2.8061e-01    1.0071e+00
 1.2150e+00    1.5080e+02   -2.8400e-01    1.0080e+00
 1.2160e+00    1.5082e+02   -2.8244e-01    1.0075e+00
 1.2170e+00    1.5090e+02   -2.7639e-01    1.0060e+00
 1.2180e+00    1.5102e+02   -2.6771e-01    1.0037e+00
 1.2190e+00    1.5112e+02   -2.5955e-01    1.0016e+00
 1.2200e+00    1.5118e+02   -2.5545e-01    1.0005e+00
 1.2210e+00    1.5115e+02   -2.5751e-01    1.0010e+00
 1.2220e+00    1.5106e+02   -2.6468e-01    1.0028e+00
 1.2230e+00    1.5094e+02   -2.7373e-01    1.0051e+00
 1.2240e+00    1.5085e+02   -2.8111e-01    1.0069e+00
 1.2250e+00    1.5080e+02   -2.8436e-01    1.0077e+00
 1.2260e+00    1.5083e+02   -2.8249e-01    1.0073e+00
 1.2270e+00    1.5092e+02   -2.7598e-01    1.0055e+00
 1.2280e+00    1.5104e+02   -2.6691e-01    1.0032e+00
 1.2290e+00    1.5115e+02   -2.5855e-01    1.0010e+00
 1.2300e+00    1.5120e+02   -2.5460e-01    9.9991e-01
 1.2310e+00    1.5117e+02   -2.5709e-01    1.0005e+00
 1.2320e+00    1.5107e+02   -2.6474e-01    1.0025e+00
 1.2330e+00    1.5095e+02   -2.7408e-01    1.0049e+00
 1.2340e+00    1.5085e+02   -2.8149e-01    1.0067e+00
 1.2350e+00    1.5081e+02   -2.8459e-01    1.0075e+00
 1.2360e+00    1.5084e+02   -2.8247e-01    1.0069e+00
 1.2370e+00    1.5094e+02   -2.7564e-01    1.0051e+00
 1.2380e+00    1.5106e+02   -2.6626e-01    1.0027e+00
 1.2390e+00    1.5117e+02   -2.5775e-01    1.0005e+00
 1.2400e+00    1.5122e+02   -2.5385e-01    9.9944e-01
 1.2410e+00    1.5119e+02   -2.5661e-01    1.0001e+00
 1.2420e+00    1.5109e+02   -2.6455e-01    1.0022e+00
 1.2430e+00    1.5096e+02   -2.7406e-01    1.0046e+00
 1.2440e+00    1.5087e+02   -2.8150e-01    1.0065e+00
 1.2450e+00    1.5083e+02   -2.8446e-01    1.0072e+00
 1.2460e+00    1.5086e+02   -2.8207e-01    1.0066e+00
 1.2470e+00    1.5096e+02   -2.7504e-01    1.0048e+00
 1.2480e+00    1.5108e+02   -2.6560e-01    1.0023e+00
 1.2490e+00    1.5119e+02   -2.5727e-01    1.0001e+00
 1.2500e+00    1.5123e+02   -2.5378e-01    9.9920e-01
 1.2510e+00    1.5119e+02   -2.5694e-01    1.0000e+00
 1.2520e+00    1.5109e+02   -2.6514e-01    1.0021e+00
 1.2530e+00    1.5096e+02   -2.7465e-01    1.0046e+00
 1.2540e+00    1.5086e+02   -2.8191e-01    1.0064e+00
 1.2550e+00    1.5083e+02   -2.8461e-01    1.0071e+00
 1.2560e+00    1.5087e+02   -2.8192e-01    1.0064e+00
 1.2570e+00    1.5096e+02   -2.7465e-01    1.0045e+00
 1.2580e+00    1.5109e+02   -2.6514e-01    1.0020e+00
 1.2590e+00    1.5120e+02   -2.5697e-01    9.9987e-01
 1.2600e+00    1.5124e+02   -2.5381e-01    9.9904e-01
 1.2610e+00    1.5119e+02   -2.5737e-01    9.9993e-01
 1.2620e+00    1.5109e+02   -2.6578e-01    1.0021e+00
 1.2630e+00    1.5096e+02   -2.7525e-01    1.0045e+00
 1.2640e+00    1.5087e+02   -2.8234e-01    1.0064e+00
 1.2650e+00    1.5084e+02   -2.8481e-01    1.0070e+00
 1.2660e+00    1.5088e+02   -2.8197e-01    1.0063e+00
 1.2670e+00    1.5098e+02   -2.7466e-01    1.0043e+00
 1.2680e+00    1.5110e+02   -2.6521e-01    1.0019e+00
 1.2690e+00    1.5121e+02   -2.5729e-01    9.9982e-01
 1.2700e+00    1.5124e+02   -2.5449e-01    9.9908e-01
 1.2710e+00    1.5119e+02   -2.5836e-01    1.0001e+00
 1.2720e+00    1.5108e+02   -2.6710e-01    1.0023e+00
 1.2730e+00    1.5095e+02   -2.7701e-01    1.0049e+00
 1.2740e+00    1.5085e+02   -2.8462e-01    1.0069e+00
 1.2750e+00    1.5081e+02   -2.8774e-01    1.0077e+00
 1.2760e+00    1.5084e+02   -2.8563e-01    1.0071e+00
 1.2770e+00    1.5093e+02   -2.7906e-01    1.0054e+00
 1.2780e+00    1.5105e+02   -2.7021e-01    1.0031e+00
 1.2790e+00    1.5116e+02   -2.6247e-01    1.0011e+00
 1.2800e+00    1.5120e+02   -2.5935e-01    1.0003e+00
