PROFILES: ELECTRIC POTENTIAL phi, MACH NUMBER U_z/cs, MACH NUMBER U_Bdir/c_s 
distance(mm)    phi(V)      U_z/cs(-)      U_Bdir/c_s(-)
 0.0000e+00    0.0000e+00    0.0000e+00    0.0000e+00
 1.0000e-03    0.0000e+00   -1.4013e+00    1.9058e+00
 2.0000e-03    1.9273e+00   -1.3854e+00    1.9043e+00
 3.0000e-03    3.7768e+00   -1.3610e+00    1.9018e+00
 4.0000e-03    5.5521e+00   -1.3373e+00    1.8994e+00
 5.0000e-03    7.2566e+00   -1.3143e+00    1.8970e+00
 6.0000e-03    8.8935e+00   -1.2920e+00    1.8947e+00
 7.0000e-03    1.0466e+01   -1.2704e+00    1.8924e+00
 8.0000e-03    1.1977e+01   -1.2494e+00    1.8902e+00
 9.0000e-03    1.3429e+01   -1.2290e+00    1.8880e+00
 1.0000e-02    1.4826e+01   -1.2093e+00    1.8859e+00
 1.1000e-02    1.6170e+01   -1.1901e+00    1.8838e+00
 1.2000e-02    1.7464e+01   -1.1716e+00    1.8817e+00
 1.3000e-02    1.8711e+01   -1.1536e+00    1.8798e+00
 1.4000e-02    1.9913e+01   -1.1361e+00    1.8778e+00
 1.5000e-02    2.1072e+01   -1.1192e+00    1.8759e+00
 1.6000e-02    2.2192e+01   -1.1027e+00    1.8740e+00
 1.7000e-02    2.3273e+01   -1.0867e+00    1.8721e+00
 1.8000e-02    2.4320e+01   -1.0711e+00    1.8704e+00
 1.9000e-02    2.5332e+01   -1.0560e+00    1.8686e+00
 2.0000e-02    2.6313e+01   -1.0413e+00    1.8668e+00
 2.1000e-02    2.7263e+01   -1.0270e+00    1.8651e+00
 2.2000e-02    2.8185e+01   -1.0131e+00    1.8635e+00
 2.3000e-02    2.9079e+01   -9.9954e-01    1.8618e+00
 2.4000e-02    2.9947e+01   -9.8634e-01    1.8602e+00
 2.5000e-02    3.0790e+01   -9.7349e-01    1.8586e+00
 2.6000e-02    3.1611e+01   -9.6097e-01    1.8570e+00
 2.7000e-02    3.2409e+01   -9.4876e-01    1.8554e+00
 2.8000e-02    3.3186e+01   -9.3686e-01    1.8538e+00
 2.9000e-02    3.3943e+01   -9.2523e-01    1.8523e+00
 3.0000e-02    3.4681e+01   -9.1390e-01    1.8508e+00
 3.1000e-02    3.5401e+01   -9.0282e-01    1.8493e+00
 3.2000e-02    3.6104e+01   -8.9201e-01    1.8479e+00
 3.3000e-02    3.6791e+01   -8.8145e-01    1.8464e+00
 3.4000e-02    3.7461e+01   -8.7112e-01    1.8450e+00
 3.5000e-02    3.8117e+01   -8.6103e-01    1.8436e+00
 3.6000e-02    3.8759e+01   -8.5116e-01    1.8422e+00
 3.7000e-02    3.9386e+01   -8.4151e-01    1.8408e+00
 3.8000e-02    4.0001e+01   -8.3207e-01    1.8394e+00
 3.9000e-02    4.0603e+01   -8.2283e-01    1.8381e+00
 4.0000e-02    4.1193e+01   -8.1379e-01    1.8367e+00
 4.1000e-02    4.1771e+01   -8.0494e-01    1.8354e+00
 4.2000e-02    4.2339e+01   -7.9625e-01    1.8341e+00
 4.3000e-02    4.2895e+01   -7.8774e-01    1.8327e+00
 4.4000e-02    4.3442e+01   -7.7941e-01    1.8314e+00
 4.5000e-02    4.3978e+01   -7.7123e-01    1.8301e+00
 4.6000e-02    4.4505e+01   -7.6322e-01    1.8288e+00
 4.7000e-02    4.5022e+01   -7.5539e-01    1.8276e+00
 4.8000e-02    4.5530e+01   -7.4773e-01    1.8263e+00
 4.9000e-02    4.6029e+01   -7.4021e-01    1.8250e+00
 5.0000e-02    4.6520e+01   -7.3287e-01    1.8238e+00
 5.1000e-02    4.7002e+01   -7.2568e-01    1.8225e+00
 5.2000e-02    4.7477e+01   -7.1866e-01    1.8213e+00
 5.3000e-02    4.7943e+01   -7.1179e-01    1.8201e+00
 5.4000e-02    4.8402e+01   -7.0504e-01    1.8189e+00
 5.5000e-02    4.8854e+01   -6.9844e-01    1.8177e+00
 5.6000e-02    4.9298e+01   -6.9200e-01    1.8165e+00
 5.7000e-02    4.9735e+01   -6.8569e-01    1.8153e+00
 5.8000e-02    5.0166e+01   -6.7951e-01    1.8142e+00
 5.9000e-02    5.0590e+01   -6.7346e-01    1.8130e+00
 6.0000e-02    5.1007e+01   -6.6755e-01    1.8118e+00
 6.1000e-02    5.1419e+01   -6.6177e-01    1.8106e+00
 6.2000e-02    5.1824e+01   -6.5611e-01    1.8095e+00
 6.3000e-02    5.2224e+01   -6.5058e-01    1.8084e+00
 6.4000e-02    5.2618e+01   -6.4517e-01    1.8072e+00
 6.5000e-02    5.3006e+01   -6.3986e-01    1.8061e+00
 6.6000e-02    5.3390e+01   -6.3464e-01    1.8050e+00
 6.7000e-02    5.3768e+01   -6.2950e-01    1.8039e+00
 6.8000e-02    5.4142e+01   -6.2445e-01    1.8027e+00
 6.9000e-02    5.4512e+01   -6.1948e-01    1.8016e+00
 7.0000e-02    5.4877e+01   -6.1461e-01    1.8005e+00
 7.1000e-02    5.5237e+01   -6.0980e-01    1.7994e+00
 7.2000e-02    5.5593e+01   -6.0507e-01    1.7983e+00
 7.3000e-02    5.5946e+01   -6.0042e-01    1.7972e+00
 7.4000e-02    5.6294e+01   -5.9586e-01    1.7961e+00
 7.5000e-02    5.6638e+01   -5.9138e-01    1.7951e+00
 7.6000e-02    5.6978e+01   -5.8697e-01    1.7940e+00
 7.7000e-02    5.7314e+01   -5.8264e-01    1.7929e+00
 7.8000e-02    5.7646e+01   -5.7839e-01    1.7918e+00
 7.9000e-02    5.7974e+01   -5.7422e-01    1.7907e+00
 8.0000e-02    5.8299e+01   -5.7012e-01    1.7896e+00
 8.1000e-02    5.8619e+01   -5.6613e-01    1.7886e+00
 8.2000e-02    5.8936e+01   -5.6222e-01    1.7875e+00
 8.3000e-02    5.9250e+01   -5.5839e-01    1.7864e+00
 8.4000e-02    5.9560e+01   -5.5467e-01    1.7854e+00
 8.5000e-02    5.9867e+01   -5.5103e-01    1.7843e+00
 8.6000e-02    6.0171e+01   -5.4745e-01    1.7832e+00
 8.7000e-02    6.0472e+01   -5.4393e-01    1.7822e+00
 8.8000e-02    6.0770e+01   -5.4049e-01    1.7811e+00
 8.9000e-02    6.1066e+01   -5.3712e-01    1.7801e+00
 9.0000e-02    6.1360e+01   -5.3379e-01    1.7790e+00
 9.1000e-02    6.1651e+01   -5.3053e-01    1.7780e+00
 9.2000e-02    6.1941e+01   -5.2731e-01    1.7770e+00
 9.3000e-02    6.2228e+01   -5.2413e-01    1.7759e+00
 9.4000e-02    6.2513e+01   -5.2097e-01    1.7749e+00
 9.5000e-02    6.2797e+01   -5.1783e-01    1.7738e+00
 9.6000e-02    6.3079e+01   -5.1473e-01    1.7728e+00
 9.7000e-02    6.3360e+01   -5.1161e-01    1.7718e+00
 9.8000e-02    6.3639e+01   -5.0853e-01    1.7708e+00
 9.9000e-02    6.3916e+01   -5.0546e-01    1.7697e+00
 1.0000e-01    6.4192e+01   -5.0239e-01    1.7687e+00
 1.0100e-01    6.4467e+01   -4.9934e-01    1.7676e+00
 1.0200e-01    6.4740e+01   -4.9628e-01    1.7666e+00
 1.0300e-01    6.5012e+01   -4.9325e-01    1.7656e+00
 1.0400e-01    6.5283e+01   -4.9024e-01    1.7645e+00
 1.0500e-01    6.5553e+01   -4.8723e-01    1.7635e+00
 1.0600e-01    6.5821e+01   -4.8422e-01    1.7624e+00
 1.0700e-01    6.6088e+01   -4.8123e-01    1.7614e+00
 1.0800e-01    6.6354e+01   -4.7827e-01    1.7603e+00
 1.0900e-01    6.6618e+01   -4.7529e-01    1.7593e+00
 1.1000e-01    6.6881e+01   -4.7235e-01    1.7582e+00
 1.1100e-01    6.7143e+01   -4.6936e-01    1.7571e+00
 1.1200e-01    6.7404e+01   -4.6656e-01    1.7561e+00
 1.1300e-01    6.7663e+01   -4.6370e-01    1.7550e+00
 1.1400e-01    6.7921e+01   -4.6083e-01    1.7540e+00
 1.1500e-01    6.8178e+01   -4.5799e-01    1.7529e+00
 1.1600e-01    6.8434e+01   -4.5514e-01    1.7519e+00
 1.1700e-01    6.8688e+01   -4.5231e-01    1.7508e+00
 1.1800e-01    6.8941e+01   -4.4951e-01    1.7498e+00
 1.1900e-01    6.9193e+01   -4.4670e-01    1.7487e+00
 1.2000e-01    6.9444e+01   -4.4384e-01    1.7476e+00
 1.2100e-01    6.9693e+01   -4.4101e-01    1.7465e+00
 1.2200e-01    6.9941e+01   -4.3838e-01    1.7455e+00
 1.2300e-01    7.0187e+01   -4.3573e-01    1.7444e+00
 1.2400e-01    7.0430e+01   -4.3316e-01    1.7434e+00
 1.2500e-01    7.0673e+01   -4.3060e-01    1.7423e+00
 1.2600e-01    7.0913e+01   -4.2811e-01    1.7412e+00
 1.2700e-01    7.1152e+01   -4.2567e-01    1.7402e+00
 1.2800e-01    7.1389e+01   -4.2327e-01    1.7391e+00
 1.2900e-01    7.1624e+01   -4.2097e-01    1.7380e+00
 1.3000e-01    7.1857e+01   -4.1874e-01    1.7370e+00
 1.3100e-01    7.2089e+01   -4.1654e-01    1.7360e+00
 1.3200e-01    7.2319e+01   -4.1439e-01    1.7349e+00
 1.3300e-01    7.2548e+01   -4.1228e-01    1.7339e+00
 1.3400e-01    7.2775e+01   -4.1018e-01    1.7328e+00
 1.3500e-01    7.3002e+01   -4.0808e-01    1.7317e+00
 1.3600e-01    7.3227e+01   -4.0603e-01    1.7306e+00
 1.3700e-01    7.3450e+01   -4.0408e-01    1.7296e+00
 1.3800e-01    7.3673e+01   -4.0213e-01    1.7286e+00
 1.3900e-01    7.3894e+01   -4.0015e-01    1.7275e+00
 1.4000e-01    7.4114e+01   -3.9810e-01    1.7265e+00
 1.4100e-01    7.4333e+01   -3.9605e-01    1.7254e+00
 1.4200e-01    7.4550e+01   -3.9417e-01    1.7243e+00
 1.4300e-01    7.4767e+01   -3.9224e-01    1.7232e+00
 1.4400e-01    7.4983e+01   -3.9018e-01    1.7221e+00
 1.4500e-01    7.5197e+01   -3.8827e-01    1.7211e+00
 1.4600e-01    7.5410e+01   -3.8651e-01    1.7201e+00
 1.4700e-01    7.5621e+01   -3.8473e-01    1.7191e+00
 1.4800e-01    7.5831e+01   -3.8303e-01    1.7182e+00
 1.4900e-01    7.6040e+01   -3.8129e-01    1.7171e+00
 1.5000e-01    7.6247e+01   -3.7959e-01    1.7161e+00
 1.5100e-01    7.6453e+01   -3.7792e-01    1.7150e+00
 1.5200e-01    7.6657e+01   -3.7628e-01    1.7140e+00
 1.5300e-01    7.6860e+01   -3.7469e-01    1.7129e+00
 1.5400e-01    7.7062e+01   -3.7309e-01    1.7119e+00
 1.5500e-01    7.7263e+01   -3.7146e-01    1.7109e+00
 1.5600e-01    7.7463e+01   -3.6973e-01    1.7097e+00
 1.5700e-01    7.7663e+01   -3.6834e-01    1.7087e+00
 1.5800e-01    7.7861e+01   -3.6687e-01    1.7078e+00
 1.5900e-01    7.8059e+01   -3.6537e-01    1.7067e+00
 1.6000e-01    7.8257e+01   -3.6387e-01    1.7057e+00
 1.6100e-01    7.8454e+01   -3.6241e-01    1.7046e+00
 1.6200e-01    7.8652e+01   -3.6086e-01    1.7036e+00
 1.6300e-01    7.8851e+01   -3.5924e-01    1.7025e+00
 1.6400e-01    7.9051e+01   -3.5759e-01    1.7015e+00
 1.6500e-01    7.9251e+01   -3.5578e-01    1.7004e+00
 1.6600e-01    7.9452e+01   -3.5393e-01    1.6993e+00
 1.6700e-01    7.9653e+01   -3.5209e-01    1.6982e+00
 1.6800e-01    7.9855e+01   -3.5035e-01    1.6973e+00
 1.6900e-01    8.0056e+01   -3.4841e-01    1.6962e+00
 1.7000e-01    8.0258e+01   -3.4654e-01    1.6952e+00
 1.7100e-01    8.0459e+01   -3.4469e-01    1.6941e+00
 1.7200e-01    8.0659e+01   -3.4277e-01    1.6930e+00
 1.7300e-01    8.0859e+01   -3.4091e-01    1.6919e+00
 1.7400e-01    8.1057e+01   -3.3907e-01    1.6908e+00
 1.7500e-01    8.1252e+01   -3.3730e-01    1.6897e+00
 1.7600e-01    8.1445e+01   -3.3565e-01    1.6887e+00
 1.7700e-01    8.1636e+01   -3.3412e-01    1.6876e+00
 1.7800e-01    8.1823e+01   -3.3275e-01    1.6865e+00
 1.7900e-01    8.2007e+01   -3.3153e-01    1.6855e+00
 1.8000e-01    8.2188e+01   -3.3047e-01    1.6845e+00
 1.8100e-01    8.2366e+01   -3.2948e-01    1.6835e+00
 1.8200e-01    8.2543e+01   -3.2857e-01    1.6825e+00
 1.8300e-01    8.2717e+01   -3.2782e-01    1.6814e+00
 1.8400e-01    8.2892e+01   -3.2698e-01    1.6804e+00
 1.8500e-01    8.3066e+01   -3.2611e-01    1.6794e+00
 1.8600e-01    8.3240e+01   -3.2516e-01    1.6784e+00
 1.8700e-01    8.3416e+01   -3.2417e-01    1.6774e+00
 1.8800e-01    8.3593e+01   -3.2305e-01    1.6763e+00
 1.8900e-01    8.3771e+01   -3.2171e-01    1.6752e+00
 1.9000e-01    8.3950e+01   -3.2038e-01    1.6742e+00
 1.9100e-01    8.4130e+01   -3.1885e-01    1.6731e+00
 1.9200e-01    8.4310e+01   -3.1738e-01    1.6720e+00
 1.9300e-01    8.4490e+01   -3.1583e-01    1.6709e+00
 1.9400e-01    8.4670e+01   -3.1432e-01    1.6698e+00
 1.9500e-01    8.4849e+01   -3.1277e-01    1.6687e+00
 1.9600e-01    8.5027e+01   -3.1114e-01    1.6675e+00
 1.9700e-01    8.5203e+01   -3.0984e-01    1.6665e+00
 1.9800e-01    8.5378e+01   -3.0857e-01    1.6655e+00
 1.9900e-01    8.5551e+01   -3.0730e-01    1.6644e+00
 2.0000e-01    8.5723e+01   -3.0625e-01    1.6633e+00
 2.0100e-01    8.5893e+01   -3.0531e-01    1.6622e+00
 2.0200e-01    8.6061e+01   -3.0446e-01    1.6613e+00
 2.0300e-01    8.6228e+01   -3.0353e-01    1.6603e+00
 2.0400e-01    8.6394e+01   -3.0256e-01    1.6593e+00
 2.0500e-01    8.6558e+01   -3.0181e-01    1.6583e+00
 2.0600e-01    8.6722e+01   -3.0100e-01    1.6572e+00
 2.0700e-01    8.6885e+01   -3.0018e-01    1.6562e+00
 2.0800e-01    8.7049e+01   -2.9939e-01    1.6552e+00
 2.0900e-01    8.7212e+01   -2.9837e-01    1.6541e+00
 2.1000e-01    8.7376e+01   -2.9727e-01    1.6530e+00
 2.1100e-01    8.7540e+01   -2.9619e-01    1.6519e+00
 2.1200e-01    8.7704e+01   -2.9515e-01    1.6509e+00
 2.1300e-01    8.7868e+01   -2.9394e-01    1.6500e+00
 2.1400e-01    8.8032e+01   -2.9277e-01    1.6489e+00
 2.1500e-01    8.8196e+01   -2.9151e-01    1.6479e+00
 2.1600e-01    8.8360e+01   -2.9021e-01    1.6468e+00
 2.1700e-01    8.8523e+01   -2.8893e-01    1.6457e+00
 2.1800e-01    8.8686e+01   -2.8765e-01    1.6445e+00
 2.1900e-01    8.8847e+01   -2.8648e-01    1.6435e+00
 2.2000e-01    8.9007e+01   -2.8540e-01    1.6425e+00
 2.2100e-01    8.9165e+01   -2.8426e-01    1.6414e+00
 2.2200e-01    8.9323e+01   -2.8316e-01    1.6402e+00
 2.2300e-01    8.9478e+01   -2.8223e-01    1.6391e+00
 2.2400e-01    8.9633e+01   -2.8133e-01    1.6381e+00
 2.2500e-01    8.9787e+01   -2.8054e-01    1.6371e+00
 2.2600e-01    8.9940e+01   -2.7982e-01    1.6361e+00
 2.2700e-01    9.0093e+01   -2.7898e-01    1.6350e+00
 2.2800e-01    9.0245e+01   -2.7835e-01    1.6340e+00
 2.2900e-01    9.0398e+01   -2.7767e-01    1.6329e+00
 2.3000e-01    9.0551e+01   -2.7686e-01    1.6319e+00
 2.3100e-01    9.0705e+01   -2.7609e-01    1.6308e+00
 2.3200e-01    9.0860e+01   -2.7520e-01    1.6298e+00
 2.3300e-01    9.1015e+01   -2.7423e-01    1.6288e+00
 2.3400e-01    9.1171e+01   -2.7320e-01    1.6277e+00
 2.3500e-01    9.1328e+01   -2.7205e-01    1.6265e+00
 2.3600e-01    9.1484e+01   -2.7092e-01    1.6255e+00
 2.3700e-01    9.1640e+01   -2.6975e-01    1.6244e+00
 2.3800e-01    9.1796e+01   -2.6858e-01    1.6233e+00
 2.3900e-01    9.1951e+01   -2.6731e-01    1.6222e+00
 2.4000e-01    9.2103e+01   -2.6630e-01    1.6212e+00
 2.4100e-01    9.2254e+01   -2.6541e-01    1.6200e+00
 2.4200e-01    9.2403e+01   -2.6463e-01    1.6189e+00
 2.4300e-01    9.2550e+01   -2.6394e-01    1.6180e+00
 2.4400e-01    9.2696e+01   -2.6321e-01    1.6170e+00
 2.4500e-01    9.2841e+01   -2.6245e-01    1.6159e+00
 2.4600e-01    9.2984e+01   -2.6171e-01    1.6147e+00
 2.4700e-01    9.3127e+01   -2.6106e-01    1.6137e+00
 2.4800e-01    9.3269e+01   -2.6038e-01    1.6128e+00
 2.4900e-01    9.3412e+01   -2.5964e-01    1.6117e+00
 2.5000e-01    9.3553e+01   -2.5884e-01    1.6107e+00
 2.5100e-01    9.3695e+01   -2.5806e-01    1.6097e+00
 2.5200e-01    9.3836e+01   -2.5724e-01    1.6087e+00
 2.5300e-01    9.3978e+01   -2.5645e-01    1.6076e+00
 2.5400e-01    9.4119e+01   -2.5562e-01    1.6065e+00
 2.5500e-01    9.4260e+01   -2.5487e-01    1.6055e+00
 2.5600e-01    9.4401e+01   -2.5403e-01    1.6044e+00
 2.5700e-01    9.4541e+01   -2.5325e-01    1.6033e+00
 2.5800e-01    9.4682e+01   -2.5250e-01    1.6023e+00
 2.5900e-01    9.4822e+01   -2.5175e-01    1.6012e+00
 2.6000e-01    9.4962e+01   -2.5105e-01    1.6003e+00
 2.6100e-01    9.5102e+01   -2.5028e-01    1.5992e+00
 2.6200e-01    9.5242e+01   -2.4945e-01    1.5980e+00
 2.6300e-01    9.5382e+01   -2.4853e-01    1.5970e+00
 2.6400e-01    9.5522e+01   -2.4770e-01    1.5958e+00
 2.6500e-01    9.5660e+01   -2.4684e-01    1.5948e+00
 2.6600e-01    9.5798e+01   -2.4608e-01    1.5937e+00
 2.6700e-01    9.5934e+01   -2.4532e-01    1.5927e+00
 2.6800e-01    9.6068e+01   -2.4460e-01    1.5916e+00
 2.6900e-01    9.6201e+01   -2.4406e-01    1.5906e+00
 2.7000e-01    9.6332e+01   -2.4356e-01    1.5896e+00
 2.7100e-01    9.6463e+01   -2.4312e-01    1.5886e+00
 2.7200e-01    9.6594e+01   -2.4258e-01    1.5875e+00
 2.7300e-01    9.6725e+01   -2.4191e-01    1.5865e+00
 2.7400e-01    9.6856e+01   -2.4138e-01    1.5855e+00
 2.7500e-01    9.6987e+01   -2.4090e-01    1.5845e+00
 2.7600e-01    9.7118e+01   -2.4018e-01    1.5834e+00
 2.7700e-01    9.7250e+01   -2.3964e-01    1.5824e+00
 2.7800e-01    9.7382e+01   -2.3883e-01    1.5813e+00
 2.7900e-01    9.7515e+01   -2.3809e-01    1.5803e+00
 2.8000e-01    9.7648e+01   -2.3725e-01    1.5792e+00
 2.8100e-01    9.7781e+01   -2.3645e-01    1.5782e+00
 2.8200e-01    9.7914e+01   -2.3565e-01    1.5771e+00
 2.8300e-01    9.8045e+01   -2.3494e-01    1.5760e+00
 2.8400e-01    9.8176e+01   -2.3434e-01    1.5750e+00
 2.8500e-01    9.8305e+01   -2.3378e-01    1.5739e+00
 2.8600e-01    9.8433e+01   -2.3329e-01    1.5728e+00
 2.8700e-01    9.8560e+01   -2.3280e-01    1.5718e+00
 2.8800e-01    9.8687e+01   -2.3232e-01    1.5707e+00
 2.8900e-01    9.8813e+01   -2.3186e-01    1.5697e+00
 2.9000e-01    9.8938e+01   -2.3130e-01    1.5687e+00
 2.9100e-01    9.9064e+01   -2.3060e-01    1.5676e+00
 2.9200e-01    9.9189e+01   -2.2990e-01    1.5664e+00
 2.9300e-01    9.9314e+01   -2.2940e-01    1.5655e+00
 2.9400e-01    9.9438e+01   -2.2881e-01    1.5645e+00
 2.9500e-01    9.9563e+01   -2.2810e-01    1.5634e+00
 2.9600e-01    9.9687e+01   -2.2735e-01    1.5625e+00
 2.9700e-01    9.9812e+01   -2.2652e-01    1.5614e+00
 2.9800e-01    9.9937e+01   -2.2576e-01    1.5603e+00
 2.9900e-01    1.0006e+02   -2.2493e-01    1.5593e+00
 3.0000e-01    1.0018e+02   -2.2401e-01    1.5581e+00
 3.0100e-01    1.0031e+02   -2.2331e-01    1.5570e+00
 3.0200e-01    1.0043e+02   -2.2266e-01    1.5560e+00
 3.0300e-01    1.0055e+02   -2.2205e-01    1.5549e+00
 3.0400e-01    1.0067e+02   -2.2142e-01    1.5538e+00
 3.0500e-01    1.0079e+02   -2.2079e-01    1.5527e+00
 3.0600e-01    1.0091e+02   -2.2019e-01    1.5518e+00
 3.0700e-01    1.0103e+02   -2.1952e-01    1.5508e+00
 3.0800e-01    1.0115e+02   -2.1912e-01    1.5497e+00
 3.0900e-01    1.0127e+02   -2.1867e-01    1.5487e+00
 3.1000e-01    1.0139e+02   -2.1813e-01    1.5477e+00
 3.1100e-01    1.0151e+02   -2.1749e-01    1.5468e+00
 3.1200e-01    1.0162e+02   -2.1683e-01    1.5457e+00
 3.1300e-01    1.0174e+02   -2.1627e-01    1.5446e+00
 3.1400e-01    1.0186e+02   -2.1583e-01    1.5436e+00
 3.1500e-01    1.0198e+02   -2.1537e-01    1.5425e+00
 3.1600e-01    1.0210e+02   -2.1476e-01    1.5415e+00
 3.1700e-01    1.0221e+02   -2.1423e-01    1.5404e+00
 3.1800e-01    1.0233e+02   -2.1372e-01    1.5394e+00
 3.1900e-01    1.0244e+02   -2.1328e-01    1.5383e+00
 3.2000e-01    1.0256e+02   -2.1284e-01    1.5373e+00
 3.2100e-01    1.0267e+02   -2.1243e-01    1.5363e+00
 3.2200e-01    1.0279e+02   -2.1210e-01    1.5352e+00
 3.2300e-01    1.0290e+02   -2.1157e-01    1.5342e+00
 3.2400e-01    1.0302e+02   -2.1087e-01    1.5331e+00
 3.2500e-01    1.0313e+02   -2.1016e-01    1.5320e+00
 3.2600e-01    1.0325e+02   -2.0956e-01    1.5309e+00
 3.2700e-01    1.0336e+02   -2.0895e-01    1.5299e+00
 3.2800e-01    1.0348e+02   -2.0852e-01    1.5289e+00
 3.2900e-01    1.0359e+02   -2.0817e-01    1.5280e+00
 3.3000e-01    1.0370e+02   -2.0783e-01    1.5269e+00
 3.3100e-01    1.0381e+02   -2.0744e-01    1.5258e+00
 3.3200e-01    1.0392e+02   -2.0704e-01    1.5248e+00
 3.3300e-01    1.0403e+02   -2.0670e-01    1.5238e+00
 3.3400e-01    1.0415e+02   -2.0621e-01    1.5227e+00
 3.3500e-01    1.0426e+02   -2.0558e-01    1.5217e+00
 3.3600e-01    1.0437e+02   -2.0485e-01    1.5207e+00
 3.3700e-01    1.0448e+02   -2.0423e-01    1.5196e+00
 3.3800e-01    1.0459e+02   -2.0360e-01    1.5186e+00
 3.3900e-01    1.0470e+02   -2.0309e-01    1.5175e+00
 3.4000e-01    1.0481e+02   -2.0257e-01    1.5166e+00
 3.4100e-01    1.0491e+02   -2.0217e-01    1.5156e+00
 3.4200e-01    1.0502e+02   -2.0180e-01    1.5146e+00
 3.4300e-01    1.0513e+02   -2.0126e-01    1.5135e+00
 3.4400e-01    1.0523e+02   -2.0082e-01    1.5125e+00
 3.4500e-01    1.0534e+02   -2.0028e-01    1.5115e+00
 3.4600e-01    1.0545e+02   -1.9971e-01    1.5105e+00
 3.4700e-01    1.0555e+02   -1.9916e-01    1.5094e+00
 3.4800e-01    1.0566e+02   -1.9869e-01    1.5083e+00
 3.4900e-01    1.0576e+02   -1.9820e-01    1.5072e+00
 3.5000e-01    1.0587e+02   -1.9795e-01    1.5062e+00
 3.5100e-01    1.0597e+02   -1.9786e-01    1.5052e+00
 3.5200e-01    1.0607e+02   -1.9768e-01    1.5043e+00
 3.5300e-01    1.0618e+02   -1.9735e-01    1.5033e+00
 3.5400e-01    1.0629e+02   -1.9682e-01    1.5022e+00
 3.5500e-01    1.0639e+02   -1.9623e-01    1.5012e+00
 3.5600e-01    1.0650e+02   -1.9568e-01    1.5002e+00
 3.5700e-01    1.0661e+02   -1.9503e-01    1.4992e+00
 3.5800e-01    1.0672e+02   -1.9449e-01    1.4982e+00
 3.5900e-01    1.0683e+02   -1.9395e-01    1.4971e+00
 3.6000e-01    1.0693e+02   -1.9370e-01    1.4961e+00
 3.6100e-01    1.0703e+02   -1.9338e-01    1.4951e+00
 3.6200e-01    1.0714e+02   -1.9293e-01    1.4940e+00
 3.6300e-01    1.0725e+02   -1.9231e-01    1.4930e+00
 3.6400e-01    1.0735e+02   -1.9161e-01    1.4919e+00
 3.6500e-01    1.0746e+02   -1.9090e-01    1.4909e+00
 3.6600e-01    1.0756e+02   -1.9031e-01    1.4899e+00
 3.6700e-01    1.0766e+02   -1.8989e-01    1.4889e+00
 3.6800e-01    1.0776e+02   -1.8946e-01    1.4878e+00
 3.6900e-01    1.0786e+02   -1.8919e-01    1.4868e+00
 3.7000e-01    1.0796e+02   -1.8895e-01    1.4859e+00
 3.7100e-01    1.0806e+02   -1.8882e-01    1.4849e+00
 3.7200e-01    1.0816e+02   -1.8858e-01    1.4838e+00
 3.7300e-01    1.0826e+02   -1.8811e-01    1.4828e+00
 3.7400e-01    1.0836e+02   -1.8773e-01    1.4817e+00
 3.7500e-01    1.0846e+02   -1.8733e-01    1.4807e+00
 3.7600e-01    1.0856e+02   -1.8698e-01    1.4797e+00
 3.7700e-01    1.0866e+02   -1.8650e-01    1.4787e+00
 3.7800e-01    1.0876e+02   -1.8598e-01    1.4777e+00
 3.7900e-01    1.0885e+02   -1.8549e-01    1.4766e+00
 3.8000e-01    1.0895e+02   -1.8515e-01    1.4755e+00
 3.8100e-01    1.0904e+02   -1.8497e-01    1.4745e+00
 3.8200e-01    1.0914e+02   -1.8474e-01    1.4735e+00
 3.8300e-01    1.0923e+02   -1.8442e-01    1.4726e+00
 3.8400e-01    1.0933e+02   -1.8406e-01    1.4715e+00
 3.8500e-01    1.0943e+02   -1.8348e-01    1.4705e+00
 3.8600e-01    1.0953e+02   -1.8285e-01    1.4695e+00
 3.8700e-01    1.0963e+02   -1.8216e-01    1.4684e+00
 3.8800e-01    1.0972e+02   -1.8172e-01    1.4674e+00
 3.8900e-01    1.0982e+02   -1.8148e-01    1.4665e+00
 3.9000e-01    1.0991e+02   -1.8127e-01    1.4654e+00
 3.9100e-01    1.1001e+02   -1.8092e-01    1.4644e+00
 3.9200e-01    1.1010e+02   -1.8062e-01    1.4634e+00
 3.9300e-01    1.1019e+02   -1.8023e-01    1.4624e+00
 3.9400e-01    1.1029e+02   -1.7985e-01    1.4614e+00
 3.9500e-01    1.1038e+02   -1.7937e-01    1.4603e+00
 3.9600e-01    1.1047e+02   -1.7885e-01    1.4594e+00
 3.9700e-01    1.1056e+02   -1.7841e-01    1.4584e+00
 3.9800e-01    1.1065e+02   -1.7822e-01    1.4575e+00
 3.9900e-01    1.1074e+02   -1.7813e-01    1.4564e+00
 4.0000e-01    1.1083e+02   -1.7803e-01    1.4555e+00
 4.0100e-01    1.1092e+02   -1.7792e-01    1.4546e+00
 4.0200e-01    1.1101e+02   -1.7761e-01    1.4535e+00
 4.0300e-01    1.1110e+02   -1.7704e-01    1.4525e+00
 4.0400e-01    1.1119e+02   -1.7665e-01    1.4516e+00
 4.0500e-01    1.1128e+02   -1.7633e-01    1.4506e+00
 4.0600e-01    1.1137e+02   -1.7612e-01    1.4496e+00
 4.0700e-01    1.1146e+02   -1.7590e-01    1.4487e+00
 4.0800e-01    1.1155e+02   -1.7558e-01    1.4476e+00
 4.0900e-01    1.1164e+02   -1.7541e-01    1.4467e+00
 4.1000e-01    1.1172e+02   -1.7527e-01    1.4458e+00
 4.1100e-01    1.1181e+02   -1.7498e-01    1.4448e+00
 4.1200e-01    1.1190e+02   -1.7445e-01    1.4438e+00
 4.1300e-01    1.1199e+02   -1.7401e-01    1.4428e+00
 4.1400e-01    1.1208e+02   -1.7352e-01    1.4419e+00
 4.1500e-01    1.1217e+02   -1.7327e-01    1.4409e+00
 4.1600e-01    1.1226e+02   -1.7312e-01    1.4400e+00
 4.1700e-01    1.1234e+02   -1.7295e-01    1.4390e+00
 4.1800e-01    1.1243e+02   -1.7259e-01    1.4379e+00
 4.1900e-01    1.1251e+02   -1.7230e-01    1.4370e+00
 4.2000e-01    1.1260e+02   -1.7210e-01    1.4361e+00
 4.2100e-01    1.1269e+02   -1.7184e-01    1.4352e+00
 4.2200e-01    1.1277e+02   -1.7148e-01    1.4342e+00
 4.2300e-01    1.1286e+02   -1.7105e-01    1.4331e+00
 4.2400e-01    1.1294e+02   -1.7066e-01    1.4322e+00
 4.2500e-01    1.1303e+02   -1.7032e-01    1.4313e+00
 4.2600e-01    1.1312e+02   -1.7006e-01    1.4304e+00
 4.2700e-01    1.1320e+02   -1.6983e-01    1.4295e+00
 4.2800e-01    1.1328e+02   -1.6966e-01    1.4285e+00
 4.2900e-01    1.1337e+02   -1.6928e-01    1.4275e+00
 4.3000e-01    1.1346e+02   -1.6879e-01    1.4265e+00
 4.3100e-01    1.1354e+02   -1.6831e-01    1.4256e+00
 4.3200e-01    1.1363e+02   -1.6787e-01    1.4246e+00
 4.3300e-01    1.1372e+02   -1.6745e-01    1.4236e+00
 4.3400e-01    1.1380e+02   -1.6713e-01    1.4226e+00
 4.3500e-01    1.1388e+02   -1.6712e-01    1.4216e+00
 4.3600e-01    1.1396e+02   -1.6707e-01    1.4208e+00
 4.3700e-01    1.1404e+02   -1.6693e-01    1.4198e+00
 4.3800e-01    1.1413e+02   -1.6674e-01    1.4187e+00
 4.3900e-01    1.1421e+02   -1.6621e-01    1.4177e+00
 4.4000e-01    1.1429e+02   -1.6557e-01    1.4168e+00
 4.4100e-01    1.1437e+02   -1.6503e-01    1.4158e+00
 4.4200e-01    1.1446e+02   -1.6484e-01    1.4149e+00
 4.4300e-01    1.1453e+02   -1.6481e-01    1.4140e+00
 4.4400e-01    1.1461e+02   -1.6496e-01    1.4131e+00
 4.4500e-01    1.1469e+02   -1.6475e-01    1.4121e+00
 4.4600e-01    1.1477e+02   -1.6452e-01    1.4112e+00
 4.4700e-01    1.1486e+02   -1.6418e-01    1.4103e+00
 4.4800e-01    1.1494e+02   -1.6358e-01    1.4092e+00
 4.4900e-01    1.1502e+02   -1.6307e-01    1.4083e+00
 4.5000e-01    1.1510e+02   -1.6291e-01    1.4073e+00
 4.5100e-01    1.1518e+02   -1.6300e-01    1.4064e+00
 4.5200e-01    1.1525e+02   -1.6292e-01    1.4055e+00
 4.5300e-01    1.1533e+02   -1.6251e-01    1.4045e+00
 4.5400e-01    1.1541e+02   -1.6187e-01    1.4035e+00
 4.5500e-01    1.1549e+02   -1.6136e-01    1.4024e+00
 4.5600e-01    1.1557e+02   -1.6100e-01    1.4014e+00
 4.5700e-01    1.1565e+02   -1.6088e-01    1.4005e+00
 4.5800e-01    1.1573e+02   -1.6098e-01    1.3996e+00
 4.5900e-01    1.1580e+02   -1.6095e-01    1.3987e+00
 4.6000e-01    1.1588e+02   -1.6053e-01    1.3978e+00
 4.6100e-01    1.1597e+02   -1.5978e-01    1.3967e+00
 4.6200e-01    1.1605e+02   -1.5911e-01    1.3958e+00
 4.6300e-01    1.1613e+02   -1.5856e-01    1.3948e+00
 4.6400e-01    1.1621e+02   -1.5821e-01    1.3940e+00
 4.6500e-01    1.1629e+02   -1.5805e-01    1.3930e+00
 4.6600e-01    1.1636e+02   -1.5813e-01    1.3921e+00
 4.6700e-01    1.1644e+02   -1.5819e-01    1.3911e+00
 4.6800e-01    1.1651e+02   -1.5789e-01    1.3902e+00
 4.6900e-01    1.1659e+02   -1.5743e-01    1.3892e+00
 4.7000e-01    1.1667e+02   -1.5683e-01    1.3883e+00
 4.7100e-01    1.1675e+02   -1.5648e-01    1.3874e+00
 4.7200e-01    1.1683e+02   -1.5618e-01    1.3866e+00
 4.7300e-01    1.1690e+02   -1.5588e-01    1.3855e+00
 4.7400e-01    1.1697e+02   -1.5595e-01    1.3846e+00
 4.7500e-01    1.1705e+02   -1.5617e-01    1.3837e+00
 4.7600e-01    1.1712e+02   -1.5606e-01    1.3828e+00
 4.7700e-01    1.1719e+02   -1.5594e-01    1.3820e+00
 4.7800e-01    1.1727e+02   -1.5545e-01    1.3810e+00
 4.7900e-01    1.1734e+02   -1.5493e-01    1.3801e+00
 4.8000e-01    1.1742e+02   -1.5468e-01    1.3792e+00
 4.8100e-01    1.1749e+02   -1.5472e-01    1.3783e+00
 4.8200e-01    1.1756e+02   -1.5492e-01    1.3775e+00
 4.8300e-01    1.1763e+02   -1.5478e-01    1.3765e+00
 4.8400e-01    1.1770e+02   -1.5458e-01    1.3756e+00
 4.8500e-01    1.1777e+02   -1.5425e-01    1.3748e+00
 4.8600e-01    1.1784e+02   -1.5373e-01    1.3737e+00
 4.8700e-01    1.1792e+02   -1.5322e-01    1.3728e+00
 4.8800e-01    1.1799e+02   -1.5305e-01    1.3720e+00
 4.8900e-01    1.1806e+02   -1.5289e-01    1.3712e+00
 4.9000e-01    1.1813e+02   -1.5288e-01    1.3703e+00
 4.9100e-01    1.1819e+02   -1.5268e-01    1.3693e+00
 4.9200e-01    1.1827e+02   -1.5222e-01    1.3684e+00
 4.9300e-01    1.1834e+02   -1.5184e-01    1.3674e+00
 4.9400e-01    1.1841e+02   -1.5156e-01    1.3667e+00
 4.9500e-01    1.1848e+02   -1.5120e-01    1.3657e+00
 4.9600e-01    1.1854e+02   -1.5111e-01    1.3648e+00
 4.9700e-01    1.1861e+02   -1.5112e-01    1.3640e+00
 4.9800e-01    1.1868e+02   -1.5098e-01    1.3631e+00
 4.9900e-01    1.1875e+02   -1.5050e-01    1.3621e+00
 5.0000e-01    1.1882e+02   -1.5019e-01    1.3613e+00
 5.0100e-01    1.1889e+02   -1.5000e-01    1.3604e+00
 5.0200e-01    1.1895e+02   -1.5004e-01    1.3596e+00
 5.0300e-01    1.1902e+02   -1.5015e-01    1.3587e+00
 5.0400e-01    1.1909e+02   -1.5002e-01    1.3578e+00
 5.0500e-01    1.1916e+02   -1.4967e-01    1.3569e+00
 5.0600e-01    1.1923e+02   -1.4917e-01    1.3560e+00
 5.0700e-01    1.1929e+02   -1.4883e-01    1.3551e+00
 5.0800e-01    1.1936e+02   -1.4860e-01    1.3542e+00
 5.0900e-01    1.1943e+02   -1.4842e-01    1.3533e+00
 5.1000e-01    1.1950e+02   -1.4838e-01    1.3524e+00
 5.1100e-01    1.1956e+02   -1.4827e-01    1.3515e+00
 5.1200e-01    1.1963e+02   -1.4782e-01    1.3505e+00
 5.1300e-01    1.1970e+02   -1.4724e-01    1.3497e+00
 5.1400e-01    1.1977e+02   -1.4705e-01    1.3488e+00
 5.1500e-01    1.1984e+02   -1.4702e-01    1.3479e+00
 5.1600e-01    1.1990e+02   -1.4685e-01    1.3470e+00
 5.1700e-01    1.1997e+02   -1.4684e-01    1.3462e+00
 5.1800e-01    1.2004e+02   -1.4663e-01    1.3453e+00
 5.1900e-01    1.2010e+02   -1.4622e-01    1.3444e+00
 5.2000e-01    1.2017e+02   -1.4567e-01    1.3434e+00
 5.2100e-01    1.2024e+02   -1.4539e-01    1.3425e+00
 5.2200e-01    1.2030e+02   -1.4516e-01    1.3416e+00
 5.2300e-01    1.2037e+02   -1.4480e-01    1.3407e+00
 5.2400e-01    1.2043e+02   -1.4471e-01    1.3398e+00
 5.2500e-01    1.2050e+02   -1.4451e-01    1.3390e+00
 5.2600e-01    1.2056e+02   -1.4437e-01    1.3382e+00
 5.2700e-01    1.2062e+02   -1.4435e-01    1.3374e+00
 5.2800e-01    1.2069e+02   -1.4421e-01    1.3365e+00
 5.2900e-01    1.2075e+02   -1.4395e-01    1.3357e+00
 5.3000e-01    1.2082e+02   -1.4369e-01    1.3348e+00
 5.3100e-01    1.2088e+02   -1.4328e-01    1.3338e+00
 5.3200e-01    1.2094e+02   -1.4330e-01    1.3330e+00
 5.3300e-01    1.2100e+02   -1.4331e-01    1.3322e+00
 5.3400e-01    1.2107e+02   -1.4320e-01    1.3313e+00
 5.3500e-01    1.2113e+02   -1.4290e-01    1.3305e+00
 5.3600e-01    1.2120e+02   -1.4260e-01    1.3296e+00
 5.3700e-01    1.2126e+02   -1.4229e-01    1.3287e+00
 5.3800e-01    1.2132e+02   -1.4197e-01    1.3278e+00
 5.3900e-01    1.2139e+02   -1.4167e-01    1.3269e+00
 5.4000e-01    1.2145e+02   -1.4164e-01    1.3261e+00
 5.4100e-01    1.2151e+02   -1.4133e-01    1.3253e+00
 5.4200e-01    1.2157e+02   -1.4101e-01    1.3244e+00
 5.4300e-01    1.2163e+02   -1.4072e-01    1.3234e+00
 5.4400e-01    1.2169e+02   -1.4057e-01    1.3226e+00
 5.4500e-01    1.2175e+02   -1.4053e-01    1.3218e+00
 5.4600e-01    1.2181e+02   -1.4042e-01    1.3208e+00
 5.4700e-01    1.2187e+02   -1.4023e-01    1.3199e+00
 5.4800e-01    1.2194e+02   -1.3993e-01    1.3191e+00
 5.4900e-01    1.2200e+02   -1.3977e-01    1.3183e+00
 5.5000e-01    1.2206e+02   -1.3950e-01    1.3174e+00
 5.5100e-01    1.2212e+02   -1.3934e-01    1.3165e+00
 5.5200e-01    1.2218e+02   -1.3920e-01    1.3157e+00
 5.5300e-01    1.2224e+02   -1.3899e-01    1.3149e+00
 5.5400e-01    1.2230e+02   -1.3893e-01    1.3140e+00
 5.5500e-01    1.2236e+02   -1.3854e-01    1.3132e+00
 5.5600e-01    1.2243e+02   -1.3808e-01    1.3122e+00
 5.5700e-01    1.2249e+02   -1.3806e-01    1.3113e+00
 5.5800e-01    1.2255e+02   -1.3802e-01    1.3105e+00
 5.5900e-01    1.2261e+02   -1.3785e-01    1.3097e+00
 5.6000e-01    1.2268e+02   -1.3756e-01    1.3088e+00
 5.6100e-01    1.2274e+02   -1.3724e-01    1.3080e+00
 5.6200e-01    1.2280e+02   -1.3707e-01    1.3072e+00
 5.6300e-01    1.2286e+02   -1.3713e-01    1.3064e+00
 5.6400e-01    1.2292e+02   -1.3696e-01    1.3056e+00
 5.6500e-01    1.2298e+02   -1.3663e-01    1.3048e+00
 5.6600e-01    1.2304e+02   -1.3649e-01    1.3039e+00
 5.6700e-01    1.2310e+02   -1.3621e-01    1.3031e+00
 5.6800e-01    1.2316e+02   -1.3591e-01    1.3023e+00
 5.6900e-01    1.2322e+02   -1.3550e-01    1.3014e+00
 5.7000e-01    1.2328e+02   -1.3534e-01    1.3006e+00
 5.7100e-01    1.2334e+02   -1.3514e-01    1.2997e+00
 5.7200e-01    1.2340e+02   -1.3470e-01    1.2988e+00
 5.7300e-01    1.2345e+02   -1.3450e-01    1.2979e+00
 5.7400e-01    1.2351e+02   -1.3432e-01    1.2972e+00
 5.7500e-01    1.2356e+02   -1.3413e-01    1.2963e+00
 5.7600e-01    1.2362e+02   -1.3403e-01    1.2955e+00
 5.7700e-01    1.2367e+02   -1.3403e-01    1.2947e+00
 5.7800e-01    1.2373e+02   -1.3389e-01    1.2939e+00
 5.7900e-01    1.2378e+02   -1.3359e-01    1.2930e+00
 5.8000e-01    1.2384e+02   -1.3337e-01    1.2923e+00
 5.8100e-01    1.2390e+02   -1.3328e-01    1.2915e+00
 5.8200e-01    1.2395e+02   -1.3333e-01    1.2908e+00
 5.8300e-01    1.2401e+02   -1.3333e-01    1.2899e+00
 5.8400e-01    1.2406e+02   -1.3306e-01    1.2890e+00
 5.8500e-01    1.2412e+02   -1.3312e-01    1.2883e+00
 5.8600e-01    1.2417e+02   -1.3309e-01    1.2874e+00
 5.8700e-01    1.2423e+02   -1.3297e-01    1.2866e+00
 5.8800e-01    1.2428e+02   -1.3275e-01    1.2858e+00
 5.8900e-01    1.2434e+02   -1.3244e-01    1.2849e+00
 5.9000e-01    1.2440e+02   -1.3213e-01    1.2841e+00
 5.9100e-01    1.2445e+02   -1.3186e-01    1.2832e+00
 5.9200e-01    1.2450e+02   -1.3217e-01    1.2824e+00
 5.9300e-01    1.2456e+02   -1.3224e-01    1.2817e+00
 5.9400e-01    1.2461e+02   -1.3193e-01    1.2809e+00
 5.9500e-01    1.2466e+02   -1.3166e-01    1.2800e+00
 5.9600e-01    1.2472e+02   -1.3181e-01    1.2792e+00
 5.9700e-01    1.2477e+02   -1.3194e-01    1.2785e+00
 5.9800e-01    1.2482e+02   -1.3193e-01    1.2777e+00
 5.9900e-01    1.2488e+02   -1.3173e-01    1.2770e+00
 6.0000e-01    1.2493e+02   -1.3182e-01    1.2761e+00
 6.0100e-01    1.2499e+02   -1.3169e-01    1.2752e+00
 6.0200e-01    1.2504e+02   -1.3144e-01    1.2745e+00
 6.0300e-01    1.2510e+02   -1.3113e-01    1.2737e+00
 6.0400e-01    1.2515e+02   -1.3097e-01    1.2728e+00
 6.0500e-01    1.2520e+02   -1.3115e-01    1.2721e+00
 6.0600e-01    1.2525e+02   -1.3108e-01    1.2714e+00
 6.0700e-01    1.2531e+02   -1.3049e-01    1.2706e+00
 6.0800e-01    1.2537e+02   -1.3013e-01    1.2697e+00
 6.0900e-01    1.2542e+02   -1.2982e-01    1.2689e+00
 6.1000e-01    1.2547e+02   -1.3010e-01    1.2681e+00
 6.1100e-01    1.2552e+02   -1.2996e-01    1.2672e+00
 6.1200e-01    1.2557e+02   -1.2964e-01    1.2665e+00
 6.1300e-01    1.2563e+02   -1.2938e-01    1.2658e+00
 6.1400e-01    1.2568e+02   -1.2916e-01    1.2651e+00
 6.1500e-01    1.2573e+02   -1.2899e-01    1.2644e+00
 6.1600e-01    1.2578e+02   -1.2901e-01    1.2635e+00
 6.1700e-01    1.2583e+02   -1.2884e-01    1.2627e+00
 6.1800e-01    1.2588e+02   -1.2897e-01    1.2620e+00
 6.1900e-01    1.2593e+02   -1.2860e-01    1.2612e+00
 6.2000e-01    1.2598e+02   -1.2855e-01    1.2604e+00
 6.2100e-01    1.2603e+02   -1.2848e-01    1.2597e+00
 6.2200e-01    1.2608e+02   -1.2843e-01    1.2590e+00
 6.2300e-01    1.2613e+02   -1.2842e-01    1.2582e+00
 6.2400e-01    1.2618e+02   -1.2806e-01    1.2575e+00
 6.2500e-01    1.2623e+02   -1.2792e-01    1.2566e+00
 6.2600e-01    1.2628e+02   -1.2788e-01    1.2559e+00
 6.2700e-01    1.2632e+02   -1.2776e-01    1.2553e+00
 6.2800e-01    1.2637e+02   -1.2756e-01    1.2546e+00
 6.2900e-01    1.2642e+02   -1.2749e-01    1.2538e+00
 6.3000e-01    1.2647e+02   -1.2717e-01    1.2531e+00
 6.3100e-01    1.2652e+02   -1.2734e-01    1.2523e+00
 6.3200e-01    1.2657e+02   -1.2750e-01    1.2517e+00
 6.3300e-01    1.2662e+02   -1.2735e-01    1.2508e+00
 6.3400e-01    1.2667e+02   -1.2685e-01    1.2500e+00
 6.3500e-01    1.2672e+02   -1.2679e-01    1.2492e+00
 6.3600e-01    1.2676e+02   -1.2683e-01    1.2485e+00
 6.3700e-01    1.2681e+02   -1.2684e-01    1.2479e+00
 6.3800e-01    1.2686e+02   -1.2686e-01    1.2471e+00
 6.3900e-01    1.2691e+02   -1.2642e-01    1.2463e+00
 6.4000e-01    1.2696e+02   -1.2631e-01    1.2456e+00
 6.4100e-01    1.2701e+02   -1.2658e-01    1.2449e+00
 6.4200e-01    1.2705e+02   -1.2655e-01    1.2441e+00
 6.4300e-01    1.2710e+02   -1.2625e-01    1.2432e+00
 6.4400e-01    1.2715e+02   -1.2580e-01    1.2426e+00
 6.4500e-01    1.2720e+02   -1.2570e-01    1.2418e+00
 6.4600e-01    1.2724e+02   -1.2561e-01    1.2411e+00
 6.4700e-01    1.2729e+02   -1.2535e-01    1.2403e+00
 6.4800e-01    1.2734e+02   -1.2514e-01    1.2396e+00
 6.4900e-01    1.2738e+02   -1.2494e-01    1.2389e+00
 6.5000e-01    1.2743e+02   -1.2475e-01    1.2382e+00
 6.5100e-01    1.2748e+02   -1.2491e-01    1.2376e+00
 6.5200e-01    1.2752e+02   -1.2485e-01    1.2369e+00
 6.5300e-01    1.2757e+02   -1.2465e-01    1.2362e+00
 6.5400e-01    1.2762e+02   -1.2456e-01    1.2355e+00
 6.5500e-01    1.2767e+02   -1.2412e-01    1.2347e+00
 6.5600e-01    1.2771e+02   -1.2429e-01    1.2340e+00
 6.5700e-01    1.2776e+02   -1.2422e-01    1.2332e+00
 6.5800e-01    1.2781e+02   -1.2397e-01    1.2324e+00
 6.5900e-01    1.2786e+02   -1.2342e-01    1.2317e+00
 6.6000e-01    1.2791e+02   -1.2317e-01    1.2309e+00
 6.6100e-01    1.2796e+02   -1.2332e-01    1.2303e+00
 6.6200e-01    1.2800e+02   -1.2316e-01    1.2294e+00
 6.6300e-01    1.2805e+02   -1.2286e-01    1.2287e+00
 6.6400e-01    1.2810e+02   -1.2249e-01    1.2279e+00
 6.6500e-01    1.2814e+02   -1.2260e-01    1.2272e+00
 6.6600e-01    1.2819e+02   -1.2267e-01    1.2264e+00
 6.6700e-01    1.2823e+02   -1.2265e-01    1.2256e+00
 6.6800e-01    1.2828e+02   -1.2239e-01    1.2249e+00
 6.6900e-01    1.2832e+02   -1.2239e-01    1.2240e+00
 6.7000e-01    1.2837e+02   -1.2236e-01    1.2234e+00
 6.7100e-01    1.2841e+02   -1.2243e-01    1.2226e+00
 6.7200e-01    1.2845e+02   -1.2247e-01    1.2219e+00
 6.7300e-01    1.2850e+02   -1.2228e-01    1.2212e+00
 6.7400e-01    1.2854e+02   -1.2214e-01    1.2205e+00
 6.7500e-01    1.2858e+02   -1.2208e-01    1.2196e+00
 6.7600e-01    1.2862e+02   -1.2202e-01    1.2189e+00
 6.7700e-01    1.2867e+02   -1.2214e-01    1.2182e+00
 6.7800e-01    1.2871e+02   -1.2212e-01    1.2176e+00
 6.7900e-01    1.2875e+02   -1.2190e-01    1.2169e+00
 6.8000e-01    1.2880e+02   -1.2157e-01    1.2163e+00
 6.8100e-01    1.2884e+02   -1.2124e-01    1.2156e+00
 6.8200e-01    1.2888e+02   -1.2117e-01    1.2149e+00
 6.8300e-01    1.2893e+02   -1.2114e-01    1.2142e+00
 6.8400e-01    1.2897e+02   -1.2112e-01    1.2135e+00
 6.8500e-01    1.2902e+02   -1.2089e-01    1.2127e+00
 6.8600e-01    1.2906e+02   -1.2085e-01    1.2120e+00
 6.8700e-01    1.2911e+02   -1.2086e-01    1.2112e+00
 6.8800e-01    1.2915e+02   -1.2075e-01    1.2106e+00
 6.8900e-01    1.2920e+02   -1.2047e-01    1.2100e+00
 6.9000e-01    1.2924e+02   -1.2037e-01    1.2092e+00
 6.9100e-01    1.2929e+02   -1.2011e-01    1.2085e+00
 6.9200e-01    1.2933e+02   -1.2006e-01    1.2079e+00
 6.9300e-01    1.2937e+02   -1.2002e-01    1.2072e+00
 6.9400e-01    1.2941e+02   -1.1977e-01    1.2065e+00
 6.9500e-01    1.2945e+02   -1.1990e-01    1.2058e+00
 6.9600e-01    1.2949e+02   -1.2014e-01    1.2052e+00
 6.9700e-01    1.2954e+02   -1.1983e-01    1.2045e+00
 6.9800e-01    1.2958e+02   -1.1956e-01    1.2037e+00
 6.9900e-01    1.2962e+02   -1.1939e-01    1.2029e+00
 7.0000e-01    1.2966e+02   -1.1973e-01    1.2024e+00
 7.0100e-01    1.2970e+02   -1.1965e-01    1.2017e+00
 7.0200e-01    1.2974e+02   -1.1940e-01    1.2010e+00
 7.0300e-01    1.2978e+02   -1.1920e-01    1.2004e+00
 7.0400e-01    1.2982e+02   -1.1929e-01    1.1996e+00
 7.0500e-01    1.2987e+02   -1.1913e-01    1.1989e+00
 7.0600e-01    1.2991e+02   -1.1906e-01    1.1982e+00
 7.0700e-01    1.2995e+02   -1.1884e-01    1.1975e+00
 7.0800e-01    1.2999e+02   -1.1868e-01    1.1968e+00
 7.0900e-01    1.3003e+02   -1.1849e-01    1.1962e+00
 7.1000e-01    1.3007e+02   -1.1843e-01    1.1954e+00
 7.1100e-01    1.3012e+02   -1.1839e-01    1.1947e+00
 7.1200e-01    1.3016e+02   -1.1804e-01    1.1941e+00
 7.1300e-01    1.3020e+02   -1.1798e-01    1.1934e+00
 7.1400e-01    1.3024e+02   -1.1771e-01    1.1928e+00
 7.1500e-01    1.3028e+02   -1.1772e-01    1.1920e+00
 7.1600e-01    1.3032e+02   -1.1757e-01    1.1913e+00
 7.1700e-01    1.3036e+02   -1.1767e-01    1.1906e+00
 7.1800e-01    1.3040e+02   -1.1773e-01    1.1900e+00
 7.1900e-01    1.3044e+02   -1.1752e-01    1.1894e+00
 7.2000e-01    1.3048e+02   -1.1746e-01    1.1888e+00
 7.2100e-01    1.3051e+02   -1.1763e-01    1.1882e+00
 7.2200e-01    1.3055e+02   -1.1747e-01    1.1875e+00
 7.2300e-01    1.3059e+02   -1.1732e-01    1.1870e+00
 7.2400e-01    1.3063e+02   -1.1713e-01    1.1863e+00
 7.2500e-01    1.3067e+02   -1.1693e-01    1.1855e+00
 7.2600e-01    1.3071e+02   -1.1691e-01    1.1849e+00
 7.2700e-01    1.3075e+02   -1.1685e-01    1.1842e+00
 7.2800e-01    1.3078e+02   -1.1679e-01    1.1835e+00
 7.2900e-01    1.3082e+02   -1.1675e-01    1.1831e+00
 7.3000e-01    1.3086e+02   -1.1667e-01    1.1824e+00
 7.3100e-01    1.3090e+02   -1.1641e-01    1.1816e+00
 7.3200e-01    1.3094e+02   -1.1613e-01    1.1810e+00
 7.3300e-01    1.3098e+02   -1.1604e-01    1.1804e+00
 7.3400e-01    1.3102e+02   -1.1600e-01    1.1797e+00
 7.3500e-01    1.3107e+02   -1.1572e-01    1.1791e+00
 7.3600e-01    1.3111e+02   -1.1566e-01    1.1783e+00
 7.3700e-01    1.3115e+02   -1.1561e-01    1.1776e+00
 7.3800e-01    1.3119e+02   -1.1537e-01    1.1771e+00
 7.3900e-01    1.3123e+02   -1.1515e-01    1.1765e+00
 7.4000e-01    1.3127e+02   -1.1511e-01    1.1758e+00
 7.4100e-01    1.3130e+02   -1.1504e-01    1.1751e+00
 7.4200e-01    1.3134e+02   -1.1488e-01    1.1745e+00
 7.4300e-01    1.3138e+02   -1.1469e-01    1.1739e+00
 7.4400e-01    1.3142e+02   -1.1480e-01    1.1733e+00
 7.4500e-01    1.3146e+02   -1.1469e-01    1.1726e+00
 7.4600e-01    1.3150e+02   -1.1465e-01    1.1721e+00
 7.4700e-01    1.3154e+02   -1.1479e-01    1.1714e+00
 7.4800e-01    1.3157e+02   -1.1460e-01    1.1708e+00
 7.4900e-01    1.3161e+02   -1.1449e-01    1.1701e+00
 7.5000e-01    1.3165e+02   -1.1466e-01    1.1696e+00
 7.5100e-01    1.3169e+02   -1.1450e-01    1.1690e+00
 7.5200e-01    1.3173e+02   -1.1413e-01    1.1683e+00
 7.5300e-01    1.3177e+02   -1.1405e-01    1.1678e+00
 7.5400e-01    1.3181e+02   -1.1385e-01    1.1671e+00
 7.5500e-01    1.3185e+02   -1.1341e-01    1.1666e+00
 7.5600e-01    1.3188e+02   -1.1336e-01    1.1660e+00
 7.5700e-01    1.3192e+02   -1.1316e-01    1.1652e+00
 7.5800e-01    1.3196e+02   -1.1325e-01    1.1645e+00
 7.5900e-01    1.3199e+02   -1.1301e-01    1.1637e+00
 7.6000e-01    1.3203e+02   -1.1286e-01    1.1632e+00
 7.6100e-01    1.3207e+02   -1.1290e-01    1.1626e+00
 7.6200e-01    1.3210e+02   -1.1320e-01    1.1620e+00
 7.6300e-01    1.3213e+02   -1.1294e-01    1.1612e+00
 7.6400e-01    1.3217e+02   -1.1287e-01    1.1607e+00
 7.6500e-01    1.3220e+02   -1.1283e-01    1.1601e+00
 7.6600e-01    1.3224e+02   -1.1299e-01    1.1596e+00
 7.6700e-01    1.3227e+02   -1.1274e-01    1.1590e+00
 7.6800e-01    1.3231e+02   -1.1251e-01    1.1585e+00
 7.6900e-01    1.3234e+02   -1.1243e-01    1.1578e+00
 7.7000e-01    1.3238e+02   -1.1245e-01    1.1573e+00
 7.7100e-01    1.3242e+02   -1.1208e-01    1.1568e+00
 7.7200e-01    1.3245e+02   -1.1176e-01    1.1560e+00
 7.7300e-01    1.3249e+02   -1.1164e-01    1.1556e+00
 7.7400e-01    1.3253e+02   -1.1182e-01    1.1549e+00
 7.7500e-01    1.3257e+02   -1.1143e-01    1.1543e+00
 7.7600e-01    1.3260e+02   -1.1159e-01    1.1537e+00
 7.7700e-01    1.3264e+02   -1.1163e-01    1.1530e+00
 7.7800e-01    1.3268e+02   -1.1150e-01    1.1524e+00
 7.7900e-01    1.3271e+02   -1.1141e-01    1.1518e+00
 7.8000e-01    1.3274e+02   -1.1162e-01    1.1512e+00
 7.8100e-01    1.3278e+02   -1.1188e-01    1.1508e+00
 7.8200e-01    1.3281e+02   -1.1146e-01    1.1501e+00
 7.8300e-01    1.3285e+02   -1.1108e-01    1.1494e+00
 7.8400e-01    1.3288e+02   -1.1126e-01    1.1489e+00
 7.8500e-01    1.3291e+02   -1.1138e-01    1.1482e+00
 7.8600e-01    1.3295e+02   -1.1112e-01    1.1477e+00
 7.8700e-01    1.3299e+02   -1.1101e-01    1.1471e+00
 7.8800e-01    1.3302e+02   -1.1113e-01    1.1465e+00
 7.8900e-01    1.3305e+02   -1.1124e-01    1.1460e+00
 7.9000e-01    1.3309e+02   -1.1099e-01    1.1454e+00
 7.9100e-01    1.3313e+02   -1.1067e-01    1.1449e+00
 7.9200e-01    1.3316e+02   -1.1078e-01    1.1443e+00
 7.9300e-01    1.3319e+02   -1.1104e-01    1.1437e+00
 7.9400e-01    1.3322e+02   -1.1085e-01    1.1431e+00
 7.9500e-01    1.3326e+02   -1.1038e-01    1.1424e+00
 7.9600e-01    1.3329e+02   -1.1042e-01    1.1418e+00
 7.9700e-01    1.3332e+02   -1.1033e-01    1.1411e+00
 7.9800e-01    1.3335e+02   -1.1048e-01    1.1406e+00
 7.9900e-01    1.3338e+02   -1.1033e-01    1.1400e+00
 8.0000e-01    1.3341e+02   -1.1025e-01    1.1395e+00
 8.0100e-01    1.3344e+02   -1.0988e-01    1.1390e+00
 8.0200e-01    1.3348e+02   -1.0988e-01    1.1383e+00
 8.0300e-01    1.3351e+02   -1.0978e-01    1.1377e+00
 8.0400e-01    1.3355e+02   -1.0955e-01    1.1371e+00
 8.0500e-01    1.3358e+02   -1.0949e-01    1.1365e+00
 8.0600e-01    1.3361e+02   -1.0937e-01    1.1358e+00
 8.0700e-01    1.3365e+02   -1.0924e-01    1.1352e+00
 8.0800e-01    1.3368e+02   -1.0935e-01    1.1347e+00
 8.0900e-01    1.3371e+02   -1.0936e-01    1.1342e+00
 8.1000e-01    1.3375e+02   -1.0913e-01    1.1338e+00
 8.1100e-01    1.3378e+02   -1.0900e-01    1.1331e+00
 8.1200e-01    1.3381e+02   -1.0893e-01    1.1326e+00
 8.1300e-01    1.3384e+02   -1.0891e-01    1.1321e+00
 8.1400e-01    1.3387e+02   -1.0878e-01    1.1314e+00
 8.1500e-01    1.3391e+02   -1.0840e-01    1.1308e+00
 8.1600e-01    1.3394e+02   -1.0840e-01    1.1301e+00
 8.1700e-01    1.3397e+02   -1.0838e-01    1.1296e+00
 8.1800e-01    1.3400e+02   -1.0833e-01    1.1291e+00
 8.1900e-01    1.3403e+02   -1.0820e-01    1.1285e+00
 8.2000e-01    1.3406e+02   -1.0776e-01    1.1281e+00
 8.2100e-01    1.3409e+02   -1.0802e-01    1.1274e+00
 8.2200e-01    1.3412e+02   -1.0800e-01    1.1268e+00
 8.2300e-01    1.3415e+02   -1.0774e-01    1.1262e+00
 8.2400e-01    1.3418e+02   -1.0750e-01    1.1255e+00
 8.2500e-01    1.3421e+02   -1.0771e-01    1.1251e+00
 8.2600e-01    1.3424e+02   -1.0776e-01    1.1244e+00
 8.2700e-01    1.3427e+02   -1.0751e-01    1.1238e+00
 8.2800e-01    1.3430e+02   -1.0740e-01    1.1233e+00
 8.2900e-01    1.3432e+02   -1.0765e-01    1.1228e+00
 8.3000e-01    1.3436e+02   -1.0714e-01    1.1223e+00
 8.3100e-01    1.3439e+02   -1.0705e-01    1.1218e+00
 8.3200e-01    1.3441e+02   -1.0729e-01    1.1213e+00
 8.3300e-01    1.3444e+02   -1.0724e-01    1.1209e+00
 8.3400e-01    1.3447e+02   -1.0699e-01    1.1204e+00
 8.3500e-01    1.3450e+02   -1.0703e-01    1.1199e+00
 8.3600e-01    1.3452e+02   -1.0702e-01    1.1195e+00
 8.3700e-01    1.3455e+02   -1.0694e-01    1.1190e+00
 8.3800e-01    1.3458e+02   -1.0704e-01    1.1185e+00
 8.3900e-01    1.3461e+02   -1.0687e-01    1.1180e+00
 8.4000e-01    1.3463e+02   -1.0664e-01    1.1174e+00
 8.4100e-01    1.3466e+02   -1.0644e-01    1.1168e+00
 8.4200e-01    1.3469e+02   -1.0644e-01    1.1163e+00
 8.4300e-01    1.3472e+02   -1.0632e-01    1.1158e+00
 8.4400e-01    1.3475e+02   -1.0593e-01    1.1153e+00
 8.4500e-01    1.3478e+02   -1.0588e-01    1.1148e+00
 8.4600e-01    1.3480e+02   -1.0577e-01    1.1144e+00
 8.4700e-01    1.3483e+02   -1.0592e-01    1.1138e+00
 8.4800e-01    1.3485e+02   -1.0565e-01    1.1132e+00
 8.4900e-01    1.3488e+02   -1.0561e-01    1.1127e+00
 8.5000e-01    1.3490e+02   -1.0580e-01    1.1123e+00
 8.5100e-01    1.3493e+02   -1.0565e-01    1.1117e+00
 8.5200e-01    1.3496e+02   -1.0575e-01    1.1112e+00
 8.5300e-01    1.3498e+02   -1.0564e-01    1.1107e+00
 8.5400e-01    1.3501e+02   -1.0570e-01    1.1102e+00
 8.5500e-01    1.3503e+02   -1.0574e-01    1.1098e+00
 8.5600e-01    1.3506e+02   -1.0574e-01    1.1093e+00
 8.5700e-01    1.3508e+02   -1.0570e-01    1.1088e+00
 8.5800e-01    1.3511e+02   -1.0554e-01    1.1085e+00
 8.5900e-01    1.3513e+02   -1.0585e-01    1.1080e+00
 8.6000e-01    1.3516e+02   -1.0580e-01    1.1075e+00
 8.6100e-01    1.3519e+02   -1.0565e-01    1.1069e+00
 8.6200e-01    1.3522e+02   -1.0559e-01    1.1065e+00
 8.6300e-01    1.3524e+02   -1.0541e-01    1.1059e+00
 8.6400e-01    1.3527e+02   -1.0553e-01    1.1053e+00
 8.6500e-01    1.3530e+02   -1.0535e-01    1.1049e+00
 8.6600e-01    1.3533e+02   -1.0530e-01    1.1044e+00
 8.6700e-01    1.3535e+02   -1.0550e-01    1.1039e+00
 8.6800e-01    1.3538e+02   -1.0543e-01    1.1032e+00
 8.6900e-01    1.3541e+02   -1.0536e-01    1.1026e+00
 8.7000e-01    1.3543e+02   -1.0509e-01    1.1021e+00
 8.7100e-01    1.3546e+02   -1.0532e-01    1.1017e+00
 8.7200e-01    1.3549e+02   -1.0535e-01    1.1013e+00
 8.7300e-01    1.3552e+02   -1.0501e-01    1.1009e+00
 8.7400e-01    1.3555e+02   -1.0478e-01    1.1002e+00
 8.7500e-01    1.3557e+02   -1.0477e-01    1.0998e+00
 8.7600e-01    1.3560e+02   -1.0473e-01    1.0993e+00
 8.7700e-01    1.3563e+02   -1.0468e-01    1.0986e+00
 8.7800e-01    1.3565e+02   -1.0457e-01    1.0982e+00
 8.7900e-01    1.3568e+02   -1.0467e-01    1.0976e+00
 8.8000e-01    1.3570e+02   -1.0472e-01    1.0972e+00
 8.8100e-01    1.3573e+02   -1.0454e-01    1.0966e+00
 8.8200e-01    1.3575e+02   -1.0463e-01    1.0961e+00
 8.8300e-01    1.3578e+02   -1.0459e-01    1.0956e+00
 8.8400e-01    1.3580e+02   -1.0462e-01    1.0950e+00
 8.8500e-01    1.3582e+02   -1.0458e-01    1.0946e+00
 8.8600e-01    1.3585e+02   -1.0449e-01    1.0942e+00
 8.8700e-01    1.3587e+02   -1.0446e-01    1.0938e+00
 8.8800e-01    1.3589e+02   -1.0428e-01    1.0934e+00
 8.8900e-01    1.3591e+02   -1.0458e-01    1.0927e+00
 8.9000e-01    1.3594e+02   -1.0421e-01    1.0921e+00
 8.9100e-01    1.3596e+02   -1.0379e-01    1.0917e+00
 8.9200e-01    1.3599e+02   -1.0415e-01    1.0914e+00
 8.9300e-01    1.3601e+02   -1.0408e-01    1.0908e+00
 8.9400e-01    1.3604e+02   -1.0370e-01    1.0903e+00
 8.9500e-01    1.3606e+02   -1.0345e-01    1.0897e+00
 8.9600e-01    1.3609e+02   -1.0375e-01    1.0893e+00
 8.9700e-01    1.3611e+02   -1.0371e-01    1.0887e+00
 8.9800e-01    1.3614e+02   -1.0340e-01    1.0883e+00
 8.9900e-01    1.3617e+02   -1.0339e-01    1.0878e+00
 9.0000e-01    1.3620e+02   -1.0334e-01    1.0874e+00
 9.0100e-01    1.3622e+02   -1.0323e-01    1.0869e+00
 9.0200e-01    1.3625e+02   -1.0329e-01    1.0865e+00
 9.0300e-01    1.3628e+02   -1.0327e-01    1.0861e+00
 9.0400e-01    1.3630e+02   -1.0325e-01    1.0857e+00
 9.0500e-01    1.3633e+02   -1.0309e-01    1.0853e+00
 9.0600e-01    1.3636e+02   -1.0306e-01    1.0848e+00
 9.0700e-01    1.3639e+02   -1.0311e-01    1.0844e+00
 9.0800e-01    1.3641e+02   -1.0281e-01    1.0839e+00
 9.0900e-01    1.3644e+02   -1.0285e-01    1.0835e+00
 9.1000e-01    1.3647e+02   -1.0266e-01    1.0831e+00
 9.1100e-01    1.3649e+02   -1.0263e-01    1.0827e+00
 9.1200e-01    1.3652e+02   -1.0256e-01    1.0822e+00
 9.1300e-01    1.3655e+02   -1.0237e-01    1.0817e+00
 9.1400e-01    1.3657e+02   -1.0226e-01    1.0812e+00
 9.1500e-01    1.3660e+02   -1.0240e-01    1.0807e+00
 9.1600e-01    1.3662e+02   -1.0245e-01    1.0803e+00
 9.1700e-01    1.3665e+02   -1.0227e-01    1.0799e+00
 9.1800e-01    1.3667e+02   -1.0250e-01    1.0795e+00
 9.1900e-01    1.3669e+02   -1.0252e-01    1.0790e+00
 9.2000e-01    1.3672e+02   -1.0253e-01    1.0786e+00
 9.2100e-01    1.3674e+02   -1.0256e-01    1.0781e+00
 9.2200e-01    1.3677e+02   -1.0221e-01    1.0778e+00
 9.2300e-01    1.3679e+02   -1.0211e-01    1.0774e+00
 9.2400e-01    1.3681e+02   -1.0225e-01    1.0770e+00
 9.2500e-01    1.3684e+02   -1.0209e-01    1.0766e+00
 9.2600e-01    1.3686e+02   -1.0198e-01    1.0764e+00
 9.2700e-01    1.3689e+02   -1.0196e-01    1.0759e+00
 9.2800e-01    1.3691e+02   -1.0173e-01    1.0755e+00
 9.2900e-01    1.3694e+02   -1.0174e-01    1.0751e+00
 9.3000e-01    1.3696e+02   -1.0168e-01    1.0745e+00
 9.3100e-01    1.3699e+02   -1.0165e-01    1.0740e+00
 9.3200e-01    1.3701e+02   -1.0144e-01    1.0735e+00
 9.3300e-01    1.3704e+02   -1.0127e-01    1.0731e+00
 9.3400e-01    1.3707e+02   -1.0114e-01    1.0726e+00
 9.3500e-01    1.3709e+02   -1.0123e-01    1.0721e+00
 9.3600e-01    1.3711e+02   -1.0110e-01    1.0718e+00
 9.3700e-01    1.3714e+02   -1.0070e-01    1.0715e+00
 9.3800e-01    1.3716e+02   -1.0069e-01    1.0711e+00
 9.3900e-01    1.3719e+02   -1.0077e-01    1.0707e+00
 9.4000e-01    1.3721e+02   -1.0080e-01    1.0703e+00
 9.4100e-01    1.3723e+02   -1.0067e-01    1.0700e+00
 9.4200e-01    1.3725e+02   -1.0074e-01    1.0696e+00
 9.4300e-01    1.3727e+02   -1.0085e-01    1.0690e+00
 9.4400e-01    1.3730e+02   -1.0097e-01    1.0687e+00
 9.4500e-01    1.3732e+02   -1.0082e-01    1.0685e+00
 9.4600e-01    1.3734e+02   -1.0098e-01    1.0680e+00
 9.4700e-01    1.3736e+02   -1.0100e-01    1.0676e+00
 9.4800e-01    1.3738e+02   -1.0098e-01    1.0673e+00
 9.4900e-01    1.3740e+02   -1.0077e-01    1.0668e+00
 9.5000e-01    1.3743e+02   -1.0081e-01    1.0664e+00
 9.5100e-01    1.3745e+02   -1.0077e-01    1.0661e+00
 9.5200e-01    1.3747e+02   -1.0053e-01    1.0656e+00
 9.5300e-01    1.3749e+02   -1.0053e-01    1.0653e+00
 9.5400e-01    1.3750e+02   -1.0085e-01    1.0648e+00
 9.5500e-01    1.3752e+02   -1.0073e-01    1.0645e+00
 9.5600e-01    1.3755e+02   -1.0040e-01    1.0643e+00
 9.5700e-01    1.3756e+02   -1.0066e-01    1.0641e+00
 9.5800e-01    1.3758e+02   -1.0086e-01    1.0638e+00
 9.5900e-01    1.3760e+02   -1.0060e-01    1.0634e+00
 9.6000e-01    1.3762e+02   -1.0068e-01    1.0631e+00
 9.6100e-01    1.3764e+02   -1.0073e-01    1.0627e+00
 9.6200e-01    1.3766e+02   -1.0053e-01    1.0623e+00
 9.6300e-01    1.3768e+02   -1.0041e-01    1.0621e+00
 9.6400e-01    1.3770e+02   -1.0032e-01    1.0617e+00
 9.6500e-01    1.3772e+02   -1.0031e-01    1.0613e+00
 9.6600e-01    1.3774e+02   -1.0008e-01    1.0610e+00
 9.6700e-01    1.3776e+02   -9.9861e-02    1.0606e+00
 9.6800e-01    1.3778e+02   -9.9806e-02    1.0602e+00
 9.6900e-01    1.3780e+02   -1.0011e-01    1.0599e+00
 9.7000e-01    1.3782e+02   -9.9788e-02    1.0595e+00
 9.7100e-01    1.3784e+02   -9.9455e-02    1.0589e+00
 9.7200e-01    1.3786e+02   -9.9803e-02    1.0585e+00
 9.7300e-01    1.3788e+02   -9.9939e-02    1.0583e+00
 9.7400e-01    1.3789e+02   -9.9748e-02    1.0579e+00
 9.7500e-01    1.3791e+02   -9.9408e-02    1.0576e+00
 9.7600e-01    1.3793e+02   -9.9664e-02    1.0571e+00
 9.7700e-01    1.3795e+02   -9.9626e-02    1.0568e+00
 9.7800e-01    1.3797e+02   -9.9369e-02    1.0562e+00
 9.7900e-01    1.3799e+02   -9.9277e-02    1.0557e+00
 9.8000e-01    1.3800e+02   -9.9394e-02    1.0556e+00
 9.8100e-01    1.3802e+02   -9.9208e-02    1.0553e+00
 9.8200e-01    1.3804e+02   -9.9184e-02    1.0549e+00
 9.8300e-01    1.3805e+02   -9.8990e-02    1.0546e+00
 9.8400e-01    1.3807e+02   -9.9018e-02    1.0543e+00
 9.8500e-01    1.3809e+02   -9.9183e-02    1.0538e+00
 9.8600e-01    1.3810e+02   -9.9136e-02    1.0535e+00
 9.8700e-01    1.3812e+02   -9.9142e-02    1.0531e+00
 9.8800e-01    1.3814e+02   -9.9201e-02    1.0526e+00
 9.8900e-01    1.3816e+02   -9.9162e-02    1.0521e+00
 9.9000e-01    1.3817e+02   -9.9154e-02    1.0516e+00
 9.9100e-01    1.3819e+02   -9.9289e-02    1.0514e+00
 9.9200e-01    1.3821e+02   -9.9272e-02    1.0511e+00
 9.9300e-01    1.3822e+02   -9.9075e-02    1.0505e+00
 9.9400e-01    1.3824e+02   -9.9068e-02    1.0501e+00
 9.9500e-01    1.3826e+02   -9.9055e-02    1.0496e+00
 9.9600e-01    1.3828e+02   -9.8893e-02    1.0494e+00
 9.9700e-01    1.3830e+02   -9.8710e-02    1.0491e+00
 9.9800e-01    1.3832e+02   -9.8576e-02    1.0488e+00
 9.9900e-01    1.3834e+02   -9.8592e-02    1.0484e+00
 1.0000e+00    1.3835e+02   -9.8388e-02    1.0479e+00
 1.0010e+00    1.3837e+02   -9.8308e-02    1.0476e+00
 1.0020e+00    1.3839e+02   -9.8352e-02    1.0473e+00
 1.0030e+00    1.3841e+02   -9.8266e-02    1.0470e+00
 1.0040e+00    1.3842e+02   -9.8252e-02    1.0467e+00
 1.0050e+00    1.3844e+02   -9.8480e-02    1.0464e+00
 1.0060e+00    1.3846e+02   -9.8389e-02    1.0458e+00
 1.0070e+00    1.3848e+02   -9.8087e-02    1.0454e+00
 1.0080e+00    1.3849e+02   -9.8106e-02    1.0449e+00
 1.0090e+00    1.3851e+02   -9.7995e-02    1.0444e+00
 1.0100e+00    1.3853e+02   -9.7814e-02    1.0441e+00
 1.0110e+00    1.3855e+02   -9.8004e-02    1.0438e+00
 1.0120e+00    1.3857e+02   -9.7696e-02    1.0436e+00
 1.0130e+00    1.3858e+02   -9.7682e-02    1.0433e+00
 1.0140e+00    1.3860e+02   -9.7618e-02    1.0430e+00
 1.0150e+00    1.3862e+02   -9.7814e-02    1.0427e+00
 1.0160e+00    1.3864e+02   -9.7575e-02    1.0423e+00
 1.0170e+00    1.3865e+02   -9.7487e-02    1.0419e+00
 1.0180e+00    1.3867e+02   -9.7711e-02    1.0416e+00
 1.0190e+00    1.3869e+02   -9.7441e-02    1.0414e+00
 1.0200e+00    1.3871e+02   -9.7210e-02    1.0411e+00
 1.0210e+00    1.3873e+02   -9.7245e-02    1.0409e+00
 1.0220e+00    1.3874e+02   -9.7356e-02    1.0406e+00
 1.0230e+00    1.3876e+02   -9.7298e-02    1.0401e+00
 1.0240e+00    1.3878e+02   -9.7329e-02    1.0398e+00
 1.0250e+00    1.3879e+02   -9.7336e-02    1.0396e+00
 1.0260e+00    1.3881e+02   -9.7386e-02    1.0394e+00
 1.0270e+00    1.3882e+02   -9.7318e-02    1.0392e+00
 1.0280e+00    1.3884e+02   -9.7361e-02    1.0388e+00
 1.0290e+00    1.3885e+02   -9.7229e-02    1.0384e+00
 1.0300e+00    1.3887e+02   -9.6976e-02    1.0381e+00
 1.0310e+00    1.3889e+02   -9.7047e-02    1.0377e+00
 1.0320e+00    1.3890e+02   -9.6879e-02    1.0376e+00
 1.0330e+00    1.3892e+02   -9.6861e-02    1.0373e+00
 1.0340e+00    1.3893e+02   -9.6918e-02    1.0371e+00
 1.0350e+00    1.3894e+02   -9.6955e-02    1.0368e+00
 1.0360e+00    1.3896e+02   -9.6774e-02    1.0365e+00
 1.0370e+00    1.3897e+02   -9.6861e-02    1.0362e+00
 1.0380e+00    1.3899e+02   -9.6469e-02    1.0359e+00
 1.0390e+00    1.3900e+02   -9.6739e-02    1.0357e+00
 1.0400e+00    1.3901e+02   -9.6604e-02    1.0353e+00
 1.0410e+00    1.3903e+02   -9.6375e-02    1.0350e+00
 1.0420e+00    1.3905e+02   -9.6167e-02    1.0348e+00
 1.0430e+00    1.3906e+02   -9.6412e-02    1.0345e+00
 1.0440e+00    1.3908e+02   -9.6272e-02    1.0343e+00
 1.0450e+00    1.3909e+02   -9.6159e-02    1.0340e+00
 1.0460e+00    1.3911e+02   -9.6153e-02    1.0337e+00
 1.0470e+00    1.3912e+02   -9.5994e-02    1.0335e+00
 1.0480e+00    1.3914e+02   -9.5929e-02    1.0332e+00
 1.0490e+00    1.3915e+02   -9.5993e-02    1.0329e+00
 1.0500e+00    1.3916e+02   -9.5856e-02    1.0327e+00
 1.0510e+00    1.3918e+02   -9.5814e-02    1.0324e+00
 1.0520e+00    1.3919e+02   -9.5972e-02    1.0320e+00
 1.0530e+00    1.3921e+02   -9.6060e-02    1.0318e+00
 1.0540e+00    1.3922e+02   -9.5951e-02    1.0316e+00
 1.0550e+00    1.3923e+02   -9.5959e-02    1.0313e+00
 1.0560e+00    1.3925e+02   -9.5840e-02    1.0311e+00
 1.0570e+00    1.3926e+02   -9.5976e-02    1.0309e+00
 1.0580e+00    1.3927e+02   -9.5993e-02    1.0306e+00
 1.0590e+00    1.3929e+02   -9.5785e-02    1.0302e+00
 1.0600e+00    1.3930e+02   -9.5593e-02    1.0298e+00
 1.0610e+00    1.3932e+02   -9.5659e-02    1.0296e+00
 1.0620e+00    1.3933e+02   -9.5771e-02    1.0294e+00
 1.0630e+00    1.3934e+02   -9.5654e-02    1.0292e+00
 1.0640e+00    1.3936e+02   -9.5602e-02    1.0289e+00
 1.0650e+00    1.3937e+02   -9.5743e-02    1.0287e+00
 1.0660e+00    1.3938e+02   -9.5666e-02    1.0285e+00
 1.0670e+00    1.3940e+02   -9.5386e-02    1.0282e+00
 1.0680e+00    1.3941e+02   -9.5383e-02    1.0279e+00
 1.0690e+00    1.3942e+02   -9.5447e-02    1.0275e+00
 1.0700e+00    1.3944e+02   -9.5371e-02    1.0273e+00
 1.0710e+00    1.3945e+02   -9.5074e-02    1.0270e+00
 1.0720e+00    1.3946e+02   -9.5322e-02    1.0267e+00
 1.0730e+00    1.3947e+02   -9.5325e-02    1.0265e+00
 1.0740e+00    1.3949e+02   -9.5218e-02    1.0262e+00
 1.0750e+00    1.3950e+02   -9.5093e-02    1.0259e+00
 1.0760e+00    1.3952e+02   -9.5032e-02    1.0256e+00
 1.0770e+00    1.3953e+02   -9.5028e-02    1.0255e+00
 1.0780e+00    1.3954e+02   -9.4822e-02    1.0252e+00
 1.0790e+00    1.3956e+02   -9.4562e-02    1.0249e+00
 1.0800e+00    1.3956e+02   -9.4863e-02    1.0248e+00
 1.0810e+00    1.3958e+02   -9.4769e-02    1.0246e+00
 1.0820e+00    1.3959e+02   -9.4694e-02    1.0244e+00
 1.0830e+00    1.3960e+02   -9.4592e-02    1.0242e+00
 1.0840e+00    1.3962e+02   -9.4680e-02    1.0240e+00
 1.0850e+00    1.3963e+02   -9.4753e-02    1.0237e+00
 1.0860e+00    1.3964e+02   -9.4552e-02    1.0234e+00
 1.0870e+00    1.3965e+02   -9.4810e-02    1.0233e+00
 1.0880e+00    1.3966e+02   -9.4798e-02    1.0230e+00
 1.0890e+00    1.3968e+02   -9.4538e-02    1.0228e+00
 1.0900e+00    1.3969e+02   -9.4751e-02    1.0225e+00
 1.0910e+00    1.3970e+02   -9.5012e-02    1.0223e+00
 1.0920e+00    1.3972e+02   -9.4973e-02    1.0221e+00
 1.0930e+00    1.3973e+02   -9.4605e-02    1.0216e+00
 1.0940e+00    1.3974e+02   -9.4786e-02    1.0214e+00
 1.0950e+00    1.3976e+02   -9.4792e-02    1.0212e+00
 1.0960e+00    1.3977e+02   -9.4395e-02    1.0209e+00
 1.0970e+00    1.3978e+02   -9.4383e-02    1.0207e+00
 1.0980e+00    1.3980e+02   -9.4550e-02    1.0204e+00
 1.0990e+00    1.3981e+02   -9.4500e-02    1.0203e+00
 1.1000e+00    1.3982e+02   -9.4341e-02    1.0200e+00
 1.1010e+00    1.3983e+02   -9.4454e-02    1.0197e+00
 1.1020e+00    1.3985e+02   -9.4529e-02    1.0195e+00
 1.1030e+00    1.3986e+02   -9.4281e-02    1.0194e+00
 1.1040e+00    1.3987e+02   -9.4257e-02    1.0191e+00
 1.1050e+00    1.3988e+02   -9.4373e-02    1.0189e+00
 1.1060e+00    1.3989e+02   -9.4264e-02    1.0186e+00
 1.1070e+00    1.3991e+02   -9.4244e-02    1.0183e+00
 1.1080e+00    1.3992e+02   -9.4080e-02    1.0182e+00
 1.1090e+00    1.3993e+02   -9.4206e-02    1.0178e+00
 1.1100e+00    1.3994e+02   -9.4265e-02    1.0177e+00
 1.1110e+00    1.3995e+02   -9.4191e-02    1.0176e+00
 1.1120e+00    1.3995e+02   -9.4250e-02    1.0175e+00
 1.1130e+00    1.3996e+02   -9.4346e-02    1.0174e+00
 1.1140e+00    1.3997e+02   -9.4088e-02    1.0171e+00
 1.1150e+00    1.3998e+02   -9.4013e-02    1.0168e+00
 1.1160e+00    1.3999e+02   -9.3932e-02    1.0166e+00
 1.1170e+00    1.4000e+02   -9.4112e-02    1.0165e+00
 1.1180e+00    1.4001e+02   -9.3989e-02    1.0162e+00
 1.1190e+00    1.4001e+02   -9.3847e-02    1.0161e+00
 1.1200e+00    1.4002e+02   -9.3880e-02    1.0159e+00
 1.1210e+00    1.4003e+02   -9.4044e-02    1.0156e+00
 1.1220e+00    1.4004e+02   -9.3934e-02    1.0155e+00
 1.1230e+00    1.4005e+02   -9.4070e-02    1.0154e+00
 1.1240e+00    1.4006e+02   -9.3973e-02    1.0151e+00
 1.1250e+00    1.4007e+02   -9.3865e-02    1.0149e+00
 1.1260e+00    1.4008e+02   -9.3838e-02    1.0147e+00
 1.1270e+00    1.4009e+02   -9.3896e-02    1.0147e+00
 1.1280e+00    1.4010e+02   -9.3737e-02    1.0146e+00
 1.1290e+00    1.4011e+02   -9.3630e-02    1.0144e+00
 1.1300e+00    1.4012e+02   -9.3725e-02    1.0144e+00
 1.1310e+00    1.4012e+02   -9.3890e-02    1.0144e+00
 1.1320e+00    1.4013e+02   -9.3763e-02    1.0142e+00
 1.1330e+00    1.4014e+02   -9.3657e-02    1.0141e+00
 1.1340e+00    1.4015e+02   -9.3678e-02    1.0141e+00
 1.1350e+00    1.4015e+02   -9.4064e-02    1.0139e+00
 1.1360e+00    1.4016e+02   -9.3961e-02    1.0138e+00
 1.1370e+00    1.4017e+02   -9.3688e-02    1.0137e+00
 1.1380e+00    1.4018e+02   -9.3867e-02    1.0137e+00
 1.1390e+00    1.4018e+02   -9.4143e-02    1.0136e+00
 1.1400e+00    1.4019e+02   -9.4094e-02    1.0133e+00
 1.1410e+00    1.4019e+02   -9.4217e-02    1.0132e+00
 1.1420e+00    1.4020e+02   -9.4007e-02    1.0132e+00
 1.1430e+00    1.4021e+02   -9.4035e-02    1.0130e+00
 1.1440e+00    1.4021e+02   -9.4104e-02    1.0128e+00
 1.1450e+00    1.4022e+02   -9.4252e-02    1.0127e+00
 1.1460e+00    1.4022e+02   -9.4136e-02    1.0124e+00
 1.1470e+00    1.4023e+02   -9.3995e-02    1.0123e+00
 1.1480e+00    1.4024e+02   -9.4134e-02    1.0122e+00
 1.1490e+00    1.4024e+02   -9.4108e-02    1.0118e+00
 1.1500e+00    1.4025e+02   -9.4092e-02    1.0115e+00
 1.1510e+00    1.4026e+02   -9.3973e-02    1.0113e+00
 1.1520e+00    1.4027e+02   -9.3786e-02    1.0112e+00
 1.1530e+00    1.4028e+02   -9.3829e-02    1.0109e+00
 1.1540e+00    1.4028e+02   -9.3861e-02    1.0107e+00
 1.1550e+00    1.4029e+02   -9.3778e-02    1.0104e+00
 1.1560e+00    1.4030e+02   -9.3820e-02    1.0102e+00
 1.1570e+00    1.4031e+02   -9.3783e-02    1.0100e+00
 1.1580e+00    1.4032e+02   -9.3619e-02    1.0099e+00
 1.1590e+00    1.4032e+02   -9.3675e-02    1.0097e+00
 1.1600e+00    1.4033e+02   -9.3600e-02    1.0095e+00
 1.1610e+00    1.4034e+02   -9.3155e-02    1.0093e+00
 1.1620e+00    1.4035e+02   -9.3211e-02    1.0091e+00
 1.1630e+00    1.4035e+02   -9.3530e-02    1.0091e+00
 1.1640e+00    1.4036e+02   -9.3266e-02    1.0088e+00
 1.1650e+00    1.4037e+02   -9.3044e-02    1.0087e+00
 1.1660e+00    1.4038e+02   -9.3205e-02    1.0085e+00
 1.1670e+00    1.4038e+02   -9.3338e-02    1.0083e+00
 1.1680e+00    1.4039e+02   -9.3369e-02    1.0081e+00
 1.1690e+00    1.4040e+02   -9.3340e-02    1.0079e+00
 1.1700e+00    1.4041e+02   -9.3201e-02    1.0078e+00
 1.1710e+00    1.4041e+02   -9.3245e-02    1.0077e+00
 1.1720e+00    1.4042e+02   -9.3463e-02    1.0075e+00
 1.1730e+00    1.4043e+02   -9.3195e-02    1.0074e+00
 1.1740e+00    1.4044e+02   -9.3209e-02    1.0073e+00
 1.1750e+00    1.4044e+02   -9.3454e-02    1.0071e+00
 1.1760e+00    1.4045e+02   -9.3497e-02    1.0069e+00
 1.1770e+00    1.4046e+02   -9.3443e-02    1.0068e+00
 1.1780e+00    1.4046e+02   -9.3506e-02    1.0067e+00
 1.1790e+00    1.4047e+02   -9.3446e-02    1.0067e+00
 1.1800e+00    1.4048e+02   -9.3280e-02    1.0065e+00
 1.1810e+00    1.4048e+02   -9.3310e-02    1.0062e+00
 1.1820e+00    1.4049e+02   -9.3118e-02    1.0061e+00
 1.1830e+00    1.4050e+02   -9.2851e-02    1.0061e+00
 1.1840e+00    1.4050e+02   -9.3237e-02    1.0060e+00
 1.1850e+00    1.4051e+02   -9.3060e-02    1.0059e+00
 1.1860e+00    1.4051e+02   -9.2967e-02    1.0058e+00
 1.1870e+00    1.4052e+02   -9.3227e-02    1.0058e+00
 1.1880e+00    1.4052e+02   -9.3247e-02    1.0056e+00
 1.1890e+00    1.4053e+02   -9.3319e-02    1.0054e+00
 1.1900e+00    1.4053e+02   -9.3055e-02    1.0052e+00
 1.1910e+00    1.4054e+02   -9.3132e-02    1.0051e+00
 1.1920e+00    1.4054e+02   -9.3203e-02    1.0049e+00
 1.1930e+00    1.4054e+02   -9.3329e-02    1.0050e+00
 1.1940e+00    1.4055e+02   -9.3211e-02    1.0049e+00
 1.1950e+00    1.4056e+02   -9.3197e-02    1.0047e+00
 1.1960e+00    1.4056e+02   -9.3275e-02    1.0047e+00
 1.1970e+00    1.4056e+02   -9.3337e-02    1.0047e+00
 1.1980e+00    1.4057e+02   -9.3044e-02    1.0046e+00
 1.1990e+00    1.4058e+02   -9.3142e-02    1.0043e+00
 1.2000e+00    1.4058e+02   -9.3204e-02    1.0042e+00
 1.2010e+00    1.4058e+02   -9.3182e-02    1.0041e+00
 1.2020e+00    1.4059e+02   -9.3297e-02    1.0040e+00
 1.2030e+00    1.4060e+02   -9.3026e-02    1.0039e+00
 1.2040e+00    1.4060e+02   -9.3064e-02    1.0039e+00
 1.2050e+00    1.4060e+02   -9.3078e-02    1.0037e+00
 1.2060e+00    1.4061e+02   -9.3201e-02    1.0035e+00
 1.2070e+00    1.4061e+02   -9.3055e-02    1.0034e+00
 1.2080e+00    1.4062e+02   -9.3225e-02    1.0035e+00
 1.2090e+00    1.4062e+02   -9.3232e-02    1.0034e+00
 1.2100e+00    1.4063e+02   -9.3460e-02    1.0034e+00
 1.2110e+00    1.4063e+02   -9.3330e-02    1.0033e+00
 1.2120e+00    1.4064e+02   -9.3538e-02    1.0034e+00
 1.2130e+00    1.4064e+02   -9.3285e-02    1.0033e+00
 1.2140e+00    1.4065e+02   -9.3645e-02    1.0032e+00
 1.2150e+00    1.4065e+02   -9.3599e-02    1.0031e+00
 1.2160e+00    1.4066e+02   -9.3392e-02    1.0031e+00
 1.2170e+00    1.4066e+02   -9.3436e-02    1.0030e+00
 1.2180e+00    1.4067e+02   -9.3568e-02    1.0029e+00
 1.2190e+00    1.4067e+02   -9.3531e-02    1.0029e+00
 1.2200e+00    1.4067e+02   -9.3473e-02    1.0028e+00
 1.2210e+00    1.4068e+02   -9.3461e-02    1.0026e+00
 1.2220e+00    1.4068e+02   -9.3365e-02    1.0026e+00
 1.2230e+00    1.4069e+02   -9.3209e-02    1.0026e+00
 1.2240e+00    1.4069e+02   -9.3098e-02    1.0024e+00
 1.2250e+00    1.4070e+02   -9.3190e-02    1.0023e+00
 1.2260e+00    1.4070e+02   -9.3198e-02    1.0022e+00
 1.2270e+00    1.4071e+02   -9.3002e-02    1.0021e+00
 1.2280e+00    1.4071e+02   -9.3108e-02    1.0020e+00
 1.2290e+00    1.4071e+02   -9.3188e-02    1.0019e+00
 1.2300e+00    1.4072e+02   -9.2897e-02    1.0019e+00
 1.2310e+00    1.4072e+02   -9.3174e-02    1.0017e+00
 1.2320e+00    1.4072e+02   -9.3219e-02    1.0017e+00
 1.2330e+00    1.4072e+02   -9.3153e-02    1.0017e+00
 1.2340e+00    1.4072e+02   -9.3154e-02    1.0017e+00
 1.2350e+00    1.4073e+02   -9.3375e-02    1.0016e+00
 1.2360e+00    1.4073e+02   -9.3391e-02    1.0016e+00
 1.2370e+00    1.4073e+02   -9.3287e-02    1.0015e+00
 1.2380e+00    1.4073e+02   -9.3293e-02    1.0015e+00
 1.2390e+00    1.4074e+02   -9.3342e-02    1.0015e+00
 1.2400e+00    1.4074e+02   -9.3410e-02    1.0014e+00
 1.2410e+00    1.4074e+02   -9.3286e-02    1.0012e+00
 1.2420e+00    1.4074e+02   -9.3307e-02    1.0013e+00
 1.2430e+00    1.4074e+02   -9.3246e-02    1.0014e+00
 1.2440e+00    1.4074e+02   -9.3499e-02    1.0013e+00
 1.2450e+00    1.4075e+02   -9.3373e-02    1.0012e+00
 1.2460e+00    1.4075e+02   -9.3377e-02    1.0013e+00
 1.2470e+00    1.4075e+02   -9.3507e-02    1.0014e+00
 1.2480e+00    1.4075e+02   -9.3509e-02    1.0014e+00
 1.2490e+00    1.4075e+02   -9.3449e-02    1.0013e+00
 1.2500e+00    1.4075e+02   -9.3514e-02    1.0012e+00
 1.2510e+00    1.4076e+02   -9.3510e-02    1.0013e+00
 1.2520e+00    1.4076e+02   -9.3443e-02    1.0012e+00
 1.2530e+00    1.4076e+02   -9.3717e-02    1.0012e+00
 1.2540e+00    1.4076e+02   -9.3629e-02    1.0013e+00
 1.2550e+00    1.4076e+02   -9.3425e-02    1.0012e+00
 1.2560e+00    1.4076e+02   -9.3483e-02    1.0013e+00
 1.2570e+00    1.4076e+02   -9.3523e-02    1.0012e+00
 1.2580e+00    1.4076e+02   -9.3492e-02    1.0011e+00
 1.2590e+00    1.4077e+02   -9.3452e-02    1.0010e+00
 1.2600e+00    1.4077e+02   -9.3398e-02    1.0009e+00
 1.2610e+00    1.4077e+02   -9.3695e-02    1.0009e+00
 1.2620e+00    1.4077e+02   -9.3509e-02    1.0008e+00
 1.2630e+00    1.4077e+02   -9.3523e-02    1.0008e+00
 1.2640e+00    1.4077e+02   -9.3763e-02    1.0008e+00
 1.2650e+00    1.4077e+02   -9.4034e-02    1.0008e+00
 1.2660e+00    1.4078e+02   -9.3765e-02    1.0010e+00
 1.2670e+00    1.4078e+02   -9.3924e-02    1.0010e+00
 1.2680e+00    1.4078e+02   -9.4134e-02    1.0010e+00
 1.2690e+00    1.4078e+02   -9.4483e-02    1.0011e+00
 1.2700e+00    1.4079e+02   -9.4909e-02    1.0010e+00
 1.2710e+00    1.4080e+02   -9.3848e-02    1.0008e+00
 1.2720e+00    1.4080e+02   -9.3490e-02    1.0008e+00
 1.2730e+00    1.4078e+02   -9.6300e-02    1.0010e+00
 1.2740e+00    1.4078e+02   -9.7052e-02    1.0010e+00
 1.2750e+00    1.4081e+02   -9.3623e-02    1.0007e+00
 1.2760e+00    1.4082e+02   -9.1652e-02    1.0006e+00
 1.2770e+00    1.4076e+02   -9.8571e-02    1.0012e+00
 1.2780e+00    1.4074e+02   -1.0280e-01    1.0015e+00
 1.2790e+00    1.4079e+02   -9.6823e-02    1.0010e+00
 1.2800e+00    1.4085e+02   -9.0797e-02    1.0004e+00
