# Position (m)          Density (m^-3)
0.000000000000000000e+00 1.978293360304962400e+16
2.617187500000000156e-04 2.133317127454622400e+16
5.234375000000000312e-04 2.434944365073380400e+16
7.851562500000000468e-04 2.872500735422596800e+16
1.046875000000000062e-03 3.593305848178388800e+16
1.308593750000000078e-03 5.112759511167370400e+16
1.570312500000000094e-03 1.029878091738244800e+17
1.832031250000000109e-03 2.942937709284627840e+17
2.093750000000000125e-03 5.394520455437719680e+17
2.355468749999999924e-03 6.684507763019653120e+17
2.617187500000000156e-03 7.474329605268115200e+17
2.878906250000000389e-03 8.147887477878976000e+17
3.140625000000000187e-03 8.716210908221345280e+17
3.402343749999999986e-03 9.224341347113786880e+17
3.664062500000000219e-03 9.693987813571169280e+17
3.925781250000000451e-03 1.012847335769287168e+18
4.187500000000000250e-03 1.054948559375229184e+18
4.449218750000000049e-03 1.094542883203704448e+18
4.710937499999999847e-03 1.132918460636547840e+18
4.972656250000000513e-03 1.168572535736971264e+18
5.234375000000000312e-03 1.204241287018103552e+18
5.496093750000000111e-03 1.239436692144113664e+18
5.757812500000000777e-03 1.272760990851697408e+18
6.019531250000000576e-03 1.305836978531111936e+18
6.281250000000000375e-03 1.337861316347674880e+18
6.542968750000000173e-03 1.368769027332728576e+18
6.804687499999999972e-03 1.399089191059768832e+18
7.066406250000000638e-03 1.429573545991000576e+18
7.328125000000000437e-03 1.458729955957354752e+18
7.589843750000000236e-03 1.486790544776878848e+18
7.851562500000000902e-03 1.514255394504556032e+18
8.113281249999999833e-03 1.541412272901679872e+18
8.375000000000000500e-03 1.568466533097507584e+18
8.636718750000001166e-03 1.594570867076360704e+18
8.898437500000000097e-03 1.619554982433377536e+18
9.160156250000000763e-03 1.644734712382695680e+18
9.421874999999999695e-03 1.669320335891363840e+18
9.683593750000000361e-03 1.694520827622800896e+18
9.945312500000001027e-03 1.717474657419274752e+18
1.020703124999999996e-02 1.740352111166054400e+18
1.046875000000000062e-02 1.763855846398265088e+18
1.073046875000000129e-02 1.786345855943057408e+18
1.099218750000000022e-02 1.807421401391787520e+18
1.125390625000000089e-02 1.829020672392269312e+18
1.151562500000000155e-02 1.850366574474397440e+18
1.177734375000000049e-02 1.870667543427849216e+18
1.203906250000000115e-02 1.890374228429902592e+18
1.230078125000000008e-02 1.910634313964601856e+18
1.256250000000000075e-02 1.930237811315149824e+18
1.282421875000000142e-02 1.949876553017173248e+18
1.308593750000000035e-02 1.968532594773078272e+18
1.334765625000000101e-02 1.987840302331508480e+18
1.360937499999999994e-02 2.006445650608713216e+18
1.387109375000000061e-02 2.024218839151165184e+18
1.413281250000000128e-02 2.041653043791327232e+18
1.439453125000000021e-02 2.058458661099603968e+18
1.465625000000000087e-02 2.075750580338232576e+18
1.491796875000000154e-02 2.092654940478824960e+18
1.517968750000000047e-02 2.108637850552882176e+18
1.544140625000000114e-02 2.125298515223851520e+18
1.570312500000000180e-02 2.141154212341446656e+18
1.596484375000000247e-02 2.156065992680593920e+18
1.622656249999999967e-02 2.171603329368948224e+18
1.648828125000000033e-02 2.186455509279205376e+18
1.675000000000000100e-02 2.200280046698230784e+18
1.701171875000000167e-02 2.214378886731859712e+18
1.727343750000000233e-02 2.228344996661695744e+18
1.753515624999999953e-02 2.241864131305727744e+18
1.779687500000000019e-02 2.255071356139071744e+18
1.805859375000000086e-02 2.268804613358463488e+18
1.832031250000000153e-02 2.281752482645299456e+18
1.858203125000000219e-02 2.294060358965964800e+18
1.884374999999999939e-02 2.306947217995728384e+18
1.910546875000000006e-02 2.320016511459480064e+18
1.936718750000000072e-02 2.331719256747360768e+18
1.962890625000000139e-02 2.343998072872439808e+18
1.989062500000000205e-02 2.355627007073723904e+18
2.015234375000000272e-02 2.366393567151412224e+18
2.041406249999999992e-02 2.377771615254882304e+18
2.067578125000000058e-02 2.388199230415275008e+18
2.093750000000000125e-02 2.398382537240894976e+18
2.119921875000000192e-02 2.407921409288720384e+18
2.146093750000000258e-02 2.417129965073701376e+18
2.172265624999999978e-02 2.426922045772843008e+18
2.198437500000000044e-02 2.435644770996235264e+18
2.224609375000000111e-02 2.445116610536916992e+18
2.250781250000000178e-02 2.454623338521541120e+18
2.276953125000000244e-02 2.463400928670682112e+18
2.303125000000000311e-02 2.471407227936073728e+18
2.329296875000000031e-02 2.480196814627056640e+18
2.355468750000000097e-02 2.488791387648136704e+18
2.381640625000000164e-02 2.496188330026129408e+18
2.407812500000000230e-02 2.503915388525521408e+18
2.433984375000000297e-02 2.511205737039088640e+18
2.460156250000000017e-02 2.517990076811681792e+18
2.486328125000000083e-02 2.524721154975168512e+18
2.512500000000000150e-02 2.531825714972420608e+18
2.538671875000000216e-02 2.538274897525088768e+18
2.564843750000000283e-02 2.543636694968571904e+18
2.591015625000000003e-02 2.550444921067845632e+18
2.617187500000000069e-02 2.556884657539188736e+18
2.643359375000000136e-02 2.563096054428055552e+18
2.669531250000000203e-02 2.568029075590636032e+18
2.695703125000000269e-02 2.572801098522050048e+18
2.721874999999999989e-02 2.577867887194115072e+18
2.748046875000000056e-02 2.582807529141564928e+18
2.774218750000000122e-02 2.587319935368241152e+18
2.800390625000000189e-02 2.591431682202300928e+18
2.826562500000000255e-02 2.595877287564635136e+18
2.852734375000000322e-02 2.599205786959639040e+18
2.878906250000000042e-02 2.603031871341449728e+18
2.905078125000000108e-02 2.606782572315802624e+18
2.931250000000000175e-02 2.610769694799748608e+18
2.957421875000000241e-02 2.614145720926902272e+18
2.983593750000000308e-02 2.617251298532342272e+18
3.009765625000000028e-02 2.619769401372562432e+18
3.035937500000000094e-02 2.622117867888531456e+18
3.062109375000000161e-02 2.625410842806515200e+18
3.088281250000000228e-02 2.626625624428633600e+18
3.114453125000000294e-02 2.628358242376798208e+18
3.140625000000000361e-02 2.630873277100911104e+18
3.166796875000000427e-02 2.633012446188884480e+18
3.192968750000000494e-02 2.634522258918612480e+18
3.219140624999999867e-02 2.636038782908954624e+18
3.245312499999999933e-02 2.637261826703988736e+18
3.271484375000000000e-02 2.638506278321292800e+18
3.297656250000000067e-02 2.639324358964021760e+18
3.323828125000000133e-02 2.639717528144011776e+18
3.350000000000000200e-02 2.639714108634385408e+18
3.376171875000000266e-02 2.639644050662294528e+18
3.402343750000000333e-02 2.638773598921644032e+18
3.428515625000000400e-02 2.638898553546702848e+18
3.454687500000000466e-02 2.638177219464887808e+18
3.480859375000000533e-02 2.637168776189759488e+18
3.507031249999999906e-02 2.635448778458300928e+18
3.533203124999999972e-02 2.633510770377122816e+18
3.559375000000000039e-02 2.632744958031175680e+18
3.585546875000000105e-02 2.631412094815982080e+18
3.611718750000000172e-02 2.629674435500559360e+18
3.637890625000000239e-02 2.628003767892298752e+18
3.664062500000000305e-02 2.625620994653597696e+18
3.690234375000000372e-02 2.622752013014267904e+18
3.716406250000000439e-02 2.620096766407778304e+18
3.742578125000000505e-02 2.617708838172845568e+18
3.768749999999999878e-02 2.614766169629110784e+18
3.794921874999999944e-02 2.611463435176459776e+18
3.821093750000000011e-02 2.608049723146178560e+18
3.847265625000000078e-02 2.603689188443662848e+18
3.873437500000000144e-02 2.599838872477152256e+18
3.899609375000000211e-02 2.595994916387024384e+18
3.925781250000000278e-02 2.592135935495946752e+18
3.951953125000000344e-02 2.587762277967514624e+18
3.978125000000000411e-02 2.583723295283132928e+18
4.004296875000000477e-02 2.578060723851017728e+18
4.030468750000000544e-02 2.572619958959175680e+18
4.056640624999999917e-02 2.567670077491810816e+18
4.082812499999999983e-02 2.561808042297581568e+18
4.108984375000000050e-02 2.556554626523104256e+18
4.135156250000000117e-02 2.551130550211030016e+18
4.161328125000000183e-02 2.544616429588971008e+18
4.187500000000000250e-02 2.537750706767299072e+18
4.213671875000000316e-02 2.530023206119155712e+18
4.239843750000000383e-02 2.523189625053444608e+18
4.266015625000000450e-02 2.517082966797601792e+18
4.292187500000000516e-02 2.509565914280945152e+18
4.318359375000000583e-02 2.501558400826015232e+18
4.344531249999999956e-02 2.493889717874834944e+18
4.370703125000000022e-02 2.485146213916659200e+18
4.396875000000000089e-02 2.476587655475396608e+18
4.423046875000000155e-02 2.468311929372058112e+18
4.449218750000000222e-02 2.459504504053876736e+18
4.475390625000000289e-02 2.450147887770395136e+18
4.501562500000000355e-02 2.440853551685371904e+18
4.527734375000000422e-02 2.431243233915541504e+18
4.553906250000000488e-02 2.421904438854806016e+18
4.580078125000000555e-02 2.412492285949357056e+18
4.606250000000000622e-02 2.402359978670488576e+18
4.632421874999999994e-02 2.391755645205075456e+18
4.658593750000000061e-02 2.380630284641927680e+18
4.684765625000000128e-02 2.370938256327225856e+18
4.710937500000000194e-02 2.359755584944252928e+18
4.737109375000000261e-02 2.348547130766428160e+18
4.763281250000000328e-02 2.337674233366038016e+18
4.789453125000000394e-02 2.325343320826957312e+18
4.815625000000000461e-02 2.312668078362401280e+18
4.841796875000000527e-02 2.300218342900213248e+18
4.867968750000000594e-02 2.287679731976597760e+18
4.894140624999999967e-02 2.274153993955531264e+18
4.920312500000000033e-02 2.261261025919295744e+18
4.946484375000000100e-02 2.247985607715451392e+18
4.972656250000000167e-02 2.235545156575292416e+18
4.998828125000000233e-02 2.221086384692310528e+18
5.025000000000000300e-02 2.206556523024076288e+18
5.051171875000000366e-02 2.192301329577014016e+18
5.077343750000000433e-02 2.177665004522484224e+18
5.103515625000000500e-02 2.162676932181905408e+18
5.129687500000000566e-02 2.146847899242502144e+18
5.155859375000000633e-02 2.131926386399024640e+18
5.182031250000000006e-02 2.116478278634448384e+18
5.208203125000000072e-02 2.100590947339804928e+18
5.234375000000000139e-02 2.084003162082045952e+18
5.260546875000000205e-02 2.067659387690179328e+18
5.286718750000000272e-02 2.050339044810692864e+18
5.312890625000000339e-02 2.033168181700955136e+18
5.339062500000000405e-02 2.015872210058840320e+18
5.365234375000000472e-02 1.997675791021817600e+18
5.391406250000000538e-02 1.979189836919693312e+18
5.417578125000000605e-02 1.960645254258523392e+18
5.443749999999999978e-02 1.941407795610247936e+18
5.469921875000000044e-02 1.921378677296165632e+18
5.496093750000000111e-02 1.901936669716910848e+18
5.522265625000000178e-02 1.881847513774420736e+18
5.548437500000000244e-02 1.861535527840230912e+18
5.574609375000000311e-02 1.841193943828453120e+18
5.600781250000000377e-02 1.820370160757735424e+18
5.626953125000000444e-02 1.798068810189888768e+18
5.653125000000000511e-02 1.775350466077139712e+18
5.679296875000000577e-02 1.753777018726627328e+18
5.705468750000000644e-02 1.731755921789634816e+18
5.731640625000000017e-02 1.708782392202391808e+18
5.757812500000000083e-02 1.685795489733564672e+18
5.783984375000000150e-02 1.661257415038679808e+18
5.810156250000000216e-02 1.636270539139513088e+18
5.836328125000000283e-02 1.611545618896139776e+18
5.862500000000000350e-02 1.585270234407329792e+18
5.888671875000000416e-02 1.559161894836312832e+18
5.914843750000000483e-02 1.532502296342104576e+18
5.941015625000000550e-02 1.504320905400059904e+18
5.967187500000000616e-02 1.476573631274865152e+18
5.993359375000000683e-02 1.448572277548379904e+18
6.019531250000000056e-02 1.419466236181307136e+18
6.045703125000000122e-02 1.389162001849623552e+18
6.071875000000000189e-02 1.359100872261645312e+18
6.098046875000000255e-02 1.327687249023087872e+18
6.124218750000000322e-02 1.295505684610998016e+18
6.150390625000000389e-02 1.262430913893787136e+18
6.176562500000000455e-02 1.228572045630218496e+18
6.202734375000000522e-02 1.192172248992540672e+18
6.228906250000000588e-02 1.156388138390757120e+18
6.255078125000000655e-02 1.118195910332441728e+18
6.281250000000000722e-02 1.079679959484110464e+18
6.307421875000000788e-02 1.036382261730231296e+18
6.333593750000000855e-02 9.939498955673210880e+17
6.359765625000000921e-02 9.459031877717648640e+17
6.385937500000000988e-02 8.989913393731264000e+17
6.412109375000001055e-02 8.413143146219400960e+17
6.438281249999999734e-02 7.816682639153173760e+17
6.464453124999999800e-02 7.017711127411517440e+17
6.490624999999999867e-02 5.722574455173790720e+17
6.516796874999999933e-02 3.102888203684943360e+17
6.542968750000000000e-02 1.311626877002774400e+17
6.569140625000000067e-02 5.172270895629732000e+16
6.595312500000000133e-02 3.600530454923600000e+16
6.621484375000000200e-02 2.869050592332873200e+16
6.647656250000000266e-02 2.426569253923300400e+16
6.673828125000000333e-02 2.126130477040329200e+16
6.700000000000000400e-02 1.977053215997528400e+16
