0.000000000000000000e+00 7.499999999999999814e-20
1.000000000000000021e-03 8.619086108823596439e-20
2.000000000000000042e-03 8.987593429710208938e-20
3.000000000000000062e-03 9.210417618444904492e-20
5.000000000000000104e-03 9.499023829511706168e-20
7.000000000000000146e-03 9.694046622958897381e-20
8.500000000000000611e-03 9.808398040670911306e-20
1.000000000000000021e-02 9.905152713508807804e-20
1.499999999999999944e-02 1.015072541714100033e-19
2.000000000000000042e-02 1.032864555756921487e-19
2.999999999999999889e-02 1.058471767354703592e-19
4.000000000000000083e-02 1.077024475436929685e-19
5.000000000000000278e-02 1.091638724484376871e-19
7.000000000000000666e-02 1.114050967816438889e-19
1.000000000000000056e-01 1.138311522117062677e-19
1.199999999999999956e-01 1.150916127164053947e-19
1.499999999999999944e-01 1.166533019164837284e-19
1.700000000000000122e-01 1.175385250484220820e-19
2.000000000000000111e-01 1.186979805976100819e-19
2.500000000000000000e-01 1.203086049515077166e-19
2.999999999999999889e-01 1.216407907545187720e-19
3.499999999999999778e-01 1.227786398345114547e-19
4.000000000000000222e-01 1.237728892680197686e-19
5.000000000000000000e-01 1.254523755474296455e-19
6.999999999999999556e-01 1.280280162830423157e-19
1.000000000000000000e+00 1.308160670372405454e-19
1.199999999999999956e+00 1.322646027208093446e-19
1.300000000000000044e+00 1.329055942118000317e-19
1.500000000000000000e+00 1.340593138795696194e-19
1.699999999999999956e+00 1.350766224661961855e-19
1.899999999999999911e+00 1.359871253535277842e-19
2.100000000000000089e+00 1.368116621576296328e-19
2.200000000000000178e+00 1.371966170818194643e-19
2.500000000000000000e+00 1.382600300945984483e-19
2.799999999999999822e+00 1.392096730527129215e-19
3.000000000000000000e+00 1.397909933144790427e-19
3.299999999999999822e+00 1.405980531990056050e-19
3.600000000000000089e+00 1.413389089997893513e-19
4.000000000000000000e+00 1.422412254051936879e-19
4.500000000000000000e+00 1.432567502961809097e-19
5.000000000000000000e+00 1.441713103199699026e-19
6.000000000000000000e+00 1.457677295693415871e-19
7.000000000000000000e+00 1.471312662247218452e-19
8.000000000000000000e+00 1.483227208481997508e-19
1.000000000000000000e+01 1.503353261615491812e-19
1.200000000000000000e+01 1.519999999999999905e-19
1.500000000000000000e+01 1.410000000000000105e-19
1.700000000000000000e+01 1.309999999999999915e-19
2.000000000000000000e+01 1.099999999999999925e-19
2.500000000000000000e+01 9.449999999999999549e-20
3.000000000000000000e+01 8.740000000000000053e-20
5.000000000000000000e+01 6.900000000000000359e-20
7.500000000000000000e+01 5.850000000000000409e-20
1.000000000000000000e+02 5.249999999999999750e-20
1.500000000000000000e+02 4.239999999999999924e-20
2.000000000000000000e+02 3.760000000000000239e-20
3.000000000000000000e+02 3.019999999999999747e-20
5.000000000000000000e+02 2.099999999999999900e-20
7.000000000000000000e+02 1.639999999999999976e-20
1.000000000000000000e+03 1.209999999999999995e-20
1.500000000000000000e+03 8.800000000000000240e-21
2.000000000000000000e+03 6.600000000000000180e-21
3.000000000000000000e+03 4.499999999999999678e-21
5.000000000000000000e+03 3.099999999999999845e-21
7.000000000000000000e+03 2.299999999999999994e-21
1.000000000000000000e+04 1.750000000000000167e-21
