PROFILES: ELECTRIC POTENTIAL phi, MACH NUMBER U_z/cs, MACH NUMBER U_Bdir/c_s 
distance(mm)    phi(V)      U_z/cs(-)      U_Bdir/c_s(-)
 0.0000e+00    0.0000e+00    0.0000e+00    0.0000e+00
 1.0000e-03    0.0000e+00   -2.5573e+00    2.4850e+00
 2.0000e-03    8.9188e+00   -2.5085e+00    2.4428e+00
 3.0000e-03    1.7384e+01   -2.4360e+00    2.3800e+00
 4.0000e-03    2.5400e+01   -2.3652e+00    2.3186e+00
 5.0000e-03    3.2975e+01   -2.2963e+00    2.2589e+00
 6.0000e-03    4.0116e+01   -2.2294e+00    2.2008e+00
 7.0000e-03    4.6831e+01   -2.1645e+00    2.1447e+00
 8.0000e-03    5.3132e+01   -2.1019e+00    2.0903e+00
 9.0000e-03    5.9030e+01   -2.0415e+00    2.0380e+00
 1.0000e-02    6.4539e+01   -1.9834e+00    1.9877e+00
 1.1000e-02    6.9674e+01   -1.9277e+00    1.9394e+00
 1.2000e-02    7.4450e+01   -1.8744e+00    1.8931e+00
 1.3000e-02    7.8884e+01   -1.8235e+00    1.8490e+00
 1.4000e-02    8.2994e+01   -1.7751e+00    1.8070e+00
 1.5000e-02    8.6797e+01   -1.7290e+00    1.7670e+00
 1.6000e-02    9.0311e+01   -1.6853e+00    1.7291e+00
 1.7000e-02    9.3556e+01   -1.6439e+00    1.6932e+00
 1.8000e-02    9.6547e+01   -1.6048e+00    1.6593e+00
 1.9000e-02    9.9303e+01   -1.5679e+00    1.6273e+00
 2.0000e-02    1.0184e+02   -1.5331e+00    1.5971e+00
 2.1000e-02    1.0418e+02   -1.5004e+00    1.5687e+00
 2.2000e-02    1.0633e+02   -1.4696e+00    1.5420e+00
 2.3000e-02    1.0830e+02   -1.4407e+00    1.5169e+00
 2.4000e-02    1.1012e+02   -1.4137e+00    1.4934e+00
 2.5000e-02    1.1179e+02   -1.3883e+00    1.4714e+00
 2.6000e-02    1.1333e+02   -1.3645e+00    1.4508e+00
 2.7000e-02    1.1475e+02   -1.3423e+00    1.4315e+00
 2.8000e-02    1.1605e+02   -1.3215e+00    1.4134e+00
 2.9000e-02    1.1725e+02   -1.3021e+00    1.3965e+00
 3.0000e-02    1.1836e+02   -1.2839e+00    1.3807e+00
 3.1000e-02    1.1938e+02   -1.2669e+00    1.3660e+00
 3.2000e-02    1.2032e+02   -1.2510e+00    1.3521e+00
 3.3000e-02    1.2119e+02   -1.2362e+00    1.3392e+00
 3.4000e-02    1.2199e+02   -1.2223e+00    1.3271e+00
 3.5000e-02    1.2274e+02   -1.2093e+00    1.3158e+00
 3.6000e-02    1.2342e+02   -1.1972e+00    1.3053e+00
 3.7000e-02    1.2406e+02   -1.1859e+00    1.2954e+00
 3.8000e-02    1.2465e+02   -1.1753e+00    1.2861e+00
 3.9000e-02    1.2520e+02   -1.1653e+00    1.2775e+00
 4.0000e-02    1.2571e+02   -1.1560e+00    1.2694e+00
 4.1000e-02    1.2619e+02   -1.1473e+00    1.2617e+00
 4.2000e-02    1.2663e+02   -1.1391e+00    1.2546e+00
 4.3000e-02    1.2704e+02   -1.1314e+00    1.2478e+00
 4.4000e-02    1.2743e+02   -1.1241e+00    1.2415e+00
 4.5000e-02    1.2779e+02   -1.1173e+00    1.2355e+00
 4.6000e-02    1.2813e+02   -1.1109e+00    1.2299e+00
 4.7000e-02    1.2844e+02   -1.1048e+00    1.2246e+00
 4.8000e-02    1.2874e+02   -1.0991e+00    1.2197e+00
 4.9000e-02    1.2902e+02   -1.0938e+00    1.2150e+00
 5.0000e-02    1.2928e+02   -1.0887e+00    1.2105e+00
 5.1000e-02    1.2953e+02   -1.0839e+00    1.2063e+00
 5.2000e-02    1.2976e+02   -1.0794e+00    1.2023e+00
 5.3000e-02    1.2998e+02   -1.0751e+00    1.1985e+00
 5.4000e-02    1.3019e+02   -1.0710e+00    1.1949e+00
 5.5000e-02    1.3039e+02   -1.0670e+00    1.1915e+00
 5.6000e-02    1.3058e+02   -1.0633e+00    1.1882e+00
 5.7000e-02    1.3076e+02   -1.0597e+00    1.1850e+00
 5.8000e-02    1.3094e+02   -1.0563e+00    1.1820e+00
 5.9000e-02    1.3110e+02   -1.0530e+00    1.1791e+00
 6.0000e-02    1.3126e+02   -1.0499e+00    1.1763e+00
 6.1000e-02    1.3141e+02   -1.0468e+00    1.1736e+00
 6.2000e-02    1.3155e+02   -1.0439e+00    1.1711e+00
 6.3000e-02    1.3169e+02   -1.0411e+00    1.1686e+00
 6.4000e-02    1.3182e+02   -1.0384e+00    1.1662e+00
 6.5000e-02    1.3195e+02   -1.0358e+00    1.1638e+00
 6.6000e-02    1.3208e+02   -1.0332e+00    1.1616e+00
 6.7000e-02    1.3220e+02   -1.0308e+00    1.1594e+00
 6.8000e-02    1.3232e+02   -1.0284e+00    1.1573e+00
 6.9000e-02    1.3244e+02   -1.0261e+00    1.1553e+00
 7.0000e-02    1.3255e+02   -1.0239e+00    1.1533e+00
 7.1000e-02    1.3266e+02   -1.0217e+00    1.1514e+00
 7.2000e-02    1.3276e+02   -1.0196e+00    1.1495e+00
 7.3000e-02    1.3286e+02   -1.0176e+00    1.1477e+00
 7.4000e-02    1.3296e+02   -1.0156e+00    1.1459e+00
 7.5000e-02    1.3306e+02   -1.0136e+00    1.1442e+00
 7.6000e-02    1.3315e+02   -1.0117e+00    1.1425e+00
 7.7000e-02    1.3325e+02   -1.0099e+00    1.1408e+00
 7.8000e-02    1.3333e+02   -1.0081e+00    1.1392e+00
 7.9000e-02    1.3342e+02   -1.0064e+00    1.1377e+00
 8.0000e-02    1.3351e+02   -1.0047e+00    1.1361e+00
 8.1000e-02    1.3359e+02   -1.0030e+00    1.1347e+00
 8.2000e-02    1.3367e+02   -1.0014e+00    1.1332e+00
 8.3000e-02    1.3374e+02   -9.9986e-01    1.1318e+00
 8.4000e-02    1.3382e+02   -9.9837e-01    1.1305e+00
 8.5000e-02    1.3389e+02   -9.9692e-01    1.1292e+00
 8.6000e-02    1.3396e+02   -9.9551e-01    1.1279e+00
 8.7000e-02    1.3402e+02   -9.9414e-01    1.1267e+00
 8.8000e-02    1.3409e+02   -9.9281e-01    1.1255e+00
 8.9000e-02    1.3415e+02   -9.9151e-01    1.1243e+00
 9.0000e-02    1.3421e+02   -9.9025e-01    1.1232e+00
 9.1000e-02    1.3427e+02   -9.8902e-01    1.1221e+00
 9.2000e-02    1.3432e+02   -9.8784e-01    1.1210e+00
 9.3000e-02    1.3438e+02   -9.8671e-01    1.1200e+00
 9.4000e-02    1.3443e+02   -9.8565e-01    1.1190e+00
 9.5000e-02    1.3447e+02   -9.8464e-01    1.1181e+00
 9.6000e-02    1.3452e+02   -9.8368e-01    1.1172e+00
 9.7000e-02    1.3456e+02   -9.8279e-01    1.1164e+00
 9.8000e-02    1.3460e+02   -9.8192e-01    1.1156e+00
 9.9000e-02    1.3464e+02   -9.8110e-01    1.1149e+00
 1.0000e-01    1.3468e+02   -9.8032e-01    1.1141e+00
 1.0100e-01    1.3472e+02   -9.7959e-01    1.1135e+00
 1.0200e-01    1.3475e+02   -9.7891e-01    1.1128e+00
 1.0300e-01    1.3478e+02   -9.7826e-01    1.1122e+00
 1.0400e-01    1.3481e+02   -9.7763e-01    1.1116e+00
 1.0500e-01    1.3484e+02   -9.7704e-01    1.1111e+00
 1.0600e-01    1.3487e+02   -9.7649e-01    1.1106e+00
 1.0700e-01    1.3490e+02   -9.7596e-01    1.1101e+00
 1.0800e-01    1.3493e+02   -9.7544e-01    1.1096e+00
 1.0900e-01    1.3495e+02   -9.7493e-01    1.1091e+00
 1.1000e-01    1.3498e+02   -9.7440e-01    1.1086e+00
 1.1100e-01    1.3500e+02   -9.7386e-01    1.1081e+00
 1.1200e-01    1.3503e+02   -9.7332e-01    1.1076e+00
 1.1300e-01    1.3506e+02   -9.7276e-01    1.1071e+00
 1.1400e-01    1.3509e+02   -9.7219e-01    1.1065e+00
 1.1500e-01    1.3511e+02   -9.7160e-01    1.1060e+00
 1.1600e-01    1.3514e+02   -9.7100e-01    1.1054e+00
 1.1700e-01    1.3517e+02   -9.7039e-01    1.1048e+00
 1.1800e-01    1.3520e+02   -9.6978e-01    1.1043e+00
 1.1900e-01    1.3523e+02   -9.6917e-01    1.1037e+00
 1.2000e-01    1.3525e+02   -9.6856e-01    1.1031e+00
 1.2100e-01    1.3528e+02   -9.6797e-01    1.1026e+00
 1.2200e-01    1.3531e+02   -9.6738e-01    1.1020e+00
 1.2300e-01    1.3534e+02   -9.6681e-01    1.1015e+00
 1.2400e-01    1.3537e+02   -9.6624e-01    1.1009e+00
 1.2500e-01    1.3539e+02   -9.6567e-01    1.1004e+00
 1.2600e-01    1.3542e+02   -9.6510e-01    1.0999e+00
 1.2700e-01    1.3545e+02   -9.6450e-01    1.0993e+00
 1.2800e-01    1.3548e+02   -9.6389e-01    1.0988e+00
 1.2900e-01    1.3551e+02   -9.6326e-01    1.0982e+00
 1.3000e-01    1.3555e+02   -9.6259e-01    1.0976e+00
 1.3100e-01    1.3558e+02   -9.6189e-01    1.0969e+00
 1.3200e-01    1.3562e+02   -9.6113e-01    1.0962e+00
 1.3300e-01    1.3565e+02   -9.6034e-01    1.0955e+00
 1.3400e-01    1.3569e+02   -9.5951e-01    1.0948e+00
 1.3500e-01    1.3573e+02   -9.5867e-01    1.0940e+00
 1.3600e-01    1.3577e+02   -9.5780e-01    1.0932e+00
 1.3700e-01    1.3581e+02   -9.5692e-01    1.0924e+00
 1.3800e-01    1.3586e+02   -9.5603e-01    1.0916e+00
 1.3900e-01    1.3590e+02   -9.5514e-01    1.0908e+00
 1.4000e-01    1.3594e+02   -9.5423e-01    1.0900e+00
 1.4100e-01    1.3598e+02   -9.5331e-01    1.0891e+00
 1.4200e-01    1.3603e+02   -9.5238e-01    1.0883e+00
 1.4300e-01    1.3607e+02   -9.5145e-01    1.0874e+00
 1.4400e-01    1.3611e+02   -9.5051e-01    1.0866e+00
 1.4500e-01    1.3616e+02   -9.4958e-01    1.0857e+00
 1.4600e-01    1.3620e+02   -9.4865e-01    1.0849e+00
 1.4700e-01    1.3624e+02   -9.4772e-01    1.0841e+00
 1.4800e-01    1.3628e+02   -9.4680e-01    1.0832e+00
 1.4900e-01    1.3632e+02   -9.4590e-01    1.0824e+00
 1.5000e-01    1.3636e+02   -9.4500e-01    1.0816e+00
 1.5100e-01    1.3641e+02   -9.4411e-01    1.0808e+00
 1.5200e-01    1.3645e+02   -9.4324e-01    1.0800e+00
 1.5300e-01    1.3649e+02   -9.4239e-01    1.0792e+00
 1.5400e-01    1.3652e+02   -9.4155e-01    1.0785e+00
 1.5500e-01    1.3656e+02   -9.4074e-01    1.0777e+00
 1.5600e-01    1.3660e+02   -9.3995e-01    1.0770e+00
 1.5700e-01    1.3663e+02   -9.3919e-01    1.0763e+00
 1.5800e-01    1.3667e+02   -9.3846e-01    1.0757e+00
 1.5900e-01    1.3670e+02   -9.3776e-01    1.0750e+00
 1.6000e-01    1.3673e+02   -9.3709e-01    1.0744e+00
 1.6100e-01    1.3676e+02   -9.3645e-01    1.0738e+00
 1.6200e-01    1.3678e+02   -9.3584e-01    1.0733e+00
 1.6300e-01    1.3681e+02   -9.3528e-01    1.0727e+00
 1.6400e-01    1.3683e+02   -9.3475e-01    1.0722e+00
 1.6500e-01    1.3686e+02   -9.3425e-01    1.0718e+00
 1.6600e-01    1.3688e+02   -9.3378e-01    1.0713e+00
 1.6700e-01    1.3690e+02   -9.3334e-01    1.0709e+00
 1.6800e-01    1.3692e+02   -9.3292e-01    1.0705e+00
 1.6900e-01    1.3694e+02   -9.3252e-01    1.0702e+00
 1.7000e-01    1.3695e+02   -9.3215e-01    1.0698e+00
 1.7100e-01    1.3697e+02   -9.3181e-01    1.0695e+00
 1.7200e-01    1.3698e+02   -9.3150e-01    1.0692e+00
 1.7300e-01    1.3700e+02   -9.3124e-01    1.0689e+00
 1.7400e-01    1.3701e+02   -9.3101e-01    1.0687e+00
 1.7500e-01    1.3702e+02   -9.3081e-01    1.0685e+00
 1.7600e-01    1.3703e+02   -9.3065e-01    1.0683e+00
 1.7700e-01    1.3704e+02   -9.3052e-01    1.0681e+00
 1.7800e-01    1.3705e+02   -9.3042e-01    1.0680e+00
 1.7900e-01    1.3705e+02   -9.3034e-01    1.0679e+00
 1.8000e-01    1.3706e+02   -9.3030e-01    1.0679e+00
 1.8100e-01    1.3706e+02   -9.3027e-01    1.0678e+00
 1.8200e-01    1.3706e+02   -9.3026e-01    1.0678e+00
 1.8300e-01    1.3707e+02   -9.3027e-01    1.0677e+00
 1.8400e-01    1.3707e+02   -9.3029e-01    1.0677e+00
 1.8500e-01    1.3707e+02   -9.3030e-01    1.0677e+00
 1.8600e-01    1.3707e+02   -9.3030e-01    1.0677e+00
 1.8700e-01    1.3708e+02   -9.3028e-01    1.0676e+00
 1.8800e-01    1.3708e+02   -9.3022e-01    1.0675e+00
 1.8900e-01    1.3709e+02   -9.3014e-01    1.0674e+00
 1.9000e-01    1.3709e+02   -9.3001e-01    1.0673e+00
 1.9100e-01    1.3710e+02   -9.2985e-01    1.0671e+00
 1.9200e-01    1.3711e+02   -9.2967e-01    1.0669e+00
 1.9300e-01    1.3712e+02   -9.2949e-01    1.0667e+00
 1.9400e-01    1.3713e+02   -9.2929e-01    1.0665e+00
 1.9500e-01    1.3714e+02   -9.2909e-01    1.0663e+00
 1.9600e-01    1.3715e+02   -9.2888e-01    1.0661e+00
 1.9700e-01    1.3716e+02   -9.2865e-01    1.0659e+00
 1.9800e-01    1.3717e+02   -9.2839e-01    1.0656e+00
 1.9900e-01    1.3718e+02   -9.2809e-01    1.0653e+00
 2.0000e-01    1.3720e+02   -9.2775e-01    1.0650e+00
 2.0100e-01    1.3721e+02   -9.2738e-01    1.0646e+00
 2.0200e-01    1.3723e+02   -9.2700e-01    1.0643e+00
 2.0300e-01    1.3725e+02   -9.2661e-01    1.0639e+00
 2.0400e-01    1.3726e+02   -9.2624e-01    1.0636e+00
 2.0500e-01    1.3728e+02   -9.2586e-01    1.0632e+00
 2.0600e-01    1.3730e+02   -9.2548e-01    1.0629e+00
 2.0700e-01    1.3731e+02   -9.2510e-01    1.0625e+00
 2.0800e-01    1.3733e+02   -9.2473e-01    1.0621e+00
 2.0900e-01    1.3735e+02   -9.2436e-01    1.0618e+00
 2.1000e-01    1.3736e+02   -9.2399e-01    1.0614e+00
 2.1100e-01    1.3738e+02   -9.2363e-01    1.0611e+00
 2.1200e-01    1.3740e+02   -9.2326e-01    1.0607e+00
 2.1300e-01    1.3741e+02   -9.2290e-01    1.0604e+00
 2.1400e-01    1.3743e+02   -9.2256e-01    1.0601e+00
 2.1500e-01    1.3744e+02   -9.2224e-01    1.0598e+00
 2.1600e-01    1.3746e+02   -9.2193e-01    1.0595e+00
 2.1700e-01    1.3747e+02   -9.2165e-01    1.0592e+00
 2.1800e-01    1.3748e+02   -9.2140e-01    1.0590e+00
 2.1900e-01    1.3749e+02   -9.2118e-01    1.0587e+00
 2.2000e-01    1.3751e+02   -9.2098e-01    1.0585e+00
 2.2100e-01    1.3751e+02   -9.2080e-01    1.0583e+00
 2.2200e-01    1.3752e+02   -9.2065e-01    1.0582e+00
 2.2300e-01    1.3753e+02   -9.2053e-01    1.0581e+00
 2.2400e-01    1.3753e+02   -9.2044e-01    1.0580e+00
 2.2500e-01    1.3754e+02   -9.2038e-01    1.0579e+00
 2.2600e-01    1.3754e+02   -9.2035e-01    1.0578e+00
 2.2700e-01    1.3754e+02   -9.2035e-01    1.0578e+00
 2.2800e-01    1.3754e+02   -9.2037e-01    1.0578e+00
 2.2900e-01    1.3754e+02   -9.2041e-01    1.0578e+00
 2.3000e-01    1.3754e+02   -9.2046e-01    1.0578e+00
 2.3100e-01    1.3754e+02   -9.2053e-01    1.0578e+00
 2.3200e-01    1.3753e+02   -9.2063e-01    1.0579e+00
 2.3300e-01    1.3753e+02   -9.2074e-01    1.0579e+00
 2.3400e-01    1.3753e+02   -9.2086e-01    1.0580e+00
 2.3500e-01    1.3752e+02   -9.2099e-01    1.0581e+00
 2.3600e-01    1.3752e+02   -9.2114e-01    1.0582e+00
 2.3700e-01    1.3751e+02   -9.2130e-01    1.0583e+00
 2.3800e-01    1.3751e+02   -9.2145e-01    1.0584e+00
 2.3900e-01    1.3751e+02   -9.2160e-01    1.0585e+00
 2.4000e-01    1.3750e+02   -9.2174e-01    1.0586e+00
 2.4100e-01    1.3750e+02   -9.2187e-01    1.0587e+00
 2.4200e-01    1.3750e+02   -9.2198e-01    1.0588e+00
 2.4300e-01    1.3750e+02   -9.2205e-01    1.0588e+00
 2.4400e-01    1.3750e+02   -9.2208e-01    1.0588e+00
 2.4500e-01    1.3750e+02   -9.2207e-01    1.0588e+00
 2.4600e-01    1.3750e+02   -9.2203e-01    1.0587e+00
 2.4700e-01    1.3750e+02   -9.2195e-01    1.0586e+00
 2.4800e-01    1.3751e+02   -9.2186e-01    1.0585e+00
 2.4900e-01    1.3751e+02   -9.2178e-01    1.0584e+00
 2.5000e-01    1.3751e+02   -9.2168e-01    1.0583e+00
 2.5100e-01    1.3752e+02   -9.2157e-01    1.0582e+00
 2.5200e-01    1.3752e+02   -9.2145e-01    1.0580e+00
 2.5300e-01    1.3753e+02   -9.2132e-01    1.0579e+00
 2.5400e-01    1.3754e+02   -9.2118e-01    1.0578e+00
 2.5500e-01    1.3755e+02   -9.2103e-01    1.0576e+00
 2.5600e-01    1.3755e+02   -9.2087e-01    1.0574e+00
 2.5700e-01    1.3756e+02   -9.2070e-01    1.0573e+00
 2.5800e-01    1.3757e+02   -9.2050e-01    1.0571e+00
 2.5900e-01    1.3758e+02   -9.2028e-01    1.0569e+00
 2.6000e-01    1.3760e+02   -9.2004e-01    1.0566e+00
 2.6100e-01    1.3761e+02   -9.1976e-01    1.0563e+00
 2.6200e-01    1.3762e+02   -9.1944e-01    1.0560e+00
 2.6300e-01    1.3764e+02   -9.1909e-01    1.0557e+00
 2.6400e-01    1.3765e+02   -9.1872e-01    1.0554e+00
 2.6500e-01    1.3767e+02   -9.1833e-01    1.0550e+00
 2.6600e-01    1.3769e+02   -9.1793e-01    1.0546e+00
 2.6700e-01    1.3771e+02   -9.1750e-01    1.0542e+00
 2.6800e-01    1.3772e+02   -9.1707e-01    1.0538e+00
 2.6900e-01    1.3774e+02   -9.1665e-01    1.0534e+00
 2.7000e-01    1.3776e+02   -9.1625e-01    1.0531e+00
 2.7100e-01    1.3778e+02   -9.1587e-01    1.0527e+00
 2.7200e-01    1.3779e+02   -9.1551e-01    1.0524e+00
 2.7300e-01    1.3781e+02   -9.1517e-01    1.0521e+00
 2.7400e-01    1.3782e+02   -9.1486e-01    1.0518e+00
 2.7500e-01    1.3784e+02   -9.1458e-01    1.0515e+00
 2.7600e-01    1.3785e+02   -9.1430e-01    1.0512e+00
 2.7700e-01    1.3786e+02   -9.1403e-01    1.0510e+00
 2.7800e-01    1.3788e+02   -9.1377e-01    1.0507e+00
 2.7900e-01    1.3789e+02   -9.1350e-01    1.0505e+00
 2.8000e-01    1.3790e+02   -9.1325e-01    1.0502e+00
 2.8100e-01    1.3791e+02   -9.1301e-01    1.0500e+00
 2.8200e-01    1.3792e+02   -9.1280e-01    1.0498e+00
 2.8300e-01    1.3793e+02   -9.1260e-01    1.0496e+00
 2.8400e-01    1.3794e+02   -9.1243e-01    1.0494e+00
 2.8500e-01    1.3795e+02   -9.1227e-01    1.0493e+00
 2.8600e-01    1.3795e+02   -9.1213e-01    1.0491e+00
 2.8700e-01    1.3796e+02   -9.1200e-01    1.0490e+00
 2.8800e-01    1.3797e+02   -9.1189e-01    1.0489e+00
 2.8900e-01    1.3798e+02   -9.1180e-01    1.0488e+00
 2.9000e-01    1.3798e+02   -9.1174e-01    1.0487e+00
 2.9100e-01    1.3799e+02   -9.1168e-01    1.0486e+00
 2.9200e-01    1.3799e+02   -9.1163e-01    1.0485e+00
 2.9300e-01    1.3800e+02   -9.1158e-01    1.0485e+00
 2.9400e-01    1.3800e+02   -9.1151e-01    1.0484e+00
 2.9500e-01    1.3801e+02   -9.1142e-01    1.0483e+00
 2.9600e-01    1.3802e+02   -9.1131e-01    1.0482e+00
 2.9700e-01    1.3802e+02   -9.1118e-01    1.0480e+00
 2.9800e-01    1.3803e+02   -9.1102e-01    1.0479e+00
 2.9900e-01    1.3804e+02   -9.1085e-01    1.0477e+00
 3.0000e-01    1.3805e+02   -9.1069e-01    1.0475e+00
 3.0100e-01    1.3806e+02   -9.1052e-01    1.0474e+00
 3.0200e-01    1.3807e+02   -9.1035e-01    1.0472e+00
 3.0300e-01    1.3808e+02   -9.1015e-01    1.0470e+00
 3.0400e-01    1.3809e+02   -9.0993e-01    1.0468e+00
 3.0500e-01    1.3810e+02   -9.0969e-01    1.0466e+00
 3.0600e-01    1.3811e+02   -9.0942e-01    1.0463e+00
 3.0700e-01    1.3812e+02   -9.0913e-01    1.0460e+00
 3.0800e-01    1.3814e+02   -9.0883e-01    1.0458e+00
 3.0900e-01    1.3815e+02   -9.0854e-01    1.0455e+00
 3.1000e-01    1.3816e+02   -9.0825e-01    1.0452e+00
 3.1100e-01    1.3817e+02   -9.0797e-01    1.0449e+00
 3.1200e-01    1.3819e+02   -9.0769e-01    1.0447e+00
 3.1300e-01    1.3820e+02   -9.0742e-01    1.0444e+00
 3.1400e-01    1.3821e+02   -9.0716e-01    1.0442e+00
 3.1500e-01    1.3822e+02   -9.0690e-01    1.0439e+00
 3.1600e-01    1.3824e+02   -9.0664e-01    1.0437e+00
 3.1700e-01    1.3825e+02   -9.0638e-01    1.0434e+00
 3.1800e-01    1.3826e+02   -9.0610e-01    1.0432e+00
 3.1900e-01    1.3827e+02   -9.0583e-01    1.0429e+00
 3.2000e-01    1.3828e+02   -9.0555e-01    1.0427e+00
 3.2100e-01    1.3830e+02   -9.0527e-01    1.0424e+00
 3.2200e-01    1.3831e+02   -9.0501e-01    1.0422e+00
 3.2300e-01    1.3832e+02   -9.0477e-01    1.0419e+00
 3.2400e-01    1.3833e+02   -9.0456e-01    1.0417e+00
 3.2500e-01    1.3834e+02   -9.0437e-01    1.0415e+00
 3.2600e-01    1.3834e+02   -9.0421e-01    1.0414e+00
 3.2700e-01    1.3835e+02   -9.0407e-01    1.0412e+00
 3.2800e-01    1.3836e+02   -9.0397e-01    1.0411e+00
 3.2900e-01    1.3836e+02   -9.0390e-01    1.0410e+00
 3.3000e-01    1.3837e+02   -9.0387e-01    1.0410e+00
 3.3100e-01    1.3837e+02   -9.0386e-01    1.0409e+00
 3.3200e-01    1.3837e+02   -9.0386e-01    1.0409e+00
 3.3300e-01    1.3837e+02   -9.0388e-01    1.0409e+00
 3.3400e-01    1.3837e+02   -9.0389e-01    1.0409e+00
 3.3500e-01    1.3838e+02   -9.0390e-01    1.0409e+00
 3.3600e-01    1.3838e+02   -9.0390e-01    1.0409e+00
 3.3700e-01    1.3838e+02   -9.0390e-01    1.0408e+00
 3.3800e-01    1.3838e+02   -9.0389e-01    1.0408e+00
 3.3900e-01    1.3838e+02   -9.0387e-01    1.0408e+00
 3.4000e-01    1.3838e+02   -9.0385e-01    1.0407e+00
 3.4100e-01    1.3839e+02   -9.0382e-01    1.0407e+00
 3.4200e-01    1.3839e+02   -9.0377e-01    1.0406e+00
 3.4300e-01    1.3839e+02   -9.0371e-01    1.0406e+00
 3.4400e-01    1.3840e+02   -9.0363e-01    1.0405e+00
 3.4500e-01    1.3840e+02   -9.0353e-01    1.0404e+00
 3.4600e-01    1.3841e+02   -9.0343e-01    1.0403e+00
 3.4700e-01    1.3841e+02   -9.0331e-01    1.0401e+00
 3.4800e-01    1.3842e+02   -9.0318e-01    1.0400e+00
 3.4900e-01    1.3843e+02   -9.0304e-01    1.0399e+00
 3.5000e-01    1.3843e+02   -9.0289e-01    1.0397e+00
 3.5100e-01    1.3844e+02   -9.0275e-01    1.0396e+00
 3.5200e-01    1.3844e+02   -9.0263e-01    1.0394e+00
 3.5300e-01    1.3845e+02   -9.0252e-01    1.0393e+00
 3.5400e-01    1.3845e+02   -9.0243e-01    1.0392e+00
 3.5500e-01    1.3846e+02   -9.0236e-01    1.0391e+00
 3.5600e-01    1.3846e+02   -9.0230e-01    1.0391e+00
 3.5700e-01    1.3847e+02   -9.0224e-01    1.0390e+00
 3.5800e-01    1.3847e+02   -9.0219e-01    1.0389e+00
 3.5900e-01    1.3847e+02   -9.0215e-01    1.0389e+00
 3.6000e-01    1.3848e+02   -9.0214e-01    1.0388e+00
 3.6100e-01    1.3848e+02   -9.0213e-01    1.0388e+00
 3.6200e-01    1.3848e+02   -9.0214e-01    1.0388e+00
 3.6300e-01    1.3848e+02   -9.0215e-01    1.0388e+00
 3.6400e-01    1.3848e+02   -9.0216e-01    1.0388e+00
 3.6500e-01    1.3849e+02   -9.0216e-01    1.0387e+00
 3.6600e-01    1.3849e+02   -9.0214e-01    1.0387e+00
 3.6700e-01    1.3849e+02   -9.0210e-01    1.0387e+00
 3.6800e-01    1.3849e+02   -9.0205e-01    1.0386e+00
 3.6900e-01    1.3849e+02   -9.0200e-01    1.0385e+00
 3.7000e-01    1.3850e+02   -9.0195e-01    1.0385e+00
 3.7100e-01    1.3850e+02   -9.0190e-01    1.0384e+00
 3.7200e-01    1.3850e+02   -9.0183e-01    1.0383e+00
 3.7300e-01    1.3850e+02   -9.0176e-01    1.0382e+00
 3.7400e-01    1.3850e+02   -9.0168e-01    1.0381e+00
 3.7500e-01    1.3851e+02   -9.0159e-01    1.0380e+00
 3.7600e-01    1.3851e+02   -9.0149e-01    1.0379e+00
 3.7700e-01    1.3851e+02   -9.0139e-01    1.0378e+00
 3.7800e-01    1.3852e+02   -9.0132e-01    1.0377e+00
 3.7900e-01    1.3852e+02   -9.0125e-01    1.0377e+00
 3.8000e-01    1.3852e+02   -9.0120e-01    1.0376e+00
 3.8100e-01    1.3853e+02   -9.0116e-01    1.0376e+00
 3.8200e-01    1.3853e+02   -9.0114e-01    1.0375e+00
 3.8300e-01    1.3853e+02   -9.0111e-01    1.0375e+00
 3.8400e-01    1.3853e+02   -9.0108e-01    1.0374e+00
 3.8500e-01    1.3854e+02   -9.0104e-01    1.0374e+00
 3.8600e-01    1.3854e+02   -9.0100e-01    1.0373e+00
 3.8700e-01    1.3854e+02   -9.0095e-01    1.0373e+00
 3.8800e-01    1.3854e+02   -9.0091e-01    1.0372e+00
 3.8900e-01    1.3855e+02   -9.0085e-01    1.0371e+00
 3.9000e-01    1.3855e+02   -9.0080e-01    1.0371e+00
 3.9100e-01    1.3855e+02   -9.0075e-01    1.0370e+00
 3.9200e-01    1.3855e+02   -9.0071e-01    1.0370e+00
 3.9300e-01    1.3856e+02   -9.0068e-01    1.0369e+00
 3.9400e-01    1.3856e+02   -9.0065e-01    1.0369e+00
 3.9500e-01    1.3856e+02   -9.0062e-01    1.0368e+00
 3.9600e-01    1.3857e+02   -9.0059e-01    1.0368e+00
 3.9700e-01    1.3857e+02   -9.0054e-01    1.0367e+00
 3.9800e-01    1.3857e+02   -9.0047e-01    1.0366e+00
 3.9900e-01    1.3858e+02   -9.0039e-01    1.0366e+00
 4.0000e-01    1.3858e+02   -9.0028e-01    1.0364e+00
 4.0100e-01    1.3859e+02   -9.0015e-01    1.0363e+00
 4.0200e-01    1.3860e+02   -9.0001e-01    1.0362e+00
 4.0300e-01    1.3860e+02   -8.9986e-01    1.0360e+00
 4.0400e-01    1.3861e+02   -8.9971e-01    1.0359e+00
 4.0500e-01    1.3862e+02   -8.9955e-01    1.0357e+00
 4.0600e-01    1.3863e+02   -8.9939e-01    1.0356e+00
 4.0700e-01    1.3864e+02   -8.9923e-01    1.0354e+00
 4.0800e-01    1.3864e+02   -8.9906e-01    1.0352e+00
 4.0900e-01    1.3865e+02   -8.9889e-01    1.0351e+00
 4.1000e-01    1.3866e+02   -8.9872e-01    1.0349e+00
 4.1100e-01    1.3867e+02   -8.9853e-01    1.0347e+00
 4.1200e-01    1.3868e+02   -8.9833e-01    1.0345e+00
 4.1300e-01    1.3869e+02   -8.9812e-01    1.0343e+00
 4.1400e-01    1.3870e+02   -8.9791e-01    1.0341e+00
 4.1500e-01    1.3871e+02   -8.9769e-01    1.0339e+00
 4.1600e-01    1.3872e+02   -8.9744e-01    1.0337e+00
 4.1700e-01    1.3873e+02   -8.9719e-01    1.0334e+00
 4.1800e-01    1.3874e+02   -8.9691e-01    1.0332e+00
 4.1900e-01    1.3876e+02   -8.9665e-01    1.0330e+00
 4.2000e-01    1.3877e+02   -8.9638e-01    1.0327e+00
 4.2100e-01    1.3878e+02   -8.9612e-01    1.0325e+00
 4.2200e-01    1.3879e+02   -8.9588e-01    1.0322e+00
 4.2300e-01    1.3880e+02   -8.9566e-01    1.0320e+00
 4.2400e-01    1.3881e+02   -8.9543e-01    1.0318e+00
 4.2500e-01    1.3882e+02   -8.9521e-01    1.0316e+00
 4.2600e-01    1.3883e+02   -8.9499e-01    1.0314e+00
 4.2700e-01    1.3884e+02   -8.9476e-01    1.0312e+00
 4.2800e-01    1.3885e+02   -8.9451e-01    1.0309e+00
 4.2900e-01    1.3887e+02   -8.9426e-01    1.0307e+00
 4.3000e-01    1.3888e+02   -8.9401e-01    1.0305e+00
 4.3100e-01    1.3889e+02   -8.9377e-01    1.0302e+00
 4.3200e-01    1.3890e+02   -8.9354e-01    1.0300e+00
 4.3300e-01    1.3891e+02   -8.9332e-01    1.0298e+00
 4.3400e-01    1.3892e+02   -8.9313e-01    1.0296e+00
 4.3500e-01    1.3893e+02   -8.9298e-01    1.0295e+00
 4.3600e-01    1.3893e+02   -8.9284e-01    1.0293e+00
 4.3700e-01    1.3894e+02   -8.9272e-01    1.0292e+00
 4.3800e-01    1.3895e+02   -8.9260e-01    1.0291e+00
 4.3900e-01    1.3895e+02   -8.9250e-01    1.0290e+00
 4.4000e-01    1.3896e+02   -8.9241e-01    1.0289e+00
 4.4100e-01    1.3897e+02   -8.9233e-01    1.0288e+00
 4.4200e-01    1.3897e+02   -8.9226e-01    1.0288e+00
 4.4300e-01    1.3897e+02   -8.9222e-01    1.0287e+00
 4.4400e-01    1.3898e+02   -8.9218e-01    1.0286e+00
 4.4500e-01    1.3898e+02   -8.9216e-01    1.0286e+00
 4.4600e-01    1.3898e+02   -8.9215e-01    1.0286e+00
 4.4700e-01    1.3898e+02   -8.9215e-01    1.0286e+00
 4.4800e-01    1.3898e+02   -8.9216e-01    1.0286e+00
 4.4900e-01    1.3898e+02   -8.9219e-01    1.0286e+00
 4.5000e-01    1.3898e+02   -8.9224e-01    1.0286e+00
 4.5100e-01    1.3898e+02   -8.9229e-01    1.0286e+00
 4.5200e-01    1.3898e+02   -8.9234e-01    1.0286e+00
 4.5300e-01    1.3898e+02   -8.9238e-01    1.0287e+00
 4.5400e-01    1.3898e+02   -8.9241e-01    1.0287e+00
 4.5500e-01    1.3898e+02   -8.9242e-01    1.0287e+00
 4.5600e-01    1.3898e+02   -8.9243e-01    1.0287e+00
 4.5700e-01    1.3898e+02   -8.9244e-01    1.0287e+00
 4.5800e-01    1.3898e+02   -8.9245e-01    1.0286e+00
 4.5900e-01    1.3899e+02   -8.9246e-01    1.0286e+00
 4.6000e-01    1.3899e+02   -8.9246e-01    1.0286e+00
 4.6100e-01    1.3899e+02   -8.9244e-01    1.0286e+00
 4.6200e-01    1.3899e+02   -8.9241e-01    1.0286e+00
 4.6300e-01    1.3900e+02   -8.9236e-01    1.0285e+00
 4.6400e-01    1.3900e+02   -8.9230e-01    1.0284e+00
 4.6500e-01    1.3901e+02   -8.9220e-01    1.0283e+00
 4.6600e-01    1.3902e+02   -8.9209e-01    1.0282e+00
 4.6700e-01    1.3902e+02   -8.9196e-01    1.0281e+00
 4.6800e-01    1.3903e+02   -8.9182e-01    1.0280e+00
 4.6900e-01    1.3904e+02   -8.9166e-01    1.0278e+00
 4.7000e-01    1.3904e+02   -8.9149e-01    1.0276e+00
 4.7100e-01    1.3905e+02   -8.9129e-01    1.0274e+00
 4.7200e-01    1.3906e+02   -8.9107e-01    1.0272e+00
 4.7300e-01    1.3907e+02   -8.9084e-01    1.0270e+00
 4.7400e-01    1.3908e+02   -8.9060e-01    1.0268e+00
 4.7500e-01    1.3909e+02   -8.9036e-01    1.0266e+00
 4.7600e-01    1.3910e+02   -8.9010e-01    1.0263e+00
 4.7700e-01    1.3911e+02   -8.8984e-01    1.0261e+00
 4.7800e-01    1.3912e+02   -8.8958e-01    1.0258e+00
 4.7900e-01    1.3913e+02   -8.8930e-01    1.0256e+00
 4.8000e-01    1.3915e+02   -8.8902e-01    1.0253e+00
 4.8100e-01    1.3916e+02   -8.8875e-01    1.0251e+00
 4.8200e-01    1.3917e+02   -8.8848e-01    1.0248e+00
 4.8300e-01    1.3918e+02   -8.8821e-01    1.0246e+00
 4.8400e-01    1.3919e+02   -8.8795e-01    1.0243e+00
 4.8500e-01    1.3920e+02   -8.8773e-01    1.0241e+00
 4.8600e-01    1.3921e+02   -8.8753e-01    1.0239e+00
 4.8700e-01    1.3922e+02   -8.8736e-01    1.0238e+00
 4.8800e-01    1.3922e+02   -8.8721e-01    1.0236e+00
 4.8900e-01    1.3923e+02   -8.8710e-01    1.0235e+00
 4.9000e-01    1.3923e+02   -8.8701e-01    1.0234e+00
 4.9100e-01    1.3923e+02   -8.8697e-01    1.0234e+00
 4.9200e-01    1.3924e+02   -8.8697e-01    1.0234e+00
 4.9300e-01    1.3924e+02   -8.8702e-01    1.0234e+00
 4.9400e-01    1.3923e+02   -8.8709e-01    1.0234e+00
 4.9500e-01    1.3923e+02   -8.8720e-01    1.0235e+00
 4.9600e-01    1.3923e+02   -8.8733e-01    1.0236e+00
 4.9700e-01    1.3922e+02   -8.8750e-01    1.0237e+00
 4.9800e-01    1.3922e+02   -8.8769e-01    1.0239e+00
 4.9900e-01    1.3921e+02   -8.8791e-01    1.0241e+00
 5.0000e-01    1.3920e+02   -8.8812e-01    1.0242e+00
 5.0100e-01    1.3919e+02   -8.8831e-01    1.0244e+00
 5.0200e-01    1.3919e+02   -8.8850e-01    1.0245e+00
 5.0300e-01    1.3918e+02   -8.8867e-01    1.0247e+00
 5.0400e-01    1.3917e+02   -8.8885e-01    1.0248e+00
 5.0500e-01    1.3916e+02   -8.8902e-01    1.0249e+00
 5.0600e-01    1.3916e+02   -8.8921e-01    1.0251e+00
 5.0700e-01    1.3915e+02   -8.8940e-01    1.0252e+00
 5.0800e-01    1.3914e+02   -8.8961e-01    1.0254e+00
 5.0900e-01    1.3913e+02   -8.8983e-01    1.0256e+00
 5.1000e-01    1.3912e+02   -8.9006e-01    1.0258e+00
 5.1100e-01    1.3911e+02   -8.9029e-01    1.0260e+00
 5.1200e-01    1.3911e+02   -8.9052e-01    1.0261e+00
 5.1300e-01    1.3910e+02   -8.9072e-01    1.0263e+00
 5.1400e-01    1.3909e+02   -8.9090e-01    1.0264e+00
 5.1500e-01    1.3909e+02   -8.9106e-01    1.0266e+00
 5.1600e-01    1.3908e+02   -8.9118e-01    1.0267e+00
 5.1700e-01    1.3908e+02   -8.9128e-01    1.0267e+00
 5.1800e-01    1.3907e+02   -8.9135e-01    1.0268e+00
 5.1900e-01    1.3907e+02   -8.9138e-01    1.0268e+00
 5.2000e-01    1.3907e+02   -8.9139e-01    1.0268e+00
 5.2100e-01    1.3907e+02   -8.9137e-01    1.0267e+00
 5.2200e-01    1.3907e+02   -8.9136e-01    1.0267e+00
 5.2300e-01    1.3907e+02   -8.9136e-01    1.0267e+00
 5.2400e-01    1.3907e+02   -8.9136e-01    1.0267e+00
 5.2500e-01    1.3907e+02   -8.9136e-01    1.0267e+00
 5.2600e-01    1.3907e+02   -8.9134e-01    1.0266e+00
 5.2700e-01    1.3907e+02   -8.9133e-01    1.0266e+00
 5.2800e-01    1.3907e+02   -8.9130e-01    1.0266e+00
 5.2900e-01    1.3907e+02   -8.9127e-01    1.0265e+00
 5.3000e-01    1.3907e+02   -8.9122e-01    1.0265e+00
 5.3100e-01    1.3907e+02   -8.9116e-01    1.0264e+00
 5.3200e-01    1.3908e+02   -8.9110e-01    1.0263e+00
 5.3300e-01    1.3908e+02   -8.9101e-01    1.0263e+00
 5.3400e-01    1.3908e+02   -8.9092e-01    1.0262e+00
 5.3500e-01    1.3909e+02   -8.9081e-01    1.0261e+00
 5.3600e-01    1.3910e+02   -8.9068e-01    1.0259e+00
 5.3700e-01    1.3910e+02   -8.9054e-01    1.0258e+00
 5.3800e-01    1.3911e+02   -8.9037e-01    1.0256e+00
 5.3900e-01    1.3912e+02   -8.9018e-01    1.0255e+00
 5.4000e-01    1.3913e+02   -8.8996e-01    1.0253e+00
 5.4100e-01    1.3914e+02   -8.8971e-01    1.0250e+00
 5.4200e-01    1.3915e+02   -8.8945e-01    1.0248e+00
 5.4300e-01    1.3916e+02   -8.8918e-01    1.0245e+00
 5.4400e-01    1.3918e+02   -8.8890e-01    1.0243e+00
 5.4500e-01    1.3919e+02   -8.8862e-01    1.0240e+00
 5.4600e-01    1.3920e+02   -8.8834e-01    1.0238e+00
 5.4700e-01    1.3921e+02   -8.8807e-01    1.0235e+00
 5.4800e-01    1.3922e+02   -8.8781e-01    1.0233e+00
 5.4900e-01    1.3923e+02   -8.8757e-01    1.0231e+00
 5.5000e-01    1.3925e+02   -8.8731e-01    1.0228e+00
 5.5100e-01    1.3926e+02   -8.8706e-01    1.0226e+00
 5.5200e-01    1.3927e+02   -8.8683e-01    1.0224e+00
 5.5300e-01    1.3927e+02   -8.8661e-01    1.0222e+00
 5.5400e-01    1.3928e+02   -8.8643e-01    1.0220e+00
 5.5500e-01    1.3929e+02   -8.8626e-01    1.0219e+00
 5.5600e-01    1.3929e+02   -8.8612e-01    1.0217e+00
 5.5700e-01    1.3930e+02   -8.8600e-01    1.0216e+00
 5.5800e-01    1.3930e+02   -8.8588e-01    1.0215e+00
 5.5900e-01    1.3931e+02   -8.8576e-01    1.0214e+00
 5.6000e-01    1.3931e+02   -8.8566e-01    1.0213e+00
 5.6100e-01    1.3932e+02   -8.8556e-01    1.0212e+00
 5.6200e-01    1.3932e+02   -8.8548e-01    1.0211e+00
 5.6300e-01    1.3932e+02   -8.8541e-01    1.0210e+00
 5.6400e-01    1.3933e+02   -8.8538e-01    1.0210e+00
 5.6500e-01    1.3933e+02   -8.8537e-01    1.0209e+00
 5.6600e-01    1.3933e+02   -8.8535e-01    1.0209e+00
 5.6700e-01    1.3933e+02   -8.8534e-01    1.0209e+00
 5.6800e-01    1.3933e+02   -8.8534e-01    1.0209e+00
 5.6900e-01    1.3933e+02   -8.8535e-01    1.0209e+00
 5.7000e-01    1.3933e+02   -8.8536e-01    1.0209e+00
 5.7100e-01    1.3933e+02   -8.8540e-01    1.0209e+00
 5.7200e-01    1.3933e+02   -8.8546e-01    1.0209e+00
 5.7300e-01    1.3932e+02   -8.8555e-01    1.0210e+00
 5.7400e-01    1.3932e+02   -8.8566e-01    1.0211e+00
 5.7500e-01    1.3931e+02   -8.8578e-01    1.0212e+00
 5.7600e-01    1.3931e+02   -8.8591e-01    1.0213e+00
 5.7700e-01    1.3931e+02   -8.8604e-01    1.0214e+00
 5.7800e-01    1.3930e+02   -8.8618e-01    1.0215e+00
 5.7900e-01    1.3929e+02   -8.8631e-01    1.0216e+00
 5.8000e-01    1.3929e+02   -8.8645e-01    1.0217e+00
 5.8100e-01    1.3928e+02   -8.8659e-01    1.0218e+00
 5.8200e-01    1.3928e+02   -8.8672e-01    1.0219e+00
 5.8300e-01    1.3927e+02   -8.8684e-01    1.0220e+00
 5.8400e-01    1.3927e+02   -8.8695e-01    1.0221e+00
 5.8500e-01    1.3927e+02   -8.8704e-01    1.0221e+00
 5.8600e-01    1.3926e+02   -8.8712e-01    1.0222e+00
 5.8700e-01    1.3926e+02   -8.8716e-01    1.0222e+00
 5.8800e-01    1.3926e+02   -8.8716e-01    1.0222e+00
 5.8900e-01    1.3926e+02   -8.8714e-01    1.0222e+00
 5.9000e-01    1.3927e+02   -8.8709e-01    1.0221e+00
 5.9100e-01    1.3927e+02   -8.8702e-01    1.0220e+00
 5.9200e-01    1.3927e+02   -8.8694e-01    1.0219e+00
 5.9300e-01    1.3927e+02   -8.8685e-01    1.0219e+00
 5.9400e-01    1.3928e+02   -8.8674e-01    1.0217e+00
 5.9500e-01    1.3928e+02   -8.8663e-01    1.0216e+00
 5.9600e-01    1.3929e+02   -8.8652e-01    1.0215e+00
 5.9700e-01    1.3929e+02   -8.8641e-01    1.0214e+00
 5.9800e-01    1.3930e+02   -8.8631e-01    1.0213e+00
 5.9900e-01    1.3930e+02   -8.8623e-01    1.0212e+00
 6.0000e-01    1.3931e+02   -8.8615e-01    1.0212e+00
 6.0100e-01    1.3931e+02   -8.8609e-01    1.0211e+00
 6.0200e-01    1.3931e+02   -8.8605e-01    1.0211e+00
 6.0300e-01    1.3932e+02   -8.8601e-01    1.0210e+00
 6.0400e-01    1.3932e+02   -8.8598e-01    1.0210e+00
 6.0500e-01    1.3932e+02   -8.8595e-01    1.0209e+00
 6.0600e-01    1.3933e+02   -8.8589e-01    1.0209e+00
 6.0700e-01    1.3933e+02   -8.8580e-01    1.0208e+00
 6.0800e-01    1.3934e+02   -8.8571e-01    1.0207e+00
 6.0900e-01    1.3935e+02   -8.8563e-01    1.0206e+00
 6.1000e-01    1.3935e+02   -8.8554e-01    1.0205e+00
 6.1100e-01    1.3936e+02   -8.8544e-01    1.0204e+00
 6.1200e-01    1.3936e+02   -8.8532e-01    1.0203e+00
 6.1300e-01    1.3937e+02   -8.8520e-01    1.0202e+00
 6.1400e-01    1.3937e+02   -8.8506e-01    1.0201e+00
 6.1500e-01    1.3938e+02   -8.8492e-01    1.0199e+00
 6.1600e-01    1.3939e+02   -8.8476e-01    1.0198e+00
 6.1700e-01    1.3939e+02   -8.8461e-01    1.0197e+00
 6.1800e-01    1.3940e+02   -8.8447e-01    1.0195e+00
 6.1900e-01    1.3940e+02   -8.8433e-01    1.0194e+00
 6.2000e-01    1.3941e+02   -8.8420e-01    1.0193e+00
 6.2100e-01    1.3942e+02   -8.8408e-01    1.0192e+00
 6.2200e-01    1.3942e+02   -8.8398e-01    1.0191e+00
 6.2300e-01    1.3943e+02   -8.8388e-01    1.0190e+00
 6.2400e-01    1.3943e+02   -8.8378e-01    1.0188e+00
 6.2500e-01    1.3944e+02   -8.8367e-01    1.0187e+00
 6.2600e-01    1.3944e+02   -8.8357e-01    1.0187e+00
 6.2700e-01    1.3945e+02   -8.8347e-01    1.0186e+00
 6.2800e-01    1.3945e+02   -8.8336e-01    1.0184e+00
 6.2900e-01    1.3946e+02   -8.8323e-01    1.0183e+00
 6.3000e-01    1.3946e+02   -8.8310e-01    1.0182e+00
 6.3100e-01    1.3947e+02   -8.8297e-01    1.0181e+00
 6.3200e-01    1.3947e+02   -8.8283e-01    1.0180e+00
 6.3300e-01    1.3948e+02   -8.8270e-01    1.0178e+00
 6.3400e-01    1.3948e+02   -8.8257e-01    1.0177e+00
 6.3500e-01    1.3949e+02   -8.8246e-01    1.0176e+00
 6.3600e-01    1.3949e+02   -8.8237e-01    1.0175e+00
 6.3700e-01    1.3950e+02   -8.8230e-01    1.0174e+00
 6.3800e-01    1.3950e+02   -8.8225e-01    1.0174e+00
 6.3900e-01    1.3950e+02   -8.8221e-01    1.0173e+00
 6.4000e-01    1.3950e+02   -8.8217e-01    1.0173e+00
 6.4100e-01    1.3951e+02   -8.8214e-01    1.0173e+00
 6.4200e-01    1.3951e+02   -8.8211e-01    1.0172e+00
 6.4300e-01    1.3951e+02   -8.8207e-01    1.0172e+00
 6.4400e-01    1.3951e+02   -8.8201e-01    1.0171e+00
 6.4500e-01    1.3952e+02   -8.8193e-01    1.0170e+00
 6.4600e-01    1.3952e+02   -8.8183e-01    1.0169e+00
 6.4700e-01    1.3953e+02   -8.8170e-01    1.0168e+00
 6.4800e-01    1.3953e+02   -8.8155e-01    1.0167e+00
 6.4900e-01    1.3954e+02   -8.8138e-01    1.0165e+00
 6.5000e-01    1.3955e+02   -8.8120e-01    1.0164e+00
 6.5100e-01    1.3956e+02   -8.8102e-01    1.0162e+00
 6.5200e-01    1.3957e+02   -8.8081e-01    1.0160e+00
 6.5300e-01    1.3957e+02   -8.8060e-01    1.0158e+00
 6.5400e-01    1.3958e+02   -8.8036e-01    1.0156e+00
 6.5500e-01    1.3959e+02   -8.8013e-01    1.0154e+00
 6.5600e-01    1.3960e+02   -8.7988e-01    1.0152e+00
 6.5700e-01    1.3962e+02   -8.7961e-01    1.0149e+00
 6.5800e-01    1.3963e+02   -8.7935e-01    1.0147e+00
 6.5900e-01    1.3964e+02   -8.7906e-01    1.0144e+00
 6.6000e-01    1.3965e+02   -8.7876e-01    1.0141e+00
 6.6100e-01    1.3967e+02   -8.7847e-01    1.0139e+00
 6.6200e-01    1.3968e+02   -8.7817e-01    1.0136e+00
 6.6300e-01    1.3969e+02   -8.7787e-01    1.0133e+00
 6.6400e-01    1.3970e+02   -8.7758e-01    1.0131e+00
 6.6500e-01    1.3971e+02   -8.7729e-01    1.0128e+00
 6.6600e-01    1.3972e+02   -8.7702e-01    1.0126e+00
 6.6700e-01    1.3974e+02   -8.7677e-01    1.0123e+00
 6.6800e-01    1.3975e+02   -8.7653e-01    1.0121e+00
 6.6900e-01    1.3975e+02   -8.7632e-01    1.0119e+00
 6.7000e-01    1.3976e+02   -8.7614e-01    1.0118e+00
 6.7100e-01    1.3977e+02   -8.7598e-01    1.0116e+00
 6.7200e-01    1.3978e+02   -8.7582e-01    1.0114e+00
 6.7300e-01    1.3978e+02   -8.7569e-01    1.0113e+00
 6.7400e-01    1.3979e+02   -8.7559e-01    1.0112e+00
 6.7500e-01    1.3979e+02   -8.7552e-01    1.0112e+00
 6.7600e-01    1.3980e+02   -8.7547e-01    1.0111e+00
 6.7700e-01    1.3980e+02   -8.7542e-01    1.0111e+00
 6.7800e-01    1.3980e+02   -8.7539e-01    1.0110e+00
 6.7900e-01    1.3980e+02   -8.7537e-01    1.0110e+00
 6.8000e-01    1.3980e+02   -8.7538e-01    1.0110e+00
 6.8100e-01    1.3980e+02   -8.7541e-01    1.0110e+00
 6.8200e-01    1.3980e+02   -8.7546e-01    1.0110e+00
 6.8300e-01    1.3980e+02   -8.7553e-01    1.0111e+00
 6.8400e-01    1.3979e+02   -8.7562e-01    1.0111e+00
 6.8500e-01    1.3979e+02   -8.7574e-01    1.0112e+00
 6.8600e-01    1.3978e+02   -8.7588e-01    1.0113e+00
 6.8700e-01    1.3978e+02   -8.7604e-01    1.0115e+00
 6.8800e-01    1.3977e+02   -8.7623e-01    1.0116e+00
 6.8900e-01    1.3976e+02   -8.7647e-01    1.0118e+00
 6.9000e-01    1.3975e+02   -8.7672e-01    1.0120e+00
 6.9100e-01    1.3974e+02   -8.7701e-01    1.0123e+00
 6.9200e-01    1.3973e+02   -8.7732e-01    1.0125e+00
 6.9300e-01    1.3972e+02   -8.7762e-01    1.0128e+00
 6.9400e-01    1.3971e+02   -8.7793e-01    1.0130e+00
 6.9500e-01    1.3969e+02   -8.7823e-01    1.0133e+00
 6.9600e-01    1.3968e+02   -8.7851e-01    1.0135e+00
 6.9700e-01    1.3967e+02   -8.7878e-01    1.0138e+00
 6.9800e-01    1.3966e+02   -8.7903e-01    1.0140e+00
 6.9900e-01    1.3965e+02   -8.7926e-01    1.0142e+00
 7.0000e-01    1.3965e+02   -8.7947e-01    1.0143e+00
 7.0100e-01    1.3964e+02   -8.7965e-01    1.0145e+00
 7.0200e-01    1.3963e+02   -8.7982e-01    1.0146e+00
 7.0300e-01    1.3963e+02   -8.7998e-01    1.0147e+00
 7.0400e-01    1.3962e+02   -8.8013e-01    1.0148e+00
 7.0500e-01    1.3961e+02   -8.8028e-01    1.0150e+00
 7.0600e-01    1.3961e+02   -8.8043e-01    1.0151e+00
 7.0700e-01    1.3960e+02   -8.8058e-01    1.0152e+00
 7.0800e-01    1.3960e+02   -8.8070e-01    1.0153e+00
 7.0900e-01    1.3959e+02   -8.8081e-01    1.0154e+00
 7.1000e-01    1.3959e+02   -8.8092e-01    1.0155e+00
 7.1100e-01    1.3958e+02   -8.8100e-01    1.0155e+00
 7.1200e-01    1.3958e+02   -8.8107e-01    1.0156e+00
 7.1300e-01    1.3958e+02   -8.8113e-01    1.0156e+00
 7.1400e-01    1.3958e+02   -8.8119e-01    1.0157e+00
 7.1500e-01    1.3958e+02   -8.8122e-01    1.0157e+00
 7.1600e-01    1.3958e+02   -8.8124e-01    1.0157e+00
 7.1700e-01    1.3958e+02   -8.8125e-01    1.0157e+00
 7.1800e-01    1.3958e+02   -8.8125e-01    1.0157e+00
 7.1900e-01    1.3958e+02   -8.8122e-01    1.0157e+00
 7.2000e-01    1.3959e+02   -8.8117e-01    1.0156e+00
 7.2100e-01    1.3959e+02   -8.8110e-01    1.0155e+00
 7.2200e-01    1.3959e+02   -8.8103e-01    1.0155e+00
 7.2300e-01    1.3960e+02   -8.8095e-01    1.0154e+00
 7.2400e-01    1.3960e+02   -8.8087e-01    1.0153e+00
 7.2500e-01    1.3961e+02   -8.8079e-01    1.0152e+00
 7.2600e-01    1.3961e+02   -8.8069e-01    1.0151e+00
 7.2700e-01    1.3962e+02   -8.8059e-01    1.0150e+00
 7.2800e-01    1.3962e+02   -8.8049e-01    1.0149e+00
 7.2900e-01    1.3963e+02   -8.8038e-01    1.0148e+00
 7.3000e-01    1.3963e+02   -8.8024e-01    1.0147e+00
 7.3100e-01    1.3964e+02   -8.8008e-01    1.0146e+00
 7.3200e-01    1.3965e+02   -8.7989e-01    1.0144e+00
 7.3300e-01    1.3966e+02   -8.7967e-01    1.0142e+00
 7.3400e-01    1.3967e+02   -8.7945e-01    1.0140e+00
 7.3500e-01    1.3967e+02   -8.7922e-01    1.0138e+00
 7.3600e-01    1.3968e+02   -8.7899e-01    1.0136e+00
 7.3700e-01    1.3969e+02   -8.7878e-01    1.0134e+00
 7.3800e-01    1.3970e+02   -8.7859e-01    1.0132e+00
 7.3900e-01    1.3971e+02   -8.7844e-01    1.0131e+00
 7.4000e-01    1.3971e+02   -8.7831e-01    1.0130e+00
 7.4100e-01    1.3972e+02   -8.7819e-01    1.0128e+00
 7.4200e-01    1.3972e+02   -8.7808e-01    1.0127e+00
 7.4300e-01    1.3973e+02   -8.7799e-01    1.0126e+00
 7.4400e-01    1.3973e+02   -8.7791e-01    1.0126e+00
 7.4500e-01    1.3974e+02   -8.7786e-01    1.0125e+00
 7.4600e-01    1.3974e+02   -8.7783e-01    1.0125e+00
 7.4700e-01    1.3974e+02   -8.7781e-01    1.0124e+00
 7.4800e-01    1.3975e+02   -8.7779e-01    1.0124e+00
 7.4900e-01    1.3975e+02   -8.7775e-01    1.0124e+00
 7.5000e-01    1.3975e+02   -8.7770e-01    1.0123e+00
 7.5100e-01    1.3976e+02   -8.7762e-01    1.0123e+00
 7.5200e-01    1.3976e+02   -8.7754e-01    1.0122e+00
 7.5300e-01    1.3976e+02   -8.7745e-01    1.0121e+00
 7.5400e-01    1.3977e+02   -8.7735e-01    1.0120e+00
 7.5500e-01    1.3978e+02   -8.7722e-01    1.0119e+00
 7.5600e-01    1.3978e+02   -8.7706e-01    1.0117e+00
 7.5700e-01    1.3979e+02   -8.7687e-01    1.0116e+00
 7.5800e-01    1.3980e+02   -8.7667e-01    1.0114e+00
 7.5900e-01    1.3980e+02   -8.7647e-01    1.0112e+00
 7.6000e-01    1.3981e+02   -8.7628e-01    1.0110e+00
 7.6100e-01    1.3982e+02   -8.7612e-01    1.0109e+00
 7.6200e-01    1.3982e+02   -8.7598e-01    1.0108e+00
 7.6300e-01    1.3983e+02   -8.7586e-01    1.0106e+00
 7.6400e-01    1.3983e+02   -8.7576e-01    1.0105e+00
 7.6500e-01    1.3983e+02   -8.7570e-01    1.0105e+00
 7.6600e-01    1.3983e+02   -8.7568e-01    1.0105e+00
 7.6700e-01    1.3983e+02   -8.7568e-01    1.0104e+00
 7.6800e-01    1.3983e+02   -8.7570e-01    1.0105e+00
 7.6900e-01    1.3983e+02   -8.7574e-01    1.0105e+00
 7.7000e-01    1.3983e+02   -8.7582e-01    1.0105e+00
 7.7100e-01    1.3983e+02   -8.7591e-01    1.0106e+00
 7.7200e-01    1.3982e+02   -8.7601e-01    1.0107e+00
 7.7300e-01    1.3982e+02   -8.7612e-01    1.0108e+00
 7.7400e-01    1.3981e+02   -8.7625e-01    1.0109e+00
 7.7500e-01    1.3981e+02   -8.7638e-01    1.0110e+00
 7.7600e-01    1.3980e+02   -8.7651e-01    1.0111e+00
 7.7700e-01    1.3979e+02   -8.7665e-01    1.0112e+00
 7.7800e-01    1.3979e+02   -8.7677e-01    1.0113e+00
 7.7900e-01    1.3978e+02   -8.7687e-01    1.0114e+00
 7.8000e-01    1.3978e+02   -8.7694e-01    1.0114e+00
 7.8100e-01    1.3978e+02   -8.7700e-01    1.0115e+00
 7.8200e-01    1.3977e+02   -8.7703e-01    1.0115e+00
 7.8300e-01    1.3977e+02   -8.7706e-01    1.0115e+00
 7.8400e-01    1.3977e+02   -8.7710e-01    1.0115e+00
 7.8500e-01    1.3977e+02   -8.7713e-01    1.0115e+00
 7.8600e-01    1.3977e+02   -8.7716e-01    1.0116e+00
 7.8700e-01    1.3977e+02   -8.7719e-01    1.0116e+00
 7.8800e-01    1.3977e+02   -8.7721e-01    1.0116e+00
 7.8900e-01    1.3977e+02   -8.7721e-01    1.0116e+00
 7.9000e-01    1.3977e+02   -8.7718e-01    1.0115e+00
 7.9100e-01    1.3978e+02   -8.7713e-01    1.0115e+00
 7.9200e-01    1.3978e+02   -8.7706e-01    1.0114e+00
 7.9300e-01    1.3978e+02   -8.7699e-01    1.0114e+00
 7.9400e-01    1.3979e+02   -8.7693e-01    1.0113e+00
 7.9500e-01    1.3979e+02   -8.7686e-01    1.0112e+00
 7.9600e-01    1.3979e+02   -8.7679e-01    1.0112e+00
 7.9700e-01    1.3980e+02   -8.7671e-01    1.0111e+00
 7.9800e-01    1.3980e+02   -8.7661e-01    1.0110e+00
 7.9900e-01    1.3980e+02   -8.7652e-01    1.0109e+00
 8.0000e-01    1.3981e+02   -8.7642e-01    1.0108e+00
 8.0100e-01    1.3981e+02   -8.7634e-01    1.0107e+00
 8.0200e-01    1.3981e+02   -8.7626e-01    1.0107e+00
 8.0300e-01    1.3982e+02   -8.7618e-01    1.0106e+00
 8.0400e-01    1.3982e+02   -8.7610e-01    1.0105e+00
 8.0500e-01    1.3982e+02   -8.7604e-01    1.0104e+00
 8.0600e-01    1.3982e+02   -8.7598e-01    1.0104e+00
 8.0700e-01    1.3983e+02   -8.7592e-01    1.0103e+00
 8.0800e-01    1.3983e+02   -8.7587e-01    1.0103e+00
 8.0900e-01    1.3983e+02   -8.7583e-01    1.0102e+00
 8.1000e-01    1.3983e+02   -8.7580e-01    1.0102e+00
 8.1100e-01    1.3983e+02   -8.7578e-01    1.0102e+00
 8.1200e-01    1.3983e+02   -8.7578e-01    1.0102e+00
 8.1300e-01    1.3983e+02   -8.7577e-01    1.0102e+00
 8.1400e-01    1.3983e+02   -8.7576e-01    1.0101e+00
 8.1500e-01    1.3983e+02   -8.7577e-01    1.0101e+00
 8.1600e-01    1.3983e+02   -8.7581e-01    1.0102e+00
 8.1700e-01    1.3982e+02   -8.7588e-01    1.0102e+00
 8.1800e-01    1.3982e+02   -8.7596e-01    1.0103e+00
 8.1900e-01    1.3982e+02   -8.7604e-01    1.0103e+00
 8.2000e-01    1.3982e+02   -8.7612e-01    1.0104e+00
 8.2100e-01    1.3982e+02   -8.7618e-01    1.0105e+00
 8.2200e-01    1.3982e+02   -8.7624e-01    1.0105e+00
 8.2300e-01    1.3981e+02   -8.7629e-01    1.0105e+00
 8.2400e-01    1.3981e+02   -8.7632e-01    1.0105e+00
 8.2500e-01    1.3981e+02   -8.7631e-01    1.0105e+00
 8.2600e-01    1.3982e+02   -8.7628e-01    1.0105e+00
 8.2700e-01    1.3982e+02   -8.7622e-01    1.0104e+00
 8.2800e-01    1.3982e+02   -8.7615e-01    1.0104e+00
 8.2900e-01    1.3983e+02   -8.7607e-01    1.0103e+00
 8.3000e-01    1.3983e+02   -8.7598e-01    1.0102e+00
 8.3100e-01    1.3983e+02   -8.7589e-01    1.0101e+00
 8.3200e-01    1.3984e+02   -8.7580e-01    1.0100e+00
 8.3300e-01    1.3984e+02   -8.7570e-01    1.0099e+00
 8.3400e-01    1.3985e+02   -8.7557e-01    1.0098e+00
 8.3500e-01    1.3985e+02   -8.7543e-01    1.0097e+00
 8.3600e-01    1.3986e+02   -8.7529e-01    1.0096e+00
 8.3700e-01    1.3986e+02   -8.7515e-01    1.0094e+00
 8.3800e-01    1.3987e+02   -8.7502e-01    1.0093e+00
 8.3900e-01    1.3987e+02   -8.7489e-01    1.0092e+00
 8.4000e-01    1.3988e+02   -8.7477e-01    1.0091e+00
 8.4100e-01    1.3988e+02   -8.7464e-01    1.0090e+00
 8.4200e-01    1.3989e+02   -8.7453e-01    1.0089e+00
 8.4300e-01    1.3990e+02   -8.7441e-01    1.0088e+00
 8.4400e-01    1.3990e+02   -8.7429e-01    1.0086e+00
 8.4500e-01    1.3991e+02   -8.7414e-01    1.0085e+00
 8.4600e-01    1.3992e+02   -8.7396e-01    1.0083e+00
 8.4700e-01    1.3993e+02   -8.7375e-01    1.0081e+00
 8.4800e-01    1.3994e+02   -8.7350e-01    1.0079e+00
 8.4900e-01    1.3995e+02   -8.7324e-01    1.0077e+00
 8.5000e-01    1.3996e+02   -8.7297e-01    1.0075e+00
 8.5100e-01    1.3997e+02   -8.7272e-01    1.0072e+00
 8.5200e-01    1.3998e+02   -8.7248e-01    1.0070e+00
 8.5300e-01    1.3999e+02   -8.7228e-01    1.0068e+00
 8.5400e-01    1.3999e+02   -8.7209e-01    1.0067e+00
 8.5500e-01    1.4000e+02   -8.7192e-01    1.0065e+00
 8.5600e-01    1.4001e+02   -8.7177e-01    1.0064e+00
 8.5700e-01    1.4001e+02   -8.7165e-01    1.0063e+00
 8.5800e-01    1.4002e+02   -8.7156e-01    1.0062e+00
 8.5900e-01    1.4002e+02   -8.7150e-01    1.0061e+00
 8.6000e-01    1.4002e+02   -8.7147e-01    1.0061e+00
 8.6100e-01    1.4002e+02   -8.7147e-01    1.0061e+00
 8.6200e-01    1.4002e+02   -8.7152e-01    1.0061e+00
 8.6300e-01    1.4002e+02   -8.7159e-01    1.0062e+00
 8.6400e-01    1.4001e+02   -8.7170e-01    1.0063e+00
 8.6500e-01    1.4001e+02   -8.7183e-01    1.0064e+00
 8.6600e-01    1.4000e+02   -8.7199e-01    1.0065e+00
 8.6700e-01    1.3999e+02   -8.7218e-01    1.0067e+00
 8.6800e-01    1.3999e+02   -8.7239e-01    1.0069e+00
 8.6900e-01    1.3998e+02   -8.7262e-01    1.0071e+00
 8.7000e-01    1.3997e+02   -8.7287e-01    1.0073e+00
 8.7100e-01    1.3996e+02   -8.7311e-01    1.0075e+00
 8.7200e-01    1.3995e+02   -8.7335e-01    1.0077e+00
 8.7300e-01    1.3994e+02   -8.7357e-01    1.0079e+00
 8.7400e-01    1.3993e+02   -8.7379e-01    1.0080e+00
 8.7500e-01    1.3992e+02   -8.7401e-01    1.0082e+00
 8.7600e-01    1.3991e+02   -8.7423e-01    1.0084e+00
 8.7700e-01    1.3990e+02   -8.7444e-01    1.0086e+00
 8.7800e-01    1.3989e+02   -8.7466e-01    1.0088e+00
 8.7900e-01    1.3989e+02   -8.7487e-01    1.0089e+00
 8.8000e-01    1.3988e+02   -8.7509e-01    1.0091e+00
 8.8100e-01    1.3987e+02   -8.7531e-01    1.0093e+00
 8.8200e-01    1.3986e+02   -8.7550e-01    1.0095e+00
 8.8300e-01    1.3985e+02   -8.7568e-01    1.0096e+00
 8.8400e-01    1.3985e+02   -8.7583e-01    1.0097e+00
 8.8500e-01    1.3984e+02   -8.7594e-01    1.0098e+00
 8.8600e-01    1.3984e+02   -8.7600e-01    1.0099e+00
 8.8700e-01    1.3984e+02   -8.7603e-01    1.0099e+00
 8.8800e-01    1.3984e+02   -8.7602e-01    1.0099e+00
 8.8900e-01    1.3984e+02   -8.7598e-01    1.0098e+00
 8.9000e-01    1.3984e+02   -8.7588e-01    1.0098e+00
 8.9100e-01    1.3985e+02   -8.7575e-01    1.0096e+00
 8.9200e-01    1.3985e+02   -8.7559e-01    1.0095e+00
 8.9300e-01    1.3986e+02   -8.7542e-01    1.0093e+00
 8.9400e-01    1.3987e+02   -8.7524e-01    1.0092e+00
 8.9500e-01    1.3988e+02   -8.7504e-01    1.0090e+00
 8.9600e-01    1.3988e+02   -8.7484e-01    1.0088e+00
 8.9700e-01    1.3989e+02   -8.7463e-01    1.0086e+00
 8.9800e-01    1.3990e+02   -8.7444e-01    1.0084e+00
 8.9900e-01    1.3990e+02   -8.7426e-01    1.0083e+00
 9.0000e-01    1.3991e+02   -8.7408e-01    1.0081e+00
 9.0100e-01    1.3992e+02   -8.7390e-01    1.0080e+00
 9.0200e-01    1.3993e+02   -8.7372e-01    1.0078e+00
 9.0300e-01    1.3993e+02   -8.7356e-01    1.0077e+00
 9.0400e-01    1.3994e+02   -8.7340e-01    1.0075e+00
 9.0500e-01    1.3995e+02   -8.7325e-01    1.0074e+00
 9.0600e-01    1.3995e+02   -8.7310e-01    1.0072e+00
 9.0700e-01    1.3996e+02   -8.7295e-01    1.0071e+00
 9.0800e-01    1.3997e+02   -8.7278e-01    1.0069e+00
 9.0900e-01    1.3997e+02   -8.7264e-01    1.0068e+00
 9.1000e-01    1.3998e+02   -8.7250e-01    1.0067e+00
 9.1100e-01    1.3999e+02   -8.7236e-01    1.0066e+00
 9.1200e-01    1.3999e+02   -8.7221e-01    1.0064e+00
 9.1300e-01    1.4000e+02   -8.7205e-01    1.0063e+00
 9.1400e-01    1.4000e+02   -8.7192e-01    1.0062e+00
 9.1500e-01    1.4001e+02   -8.7179e-01    1.0060e+00
 9.1600e-01    1.4001e+02   -8.7167e-01    1.0059e+00
 9.1700e-01    1.4002e+02   -8.7156e-01    1.0058e+00
 9.1800e-01    1.4002e+02   -8.7147e-01    1.0057e+00
 9.1900e-01    1.4002e+02   -8.7142e-01    1.0057e+00
 9.2000e-01    1.4003e+02   -8.7140e-01    1.0057e+00
 9.2100e-01    1.4003e+02   -8.7141e-01    1.0057e+00
 9.2200e-01    1.4002e+02   -8.7145e-01    1.0057e+00
 9.2300e-01    1.4002e+02   -8.7151e-01    1.0058e+00
 9.2400e-01    1.4002e+02   -8.7161e-01    1.0058e+00
 9.2500e-01    1.4001e+02   -8.7172e-01    1.0059e+00
 9.2600e-01    1.4001e+02   -8.7184e-01    1.0060e+00
 9.2700e-01    1.4001e+02   -8.7197e-01    1.0061e+00
 9.2800e-01    1.4000e+02   -8.7211e-01    1.0062e+00
 9.2900e-01    1.3999e+02   -8.7226e-01    1.0064e+00
 9.3000e-01    1.3999e+02   -8.7240e-01    1.0065e+00
 9.3100e-01    1.3998e+02   -8.7254e-01    1.0066e+00
 9.3200e-01    1.3998e+02   -8.7267e-01    1.0067e+00
 9.3300e-01    1.3997e+02   -8.7281e-01    1.0068e+00
 9.3400e-01    1.3997e+02   -8.7295e-01    1.0069e+00
 9.3500e-01    1.3997e+02   -8.7309e-01    1.0070e+00
 9.3600e-01    1.3996e+02   -8.7320e-01    1.0071e+00
 9.3700e-01    1.3996e+02   -8.7330e-01    1.0072e+00
 9.3800e-01    1.3996e+02   -8.7337e-01    1.0073e+00
 9.3900e-01    1.3996e+02   -8.7341e-01    1.0073e+00
 9.4000e-01    1.3996e+02   -8.7341e-01    1.0073e+00
 9.4100e-01    1.3996e+02   -8.7338e-01    1.0073e+00
 9.4200e-01    1.3997e+02   -8.7331e-01    1.0072e+00
 9.4300e-01    1.3997e+02   -8.7320e-01    1.0071e+00
 9.4400e-01    1.3998e+02   -8.7306e-01    1.0070e+00
 9.4500e-01    1.3999e+02   -8.7291e-01    1.0068e+00
 9.4600e-01    1.3999e+02   -8.7273e-01    1.0067e+00
 9.4700e-01    1.4000e+02   -8.7253e-01    1.0065e+00
 9.4800e-01    1.4001e+02   -8.7231e-01    1.0063e+00
 9.4900e-01    1.4002e+02   -8.7207e-01    1.0061e+00
 9.5000e-01    1.4003e+02   -8.7183e-01    1.0059e+00
 9.5100e-01    1.4004e+02   -8.7158e-01    1.0057e+00
 9.5200e-01    1.4005e+02   -8.7135e-01    1.0055e+00
 9.5300e-01    1.4006e+02   -8.7115e-01    1.0053e+00
 9.5400e-01    1.4007e+02   -8.7096e-01    1.0051e+00
 9.5500e-01    1.4007e+02   -8.7081e-01    1.0050e+00
 9.5600e-01    1.4008e+02   -8.7069e-01    1.0049e+00
 9.5700e-01    1.4008e+02   -8.7062e-01    1.0048e+00
 9.5800e-01    1.4008e+02   -8.7061e-01    1.0048e+00
 9.5900e-01    1.4008e+02   -8.7063e-01    1.0048e+00
 9.6000e-01    1.4008e+02   -8.7071e-01    1.0049e+00
 9.6100e-01    1.4007e+02   -8.7082e-01    1.0050e+00
 9.6200e-01    1.4007e+02   -8.7095e-01    1.0051e+00
 9.6300e-01    1.4006e+02   -8.7110e-01    1.0052e+00
 9.6400e-01    1.4006e+02   -8.7127e-01    1.0053e+00
 9.6500e-01    1.4005e+02   -8.7145e-01    1.0055e+00
 9.6600e-01    1.4004e+02   -8.7165e-01    1.0057e+00
 9.6700e-01    1.4003e+02   -8.7184e-01    1.0058e+00
 9.6800e-01    1.4003e+02   -8.7201e-01    1.0060e+00
 9.6900e-01    1.4002e+02   -8.7217e-01    1.0061e+00
 9.7000e-01    1.4002e+02   -8.7231e-01    1.0062e+00
 9.7100e-01    1.4001e+02   -8.7242e-01    1.0063e+00
 9.7200e-01    1.4001e+02   -8.7253e-01    1.0064e+00
 9.7300e-01    1.4000e+02   -8.7263e-01    1.0065e+00
 9.7400e-01    1.4000e+02   -8.7272e-01    1.0066e+00
 9.7500e-01    1.4000e+02   -8.7280e-01    1.0066e+00
 9.7600e-01    1.4000e+02   -8.7286e-01    1.0067e+00
 9.7700e-01    1.4000e+02   -8.7288e-01    1.0067e+00
 9.7800e-01    1.4000e+02   -8.7287e-01    1.0067e+00
 9.7900e-01    1.4000e+02   -8.7282e-01    1.0066e+00
 9.8000e-01    1.4001e+02   -8.7274e-01    1.0065e+00
 9.8100e-01    1.4001e+02   -8.7262e-01    1.0064e+00
 9.8200e-01    1.4002e+02   -8.7248e-01    1.0063e+00
 9.8300e-01    1.4002e+02   -8.7232e-01    1.0062e+00
 9.8400e-01    1.4003e+02   -8.7215e-01    1.0060e+00
 9.8500e-01    1.4004e+02   -8.7195e-01    1.0058e+00
 9.8600e-01    1.4005e+02   -8.7174e-01    1.0057e+00
 9.8700e-01    1.4006e+02   -8.7153e-01    1.0055e+00
 9.8800e-01    1.4006e+02   -8.7133e-01    1.0053e+00
 9.8900e-01    1.4007e+02   -8.7113e-01    1.0051e+00
 9.9000e-01    1.4008e+02   -8.7093e-01    1.0049e+00
 9.9100e-01    1.4009e+02   -8.7075e-01    1.0048e+00
 9.9200e-01    1.4009e+02   -8.7057e-01    1.0046e+00
 9.9300e-01    1.4010e+02   -8.7039e-01    1.0045e+00
 9.9400e-01    1.4011e+02   -8.7023e-01    1.0043e+00
 9.9500e-01    1.4011e+02   -8.7008e-01    1.0042e+00
 9.9600e-01    1.4012e+02   -8.6994e-01    1.0041e+00
 9.9700e-01    1.4012e+02   -8.6981e-01    1.0039e+00
 9.9800e-01    1.4013e+02   -8.6970e-01    1.0038e+00
 9.9900e-01    1.4013e+02   -8.6959e-01    1.0037e+00
 1.0000e+00    1.4014e+02   -8.6948e-01    1.0036e+00
 1.0010e+00    1.4014e+02   -8.6937e-01    1.0035e+00
 1.0020e+00    1.4015e+02   -8.6926e-01    1.0034e+00
 1.0030e+00    1.4015e+02   -8.6915e-01    1.0033e+00
 1.0040e+00    1.4015e+02   -8.6904e-01    1.0032e+00
 1.0050e+00    1.4016e+02   -8.6894e-01    1.0031e+00
 1.0060e+00    1.4016e+02   -8.6887e-01    1.0031e+00
 1.0070e+00    1.4016e+02   -8.6880e-01    1.0030e+00
 1.0080e+00    1.4017e+02   -8.6876e-01    1.0030e+00
 1.0090e+00    1.4017e+02   -8.6873e-01    1.0030e+00
 1.0100e+00    1.4017e+02   -8.6873e-01    1.0030e+00
 1.0110e+00    1.4017e+02   -8.6876e-01    1.0030e+00
 1.0120e+00    1.4016e+02   -8.6882e-01    1.0030e+00
 1.0130e+00    1.4016e+02   -8.6891e-01    1.0031e+00
 1.0140e+00    1.4016e+02   -8.6900e-01    1.0032e+00
 1.0150e+00    1.4016e+02   -8.6910e-01    1.0033e+00
 1.0160e+00    1.4015e+02   -8.6921e-01    1.0033e+00
 1.0170e+00    1.4015e+02   -8.6934e-01    1.0034e+00
 1.0180e+00    1.4014e+02   -8.6948e-01    1.0036e+00
 1.0190e+00    1.4014e+02   -8.6964e-01    1.0037e+00
 1.0200e+00    1.4013e+02   -8.6983e-01    1.0039e+00
 1.0210e+00    1.4012e+02   -8.7004e-01    1.0040e+00
 1.0220e+00    1.4011e+02   -8.7025e-01    1.0042e+00
 1.0230e+00    1.4010e+02   -8.7047e-01    1.0044e+00
 1.0240e+00    1.4009e+02   -8.7069e-01    1.0046e+00
 1.0250e+00    1.4009e+02   -8.7091e-01    1.0048e+00
 1.0260e+00    1.4008e+02   -8.7115e-01    1.0050e+00
 1.0270e+00    1.4007e+02   -8.7139e-01    1.0052e+00
 1.0280e+00    1.4006e+02   -8.7163e-01    1.0054e+00
 1.0290e+00    1.4005e+02   -8.7187e-01    1.0056e+00
 1.0300e+00    1.4004e+02   -8.7210e-01    1.0058e+00
 1.0310e+00    1.4003e+02   -8.7231e-01    1.0059e+00
 1.0320e+00    1.4003e+02   -8.7250e-01    1.0061e+00
 1.0330e+00    1.4002e+02   -8.7268e-01    1.0063e+00
 1.0340e+00    1.4001e+02   -8.7285e-01    1.0064e+00
 1.0350e+00    1.4001e+02   -8.7300e-01    1.0065e+00
 1.0360e+00    1.4000e+02   -8.7314e-01    1.0066e+00
 1.0370e+00    1.4000e+02   -8.7325e-01    1.0067e+00
 1.0380e+00    1.3999e+02   -8.7335e-01    1.0068e+00
 1.0390e+00    1.3999e+02   -8.7342e-01    1.0069e+00
 1.0400e+00    1.3999e+02   -8.7346e-01    1.0069e+00
 1.0410e+00    1.3999e+02   -8.7345e-01    1.0069e+00
 1.0420e+00    1.3999e+02   -8.7343e-01    1.0069e+00
 1.0430e+00    1.3999e+02   -8.7339e-01    1.0068e+00
 1.0440e+00    1.4000e+02   -8.7332e-01    1.0068e+00
 1.0450e+00    1.4000e+02   -8.7323e-01    1.0067e+00
 1.0460e+00    1.4000e+02   -8.7310e-01    1.0066e+00
 1.0470e+00    1.4001e+02   -8.7295e-01    1.0064e+00
 1.0480e+00    1.4002e+02   -8.7275e-01    1.0063e+00
 1.0490e+00    1.4003e+02   -8.7254e-01    1.0061e+00
 1.0500e+00    1.4003e+02   -8.7232e-01    1.0059e+00
 1.0510e+00    1.4004e+02   -8.7209e-01    1.0057e+00
 1.0520e+00    1.4005e+02   -8.7184e-01    1.0054e+00
 1.0530e+00    1.4006e+02   -8.7158e-01    1.0052e+00
 1.0540e+00    1.4007e+02   -8.7130e-01    1.0050e+00
 1.0550e+00    1.4008e+02   -8.7101e-01    1.0047e+00
 1.0560e+00    1.4010e+02   -8.7071e-01    1.0045e+00
 1.0570e+00    1.4011e+02   -8.7042e-01    1.0042e+00
 1.0580e+00    1.4012e+02   -8.7013e-01    1.0039e+00
 1.0590e+00    1.4013e+02   -8.6986e-01    1.0037e+00
 1.0600e+00    1.4014e+02   -8.6960e-01    1.0035e+00
 1.0610e+00    1.4015e+02   -8.6935e-01    1.0033e+00
 1.0620e+00    1.4016e+02   -8.6912e-01    1.0030e+00
 1.0630e+00    1.4017e+02   -8.6889e-01    1.0029e+00
 1.0640e+00    1.4018e+02   -8.6868e-01    1.0027e+00
 1.0650e+00    1.4019e+02   -8.6848e-01    1.0025e+00
 1.0660e+00    1.4020e+02   -8.6832e-01    1.0023e+00
 1.0670e+00    1.4020e+02   -8.6818e-01    1.0022e+00
 1.0680e+00    1.4021e+02   -8.6807e-01    1.0021e+00
 1.0690e+00    1.4021e+02   -8.6799e-01    1.0021e+00
 1.0700e+00    1.4021e+02   -8.6794e-01    1.0020e+00
 1.0710e+00    1.4022e+02   -8.6791e-01    1.0020e+00
 1.0720e+00    1.4022e+02   -8.6789e-01    1.0020e+00
 1.0730e+00    1.4022e+02   -8.6789e-01    1.0020e+00
 1.0740e+00    1.4022e+02   -8.6790e-01    1.0020e+00
 1.0750e+00    1.4022e+02   -8.6792e-01    1.0020e+00
 1.0760e+00    1.4022e+02   -8.6795e-01    1.0020e+00
 1.0770e+00    1.4022e+02   -8.6798e-01    1.0020e+00
 1.0780e+00    1.4022e+02   -8.6801e-01    1.0020e+00
 1.0790e+00    1.4022e+02   -8.6804e-01    1.0021e+00
 1.0800e+00    1.4022e+02   -8.6807e-01    1.0021e+00
 1.0810e+00    1.4022e+02   -8.6811e-01    1.0021e+00
 1.0820e+00    1.4022e+02   -8.6815e-01    1.0022e+00
 1.0830e+00    1.4022e+02   -8.6819e-01    1.0022e+00
 1.0840e+00    1.4022e+02   -8.6820e-01    1.0022e+00
 1.0850e+00    1.4022e+02   -8.6822e-01    1.0022e+00
 1.0860e+00    1.4021e+02   -8.6822e-01    1.0022e+00
 1.0870e+00    1.4021e+02   -8.6823e-01    1.0022e+00
 1.0880e+00    1.4021e+02   -8.6824e-01    1.0022e+00
 1.0890e+00    1.4021e+02   -8.6825e-01    1.0022e+00
 1.0900e+00    1.4021e+02   -8.6828e-01    1.0023e+00
 1.0910e+00    1.4021e+02   -8.6832e-01    1.0023e+00
 1.0920e+00    1.4020e+02   -8.6838e-01    1.0023e+00
 1.0930e+00    1.4020e+02   -8.6848e-01    1.0024e+00
 1.0940e+00    1.4020e+02   -8.6859e-01    1.0025e+00
 1.0950e+00    1.4019e+02   -8.6871e-01    1.0026e+00
 1.0960e+00    1.4019e+02   -8.6886e-01    1.0027e+00
 1.0970e+00    1.4018e+02   -8.6902e-01    1.0028e+00
 1.0980e+00    1.4017e+02   -8.6916e-01    1.0030e+00
 1.0990e+00    1.4017e+02   -8.6931e-01    1.0031e+00
 1.1000e+00    1.4016e+02   -8.6944e-01    1.0032e+00
 1.1010e+00    1.4016e+02   -8.6957e-01    1.0033e+00
 1.1020e+00    1.4015e+02   -8.6971e-01    1.0034e+00
 1.1030e+00    1.4015e+02   -8.6986e-01    1.0036e+00
 1.1040e+00    1.4014e+02   -8.7000e-01    1.0037e+00
 1.1050e+00    1.4014e+02   -8.7013e-01    1.0038e+00
 1.1060e+00    1.4013e+02   -8.7024e-01    1.0039e+00
 1.1070e+00    1.4013e+02   -8.7036e-01    1.0040e+00
 1.1080e+00    1.4012e+02   -8.7047e-01    1.0041e+00
 1.1090e+00    1.4012e+02   -8.7058e-01    1.0042e+00
 1.1100e+00    1.4011e+02   -8.7068e-01    1.0043e+00
 1.1110e+00    1.4011e+02   -8.7078e-01    1.0043e+00
 1.1120e+00    1.4011e+02   -8.7085e-01    1.0044e+00
 1.1130e+00    1.4010e+02   -8.7090e-01    1.0044e+00
 1.1140e+00    1.4010e+02   -8.7091e-01    1.0044e+00
 1.1150e+00    1.4010e+02   -8.7089e-01    1.0044e+00
 1.1160e+00    1.4010e+02   -8.7086e-01    1.0044e+00
 1.1170e+00    1.4011e+02   -8.7082e-01    1.0044e+00
 1.1180e+00    1.4011e+02   -8.7077e-01    1.0043e+00
 1.1190e+00    1.4011e+02   -8.7069e-01    1.0043e+00
 1.1200e+00    1.4011e+02   -8.7061e-01    1.0042e+00
 1.1210e+00    1.4012e+02   -8.7051e-01    1.0041e+00
 1.1220e+00    1.4012e+02   -8.7040e-01    1.0040e+00
 1.1230e+00    1.4013e+02   -8.7028e-01    1.0039e+00
 1.1240e+00    1.4013e+02   -8.7017e-01    1.0038e+00
 1.1250e+00    1.4014e+02   -8.7005e-01    1.0037e+00
 1.1260e+00    1.4014e+02   -8.6995e-01    1.0036e+00
 1.1270e+00    1.4014e+02   -8.6984e-01    1.0035e+00
 1.1280e+00    1.4015e+02   -8.6973e-01    1.0034e+00
 1.1290e+00    1.4015e+02   -8.6964e-01    1.0033e+00
 1.1300e+00    1.4016e+02   -8.6954e-01    1.0032e+00
 1.1310e+00    1.4016e+02   -8.6945e-01    1.0031e+00
 1.1320e+00    1.4017e+02   -8.6936e-01    1.0031e+00
 1.1330e+00    1.4017e+02   -8.6927e-01    1.0030e+00
 1.1340e+00    1.4018e+02   -8.6919e-01    1.0029e+00
 1.1350e+00    1.4018e+02   -8.6909e-01    1.0028e+00
 1.1360e+00    1.4019e+02   -8.6899e-01    1.0027e+00
 1.1370e+00    1.4019e+02   -8.6889e-01    1.0026e+00
 1.1380e+00    1.4020e+02   -8.6879e-01    1.0025e+00
 1.1390e+00    1.4020e+02   -8.6869e-01    1.0025e+00
 1.1400e+00    1.4021e+02   -8.6860e-01    1.0024e+00
 1.1410e+00    1.4021e+02   -8.6851e-01    1.0023e+00
 1.1420e+00    1.4021e+02   -8.6842e-01    1.0022e+00
 1.1430e+00    1.4022e+02   -8.6835e-01    1.0022e+00
 1.1440e+00    1.4022e+02   -8.6830e-01    1.0021e+00
 1.1450e+00    1.4022e+02   -8.6825e-01    1.0021e+00
 1.1460e+00    1.4022e+02   -8.6821e-01    1.0020e+00
 1.1470e+00    1.4023e+02   -8.6819e-01    1.0020e+00
 1.1480e+00    1.4023e+02   -8.6819e-01    1.0020e+00
 1.1490e+00    1.4023e+02   -8.6817e-01    1.0020e+00
 1.1500e+00    1.4023e+02   -8.6815e-01    1.0020e+00
 1.1510e+00    1.4023e+02   -8.6814e-01    1.0020e+00
 1.1520e+00    1.4023e+02   -8.6815e-01    1.0020e+00
 1.1530e+00    1.4023e+02   -8.6817e-01    1.0020e+00
 1.1540e+00    1.4023e+02   -8.6820e-01    1.0020e+00
 1.1550e+00    1.4022e+02   -8.6823e-01    1.0020e+00
 1.1560e+00    1.4022e+02   -8.6825e-01    1.0020e+00
 1.1570e+00    1.4022e+02   -8.6829e-01    1.0021e+00
 1.1580e+00    1.4022e+02   -8.6834e-01    1.0021e+00
 1.1590e+00    1.4022e+02   -8.6840e-01    1.0022e+00
 1.1600e+00    1.4021e+02   -8.6848e-01    1.0022e+00
 1.1610e+00    1.4021e+02   -8.6859e-01    1.0023e+00
 1.1620e+00    1.4020e+02   -8.6872e-01    1.0024e+00
 1.1630e+00    1.4020e+02   -8.6887e-01    1.0025e+00
 1.1640e+00    1.4019e+02   -8.6902e-01    1.0027e+00
 1.1650e+00    1.4018e+02   -8.6918e-01    1.0028e+00
 1.1660e+00    1.4018e+02   -8.6934e-01    1.0030e+00
 1.1670e+00    1.4017e+02   -8.6951e-01    1.0031e+00
 1.1680e+00    1.4016e+02   -8.6968e-01    1.0032e+00
 1.1690e+00    1.4015e+02   -8.6986e-01    1.0034e+00
 1.1700e+00    1.4015e+02   -8.7005e-01    1.0036e+00
 1.1710e+00    1.4014e+02   -8.7024e-01    1.0037e+00
 1.1720e+00    1.4013e+02   -8.7043e-01    1.0039e+00
 1.1730e+00    1.4012e+02   -8.7063e-01    1.0041e+00
 1.1740e+00    1.4011e+02   -8.7084e-01    1.0042e+00
 1.1750e+00    1.4010e+02   -8.7104e-01    1.0044e+00
 1.1760e+00    1.4009e+02   -8.7127e-01    1.0046e+00
 1.1770e+00    1.4008e+02   -8.7150e-01    1.0048e+00
 1.1780e+00    1.4007e+02   -8.7172e-01    1.0050e+00
 1.1790e+00    1.4007e+02   -8.7194e-01    1.0052e+00
 1.1800e+00    1.4006e+02   -8.7216e-01    1.0054e+00
 1.1810e+00    1.4005e+02   -8.7238e-01    1.0056e+00
 1.1820e+00    1.4004e+02   -8.7257e-01    1.0057e+00
 1.1830e+00    1.4003e+02   -8.7274e-01    1.0059e+00
 1.1840e+00    1.4003e+02   -8.7288e-01    1.0060e+00
 1.1850e+00    1.4002e+02   -8.7301e-01    1.0061e+00
 1.1860e+00    1.4002e+02   -8.7311e-01    1.0062e+00
 1.1870e+00    1.4002e+02   -8.7317e-01    1.0063e+00
 1.1880e+00    1.4001e+02   -8.7321e-01    1.0063e+00
 1.1890e+00    1.4001e+02   -8.7322e-01    1.0063e+00
 1.1900e+00    1.4001e+02   -8.7321e-01    1.0063e+00
 1.1910e+00    1.4001e+02   -8.7319e-01    1.0063e+00
 1.1920e+00    1.4002e+02   -8.7313e-01    1.0062e+00
 1.1930e+00    1.4002e+02   -8.7304e-01    1.0061e+00
 1.1940e+00    1.4003e+02   -8.7291e-01    1.0060e+00
 1.1950e+00    1.4003e+02   -8.7275e-01    1.0059e+00
 1.1960e+00    1.4004e+02   -8.7257e-01    1.0057e+00
 1.1970e+00    1.4005e+02   -8.7237e-01    1.0055e+00
 1.1980e+00    1.4006e+02   -8.7214e-01    1.0053e+00
 1.1990e+00    1.4007e+02   -8.7190e-01    1.0051e+00
 1.2000e+00    1.4008e+02   -8.7164e-01    1.0049e+00
 1.2010e+00    1.4009e+02   -8.7135e-01    1.0047e+00
 1.2020e+00    1.4010e+02   -8.7104e-01    1.0044e+00
 1.2030e+00    1.4012e+02   -8.7071e-01    1.0041e+00
 1.2040e+00    1.4013e+02   -8.7034e-01    1.0038e+00
 1.2050e+00    1.4015e+02   -8.6995e-01    1.0034e+00
 1.2060e+00    1.4016e+02   -8.6955e-01    1.0031e+00
 1.2070e+00    1.4018e+02   -8.6912e-01    1.0027e+00
 1.2080e+00    1.4020e+02   -8.6867e-01    1.0023e+00
 1.2090e+00    1.4022e+02   -8.6820e-01    1.0019e+00
 1.2100e+00    1.4024e+02   -8.6771e-01    1.0015e+00
 1.2110e+00    1.4026e+02   -8.6722e-01    1.0011e+00
 1.2120e+00    1.4028e+02   -8.6673e-01    1.0006e+00
 1.2130e+00    1.4030e+02   -8.6623e-01    1.0002e+00
 1.2140e+00    1.4032e+02   -8.6574e-01    9.9977e-01
 1.2150e+00    1.4034e+02   -8.6526e-01    9.9936e-01
 1.2160e+00    1.4036e+02   -8.6480e-01    9.9895e-01
 1.2170e+00    1.4038e+02   -8.6435e-01    9.9856e-01
 1.2180e+00    1.4040e+02   -8.6392e-01    9.9820e-01
 1.2190e+00    1.4042e+02   -8.6352e-01    9.9785e-01
 1.2200e+00    1.4043e+02   -8.6315e-01    9.9753e-01
 1.2210e+00    1.4044e+02   -8.6283e-01    9.9725e-01
 1.2220e+00    1.4046e+02   -8.6254e-01    9.9700e-01
 1.2230e+00    1.4047e+02   -8.6231e-01    9.9680e-01
 1.2240e+00    1.4047e+02   -8.6213e-01    9.9664e-01
 1.2250e+00    1.4048e+02   -8.6202e-01    9.9654e-01
 1.2260e+00    1.4048e+02   -8.6197e-01    9.9649e-01
 1.2270e+00    1.4048e+02   -8.6199e-01    9.9651e-01
 1.2280e+00    1.4048e+02   -8.6207e-01    9.9657e-01
 1.2290e+00    1.4047e+02   -8.6220e-01    9.9668e-01
 1.2300e+00    1.4047e+02   -8.6239e-01    9.9684e-01
 1.2310e+00    1.4046e+02   -8.6262e-01    9.9704e-01
 1.2320e+00    1.4044e+02   -8.6291e-01    9.9730e-01
 1.2330e+00    1.4043e+02   -8.6326e-01    9.9760e-01
 1.2340e+00    1.4041e+02   -8.6364e-01    9.9793e-01
 1.2350e+00    1.4040e+02   -8.6407e-01    9.9829e-01
 1.2360e+00    1.4038e+02   -8.6453e-01    9.9869e-01
 1.2370e+00    1.4036e+02   -8.6502e-01    9.9912e-01
 1.2380e+00    1.4034e+02   -8.6556e-01    9.9958e-01
 1.2390e+00    1.4031e+02   -8.6612e-01    1.0001e+00
 1.2400e+00    1.4029e+02   -8.6671e-01    1.0006e+00
 1.2410e+00    1.4026e+02   -8.6732e-01    1.0011e+00
 1.2420e+00    1.4024e+02   -8.6794e-01    1.0017e+00
 1.2430e+00    1.4021e+02   -8.6858e-01    1.0022e+00
 1.2440e+00    1.4019e+02   -8.6922e-01    1.0028e+00
 1.2450e+00    1.4016e+02   -8.6986e-01    1.0033e+00
 1.2460e+00    1.4013e+02   -8.7049e-01    1.0038e+00
 1.2470e+00    1.4011e+02   -8.7111e-01    1.0044e+00
 1.2480e+00    1.4008e+02   -8.7171e-01    1.0049e+00
 1.2490e+00    1.4006e+02   -8.7228e-01    1.0054e+00
 1.2500e+00    1.4004e+02   -8.7280e-01    1.0059e+00
 1.2510e+00    1.4002e+02   -8.7329e-01    1.0063e+00
 1.2520e+00    1.4000e+02   -8.7374e-01    1.0067e+00
 1.2530e+00    1.3998e+02   -8.7413e-01    1.0070e+00
 1.2540e+00    1.3997e+02   -8.7448e-01    1.0073e+00
 1.2550e+00    1.3996e+02   -8.7477e-01    1.0075e+00
 1.2560e+00    1.3995e+02   -8.7501e-01    1.0078e+00
 1.2570e+00    1.3994e+02   -8.7519e-01    1.0079e+00
 1.2580e+00    1.3994e+02   -8.7532e-01    1.0080e+00
 1.2590e+00    1.3993e+02   -8.7539e-01    1.0081e+00
 1.2600e+00    1.3994e+02   -8.7539e-01    1.0081e+00
 1.2610e+00    1.3994e+02   -8.7531e-01    1.0080e+00
 1.2620e+00    1.3995e+02   -8.7516e-01    1.0079e+00
 1.2630e+00    1.3996e+02   -8.7493e-01    1.0077e+00
 1.2640e+00    1.3997e+02   -8.7464e-01    1.0074e+00
 1.2650e+00    1.3998e+02   -8.7427e-01    1.0071e+00
 1.2660e+00    1.4000e+02   -8.7384e-01    1.0068e+00
 1.2670e+00    1.4002e+02   -8.7335e-01    1.0063e+00
 1.2680e+00    1.4004e+02   -8.7280e-01    1.0058e+00
 1.2690e+00    1.4007e+02   -8.7220e-01    1.0053e+00
 1.2700e+00    1.4009e+02   -8.7156e-01    1.0048e+00
 1.2710e+00    1.4012e+02   -8.7089e-01    1.0042e+00
 1.2720e+00    1.4015e+02   -8.7020e-01    1.0036e+00
 1.2730e+00    1.4017e+02   -8.6949e-01    1.0030e+00
 1.2740e+00    1.4020e+02   -8.6879e-01    1.0024e+00
 1.2750e+00    1.4023e+02   -8.6812e-01    1.0018e+00
 1.2760e+00    1.4026e+02   -8.6751e-01    1.0013e+00
 1.2770e+00    1.4028e+02   -8.6697e-01    1.0008e+00
 1.2780e+00    1.4030e+02   -8.6654e-01    1.0004e+00
 1.2790e+00    1.4031e+02   -8.6625e-01    1.0002e+00
 1.2800e+00    1.4031e+02   -8.6615e-01    1.0001e+00
