PROFILES: ELECTRIC POTENTIAL phi, MACH NUMBER U_z/cs, MACH NUMBER U_Bdir/c_s 
distance(mm)    phi(V)      U_z/cs(-)      U_Bdir/c_s(-)
 0.0000e+00    0.0000e+00    0.0000e+00    0.0000e+00
 1.0000e-03    0.0000e+00   -2.5404e+00    2.3872e+00
 2.0000e-03    8.1504e+00   -2.4957e+00    2.3555e+00
 3.0000e-03    1.5925e+01   -2.4290e+00    2.3081e+00
 4.0000e-03    2.3328e+01   -2.3636e+00    2.2618e+00
 5.0000e-03    3.0364e+01   -2.2997e+00    2.2165e+00
 6.0000e-03    3.7037e+01   -2.2375e+00    2.1723e+00
 7.0000e-03    4.3353e+01   -2.1770e+00    2.1294e+00
 8.0000e-03    4.9320e+01   -2.1182e+00    2.0877e+00
 9.0000e-03    5.4945e+01   -2.0613e+00    2.0473e+00
 1.0000e-02    6.0238e+01   -2.0063e+00    2.0082e+00
 1.1000e-02    6.5209e+01   -1.9532e+00    1.9705e+00
 1.2000e-02    6.9869e+01   -1.9020e+00    1.9342e+00
 1.3000e-02    7.4230e+01   -1.8529e+00    1.8993e+00
 1.4000e-02    7.8306e+01   -1.8058e+00    1.8658e+00
 1.5000e-02    8.2108e+01   -1.7608e+00    1.8338e+00
 1.6000e-02    8.5650e+01   -1.7177e+00    1.8032e+00
 1.7000e-02    8.8947e+01   -1.6767e+00    1.7740e+00
 1.8000e-02    9.2011e+01   -1.6376e+00    1.7462e+00
 1.9000e-02    9.4856e+01   -1.6005e+00    1.7198e+00
 2.0000e-02    9.7497e+01   -1.5653e+00    1.6947e+00
 2.1000e-02    9.9945e+01   -1.5319e+00    1.6709e+00
 2.2000e-02    1.0221e+02   -1.5004e+00    1.6484e+00
 2.3000e-02    1.0432e+02   -1.4705e+00    1.6271e+00
 2.4000e-02    1.0626e+02   -1.4423e+00    1.6070e+00
 2.5000e-02    1.0807e+02   -1.4158e+00    1.5880e+00
 2.6000e-02    1.0974e+02   -1.3907e+00    1.5701e+00
 2.7000e-02    1.1129e+02   -1.3670e+00    1.5532e+00
 2.8000e-02    1.1272e+02   -1.3448e+00    1.5372e+00
 2.9000e-02    1.1405e+02   -1.3238e+00    1.5222e+00
 3.0000e-02    1.1529e+02   -1.3041e+00    1.5081e+00
 3.1000e-02    1.1644e+02   -1.2855e+00    1.4948e+00
 3.2000e-02    1.1750e+02   -1.2681e+00    1.4822e+00
 3.3000e-02    1.1849e+02   -1.2516e+00    1.4704e+00
 3.4000e-02    1.1941e+02   -1.2361e+00    1.4592e+00
 3.5000e-02    1.2027e+02   -1.2215e+00    1.4487e+00
 3.6000e-02    1.2107e+02   -1.2078e+00    1.4388e+00
 3.7000e-02    1.2182e+02   -1.1948e+00    1.4294e+00
 3.8000e-02    1.2252e+02   -1.1825e+00    1.4205e+00
 3.9000e-02    1.2318e+02   -1.1709e+00    1.4121e+00
 4.0000e-02    1.2379e+02   -1.1600e+00    1.4041e+00
 4.1000e-02    1.2437e+02   -1.1496e+00    1.3966e+00
 4.2000e-02    1.2492e+02   -1.1398e+00    1.3894e+00
 4.3000e-02    1.2543e+02   -1.1304e+00    1.3826e+00
 4.4000e-02    1.2592e+02   -1.1216e+00    1.3761e+00
 4.5000e-02    1.2638e+02   -1.1131e+00    1.3699e+00
 4.6000e-02    1.2681e+02   -1.1051e+00    1.3640e+00
 4.7000e-02    1.2722e+02   -1.0974e+00    1.3584e+00
 4.8000e-02    1.2761e+02   -1.0901e+00    1.3530e+00
 4.9000e-02    1.2799e+02   -1.0830e+00    1.3478e+00
 5.0000e-02    1.2835e+02   -1.0763e+00    1.3428e+00
 5.1000e-02    1.2869e+02   -1.0698e+00    1.3381e+00
 5.2000e-02    1.2901e+02   -1.0636e+00    1.3334e+00
 5.3000e-02    1.2933e+02   -1.0576e+00    1.3290e+00
 5.4000e-02    1.2963e+02   -1.0518e+00    1.3247e+00
 5.5000e-02    1.2992e+02   -1.0463e+00    1.3206e+00
 5.6000e-02    1.3019e+02   -1.0410e+00    1.3166e+00
 5.7000e-02    1.3045e+02   -1.0359e+00    1.3128e+00
 5.8000e-02    1.3071e+02   -1.0310e+00    1.3091e+00
 5.9000e-02    1.3095e+02   -1.0262e+00    1.3056e+00
 6.0000e-02    1.3118e+02   -1.0217e+00    1.3022e+00
 6.1000e-02    1.3140e+02   -1.0174e+00    1.2989e+00
 6.2000e-02    1.3161e+02   -1.0133e+00    1.2958e+00
 6.3000e-02    1.3182e+02   -1.0094e+00    1.2928e+00
 6.4000e-02    1.3201e+02   -1.0056e+00    1.2899e+00
 6.5000e-02    1.3219e+02   -1.0020e+00    1.2872e+00
 6.6000e-02    1.3237e+02   -9.9860e-01    1.2846e+00
 6.7000e-02    1.3254e+02   -9.9532e-01    1.2820e+00
 6.8000e-02    1.3270e+02   -9.9218e-01    1.2796e+00
 6.9000e-02    1.3285e+02   -9.8920e-01    1.2773e+00
 7.0000e-02    1.3299e+02   -9.8636e-01    1.2751e+00
 7.1000e-02    1.3313e+02   -9.8365e-01    1.2729e+00
 7.2000e-02    1.3327e+02   -9.8107e-01    1.2709e+00
 7.3000e-02    1.3340e+02   -9.7860e-01    1.2690e+00
 7.4000e-02    1.3352e+02   -9.7626e-01    1.2671e+00
 7.5000e-02    1.3363e+02   -9.7403e-01    1.2653e+00
 7.6000e-02    1.3374e+02   -9.7190e-01    1.2636e+00
 7.7000e-02    1.3385e+02   -9.6987e-01    1.2620e+00
 7.8000e-02    1.3395e+02   -9.6793e-01    1.2604e+00
 7.9000e-02    1.3405e+02   -9.6606e-01    1.2589e+00
 8.0000e-02    1.3414e+02   -9.6426e-01    1.2574e+00
 8.1000e-02    1.3423e+02   -9.6253e-01    1.2560e+00
 8.2000e-02    1.3432e+02   -9.6086e-01    1.2546e+00
 8.3000e-02    1.3441e+02   -9.5927e-01    1.2532e+00
 8.4000e-02    1.3449e+02   -9.5772e-01    1.2519e+00
 8.5000e-02    1.3457e+02   -9.5621e-01    1.2507e+00
 8.6000e-02    1.3465e+02   -9.5474e-01    1.2495e+00
 8.7000e-02    1.3473e+02   -9.5330e-01    1.2482e+00
 8.8000e-02    1.3480e+02   -9.5186e-01    1.2470e+00
 8.9000e-02    1.3488e+02   -9.5042e-01    1.2458e+00
 9.0000e-02    1.3496e+02   -9.4898e-01    1.2446e+00
 9.1000e-02    1.3504e+02   -9.4752e-01    1.2434e+00
 9.2000e-02    1.3511e+02   -9.4602e-01    1.2421e+00
 9.3000e-02    1.3519e+02   -9.4449e-01    1.2409e+00
 9.4000e-02    1.3528e+02   -9.4292e-01    1.2396e+00
 9.5000e-02    1.3536e+02   -9.4130e-01    1.2382e+00
 9.6000e-02    1.3544e+02   -9.3963e-01    1.2368e+00
 9.7000e-02    1.3553e+02   -9.3789e-01    1.2354e+00
 9.8000e-02    1.3562e+02   -9.3610e-01    1.2340e+00
 9.9000e-02    1.3571e+02   -9.3426e-01    1.2325e+00
 1.0000e-01    1.3580e+02   -9.3237e-01    1.2309e+00
 1.0100e-01    1.3590e+02   -9.3042e-01    1.2294e+00
 1.0200e-01    1.3600e+02   -9.2842e-01    1.2278e+00
 1.0300e-01    1.3610e+02   -9.2636e-01    1.2261e+00
 1.0400e-01    1.3620e+02   -9.2425e-01    1.2244e+00
 1.0500e-01    1.3630e+02   -9.2210e-01    1.2227e+00
 1.0600e-01    1.3641e+02   -9.1991e-01    1.2210e+00
 1.0700e-01    1.3651e+02   -9.1770e-01    1.2192e+00
 1.0800e-01    1.3662e+02   -9.1548e-01    1.2175e+00
 1.0900e-01    1.3672e+02   -9.1325e-01    1.2157e+00
 1.1000e-01    1.3683e+02   -9.1104e-01    1.2140e+00
 1.1100e-01    1.3694e+02   -9.0883e-01    1.2122e+00
 1.1200e-01    1.3704e+02   -9.0664e-01    1.2105e+00
 1.1300e-01    1.3715e+02   -9.0445e-01    1.2087e+00
 1.1400e-01    1.3725e+02   -9.0231e-01    1.2070e+00
 1.1500e-01    1.3735e+02   -9.0018e-01    1.2054e+00
 1.1600e-01    1.3745e+02   -8.9809e-01    1.2037e+00
 1.1700e-01    1.3754e+02   -8.9606e-01    1.2021e+00
 1.1800e-01    1.3764e+02   -8.9406e-01    1.2005e+00
 1.1900e-01    1.3773e+02   -8.9212e-01    1.1989e+00
 1.2000e-01    1.3782e+02   -8.9021e-01    1.1974e+00
 1.2100e-01    1.3791e+02   -8.8836e-01    1.1959e+00
 1.2200e-01    1.3799e+02   -8.8658e-01    1.1945e+00
 1.2300e-01    1.3807e+02   -8.8488e-01    1.1931e+00
 1.2400e-01    1.3815e+02   -8.8328e-01    1.1918e+00
 1.2500e-01    1.3822e+02   -8.8176e-01    1.1905e+00
 1.2600e-01    1.3829e+02   -8.8033e-01    1.1893e+00
 1.2700e-01    1.3835e+02   -8.7902e-01    1.1882e+00
 1.2800e-01    1.3841e+02   -8.7781e-01    1.1872e+00
 1.2900e-01    1.3847e+02   -8.7670e-01    1.1863e+00
 1.3000e-01    1.3852e+02   -8.7569e-01    1.1854e+00
 1.3100e-01    1.3857e+02   -8.7480e-01    1.1845e+00
 1.3200e-01    1.3861e+02   -8.7399e-01    1.1838e+00
 1.3300e-01    1.3865e+02   -8.7328e-01    1.1831e+00
 1.3400e-01    1.3869e+02   -8.7266e-01    1.1825e+00
 1.3500e-01    1.3872e+02   -8.7211e-01    1.1819e+00
 1.3600e-01    1.3875e+02   -8.7163e-01    1.1814e+00
 1.3700e-01    1.3878e+02   -8.7123e-01    1.1809e+00
 1.3800e-01    1.3880e+02   -8.7088e-01    1.1805e+00
 1.3900e-01    1.3883e+02   -8.7059e-01    1.1801e+00
 1.4000e-01    1.3885e+02   -8.7033e-01    1.1798e+00
 1.4100e-01    1.3887e+02   -8.7011e-01    1.1795e+00
 1.4200e-01    1.3889e+02   -8.6992e-01    1.1792e+00
 1.4300e-01    1.3891e+02   -8.6975e-01    1.1789e+00
 1.4400e-01    1.3893e+02   -8.6958e-01    1.1786e+00
 1.4500e-01    1.3895e+02   -8.6938e-01    1.1783e+00
 1.4600e-01    1.3897e+02   -8.6916e-01    1.1779e+00
 1.4700e-01    1.3899e+02   -8.6889e-01    1.1776e+00
 1.4800e-01    1.3901e+02   -8.6859e-01    1.1772e+00
 1.4900e-01    1.3903e+02   -8.6825e-01    1.1768e+00
 1.5000e-01    1.3906e+02   -8.6787e-01    1.1763e+00
 1.5100e-01    1.3908e+02   -8.6745e-01    1.1759e+00
 1.5200e-01    1.3911e+02   -8.6699e-01    1.1754e+00
 1.5300e-01    1.3914e+02   -8.6651e-01    1.1749e+00
 1.5400e-01    1.3917e+02   -8.6601e-01    1.1743e+00
 1.5500e-01    1.3920e+02   -8.6547e-01    1.1738e+00
 1.5600e-01    1.3923e+02   -8.6489e-01    1.1732e+00
 1.5700e-01    1.3926e+02   -8.6429e-01    1.1726e+00
 1.5800e-01    1.3930e+02   -8.6365e-01    1.1720e+00
 1.5900e-01    1.3933e+02   -8.6298e-01    1.1714e+00
 1.6000e-01    1.3937e+02   -8.6228e-01    1.1707e+00
 1.6100e-01    1.3941e+02   -8.6157e-01    1.1701e+00
 1.6200e-01    1.3945e+02   -8.6084e-01    1.1694e+00
 1.6300e-01    1.3948e+02   -8.6012e-01    1.1687e+00
 1.6400e-01    1.3952e+02   -8.5939e-01    1.1680e+00
 1.6500e-01    1.3956e+02   -8.5866e-01    1.1674e+00
 1.6600e-01    1.3960e+02   -8.5794e-01    1.1667e+00
 1.6700e-01    1.3964e+02   -8.5720e-01    1.1660e+00
 1.6800e-01    1.3968e+02   -8.5644e-01    1.1653e+00
 1.6900e-01    1.3972e+02   -8.5566e-01    1.1646e+00
 1.7000e-01    1.3976e+02   -8.5486e-01    1.1639e+00
 1.7100e-01    1.3980e+02   -8.5404e-01    1.1631e+00
 1.7200e-01    1.3984e+02   -8.5322e-01    1.1624e+00
 1.7300e-01    1.3988e+02   -8.5239e-01    1.1617e+00
 1.7400e-01    1.3993e+02   -8.5156e-01    1.1609e+00
 1.7500e-01    1.3997e+02   -8.5073e-01    1.1602e+00
 1.7600e-01    1.4001e+02   -8.4989e-01    1.1594e+00
 1.7700e-01    1.4005e+02   -8.4906e-01    1.1587e+00
 1.7800e-01    1.4009e+02   -8.4824e-01    1.1579e+00
 1.7900e-01    1.4013e+02   -8.4745e-01    1.1572e+00
 1.8000e-01    1.4017e+02   -8.4667e-01    1.1565e+00
 1.8100e-01    1.4021e+02   -8.4589e-01    1.1558e+00
 1.8200e-01    1.4024e+02   -8.4513e-01    1.1551e+00
 1.8300e-01    1.4028e+02   -8.4442e-01    1.1545e+00
 1.8400e-01    1.4031e+02   -8.4373e-01    1.1538e+00
 1.8500e-01    1.4035e+02   -8.4308e-01    1.1532e+00
 1.8600e-01    1.4038e+02   -8.4245e-01    1.1526e+00
 1.8700e-01    1.4041e+02   -8.4186e-01    1.1520e+00
 1.8800e-01    1.4044e+02   -8.4131e-01    1.1515e+00
 1.8900e-01    1.4046e+02   -8.4081e-01    1.1510e+00
 1.9000e-01    1.4049e+02   -8.4036e-01    1.1505e+00
 1.9100e-01    1.4051e+02   -8.3995e-01    1.1501e+00
 1.9200e-01    1.4054e+02   -8.3957e-01    1.1497e+00
 1.9300e-01    1.4056e+02   -8.3924e-01    1.1493e+00
 1.9400e-01    1.4058e+02   -8.3895e-01    1.1489e+00
 1.9500e-01    1.4059e+02   -8.3869e-01    1.1486e+00
 1.9600e-01    1.4061e+02   -8.3844e-01    1.1483e+00
 1.9700e-01    1.4063e+02   -8.3820e-01    1.1480e+00
 1.9800e-01    1.4065e+02   -8.3796e-01    1.1476e+00
 1.9900e-01    1.4066e+02   -8.3772e-01    1.1473e+00
 2.0000e-01    1.4068e+02   -8.3748e-01    1.1470e+00
 2.0100e-01    1.4070e+02   -8.3724e-01    1.1467e+00
 2.0200e-01    1.4071e+02   -8.3700e-01    1.1464e+00
 2.0300e-01    1.4073e+02   -8.3675e-01    1.1461e+00
 2.0400e-01    1.4075e+02   -8.3651e-01    1.1457e+00
 2.0500e-01    1.4076e+02   -8.3627e-01    1.1454e+00
 2.0600e-01    1.4078e+02   -8.3604e-01    1.1451e+00
 2.0700e-01    1.4080e+02   -8.3579e-01    1.1448e+00
 2.0800e-01    1.4082e+02   -8.3552e-01    1.1445e+00
 2.0900e-01    1.4084e+02   -8.3524e-01    1.1441e+00
 2.1000e-01    1.4086e+02   -8.3493e-01    1.1438e+00
 2.1100e-01    1.4088e+02   -8.3460e-01    1.1434e+00
 2.1200e-01    1.4090e+02   -8.3423e-01    1.1430e+00
 2.1300e-01    1.4093e+02   -8.3382e-01    1.1425e+00
 2.1400e-01    1.4095e+02   -8.3338e-01    1.1421e+00
 2.1500e-01    1.4098e+02   -8.3289e-01    1.1416e+00
 2.1600e-01    1.4100e+02   -8.3238e-01    1.1411e+00
 2.1700e-01    1.4103e+02   -8.3182e-01    1.1405e+00
 2.1800e-01    1.4106e+02   -8.3124e-01    1.1400e+00
 2.1900e-01    1.4109e+02   -8.3065e-01    1.1394e+00
 2.2000e-01    1.4112e+02   -8.3005e-01    1.1389e+00
 2.2100e-01    1.4115e+02   -8.2947e-01    1.1383e+00
 2.2200e-01    1.4117e+02   -8.2890e-01    1.1378e+00
 2.2300e-01    1.4120e+02   -8.2834e-01    1.1372e+00
 2.2400e-01    1.4123e+02   -8.2779e-01    1.1367e+00
 2.2500e-01    1.4126e+02   -8.2726e-01    1.1362e+00
 2.2600e-01    1.4128e+02   -8.2675e-01    1.1357e+00
 2.2700e-01    1.4131e+02   -8.2627e-01    1.1352e+00
 2.2800e-01    1.4133e+02   -8.2582e-01    1.1348e+00
 2.2900e-01    1.4136e+02   -8.2539e-01    1.1343e+00
 2.3000e-01    1.4138e+02   -8.2499e-01    1.1339e+00
 2.3100e-01    1.4141e+02   -8.2460e-01    1.1335e+00
 2.3200e-01    1.4143e+02   -8.2422e-01    1.1331e+00
 2.3300e-01    1.4145e+02   -8.2385e-01    1.1327e+00
 2.3400e-01    1.4148e+02   -8.2347e-01    1.1323e+00
 2.3500e-01    1.4150e+02   -8.2308e-01    1.1319e+00
 2.3600e-01    1.4152e+02   -8.2270e-01    1.1315e+00
 2.3700e-01    1.4154e+02   -8.2233e-01    1.1311e+00
 2.3800e-01    1.4157e+02   -8.2195e-01    1.1307e+00
 2.3900e-01    1.4159e+02   -8.2158e-01    1.1303e+00
 2.4000e-01    1.4161e+02   -8.2121e-01    1.1299e+00
 2.4100e-01    1.4163e+02   -8.2084e-01    1.1295e+00
 2.4200e-01    1.4165e+02   -8.2046e-01    1.1291e+00
 2.4300e-01    1.4167e+02   -8.2010e-01    1.1287e+00
 2.4400e-01    1.4169e+02   -8.1975e-01    1.1284e+00
 2.4500e-01    1.4171e+02   -8.1939e-01    1.1280e+00
 2.4600e-01    1.4174e+02   -8.1901e-01    1.1276e+00
 2.4700e-01    1.4176e+02   -8.1862e-01    1.1272e+00
 2.4800e-01    1.4178e+02   -8.1822e-01    1.1267e+00
 2.4900e-01    1.4180e+02   -8.1779e-01    1.1263e+00
 2.5000e-01    1.4183e+02   -8.1735e-01    1.1259e+00
 2.5100e-01    1.4185e+02   -8.1692e-01    1.1255e+00
 2.5200e-01    1.4187e+02   -8.1649e-01    1.1250e+00
 2.5300e-01    1.4189e+02   -8.1608e-01    1.1246e+00
 2.5400e-01    1.4192e+02   -8.1566e-01    1.1242e+00
 2.5500e-01    1.4194e+02   -8.1525e-01    1.1237e+00
 2.5600e-01    1.4196e+02   -8.1485e-01    1.1233e+00
 2.5700e-01    1.4199e+02   -8.1444e-01    1.1229e+00
 2.5800e-01    1.4201e+02   -8.1404e-01    1.1225e+00
 2.5900e-01    1.4203e+02   -8.1364e-01    1.1221e+00
 2.6000e-01    1.4205e+02   -8.1324e-01    1.1217e+00
 2.6100e-01    1.4208e+02   -8.1283e-01    1.1213e+00
 2.6200e-01    1.4210e+02   -8.1242e-01    1.1208e+00
 2.6300e-01    1.4212e+02   -8.1202e-01    1.1204e+00
 2.6400e-01    1.4215e+02   -8.1163e-01    1.1200e+00
 2.6500e-01    1.4217e+02   -8.1123e-01    1.1196e+00
 2.6600e-01    1.4219e+02   -8.1084e-01    1.1192e+00
 2.6700e-01    1.4221e+02   -8.1046e-01    1.1188e+00
 2.6800e-01    1.4223e+02   -8.1006e-01    1.1184e+00
 2.6900e-01    1.4225e+02   -8.0966e-01    1.1180e+00
 2.7000e-01    1.4228e+02   -8.0927e-01    1.1176e+00
 2.7100e-01    1.4230e+02   -8.0888e-01    1.1173e+00
 2.7200e-01    1.4232e+02   -8.0848e-01    1.1169e+00
 2.7300e-01    1.4234e+02   -8.0810e-01    1.1165e+00
 2.7400e-01    1.4236e+02   -8.0772e-01    1.1161e+00
 2.7500e-01    1.4238e+02   -8.0732e-01    1.1157e+00
 2.7600e-01    1.4240e+02   -8.0693e-01    1.1153e+00
 2.7700e-01    1.4242e+02   -8.0654e-01    1.1149e+00
 2.7800e-01    1.4244e+02   -8.0618e-01    1.1145e+00
 2.7900e-01    1.4246e+02   -8.0582e-01    1.1141e+00
 2.8000e-01    1.4248e+02   -8.0545e-01    1.1137e+00
 2.8100e-01    1.4250e+02   -8.0506e-01    1.1133e+00
 2.8200e-01    1.4252e+02   -8.0467e-01    1.1129e+00
 2.8300e-01    1.4254e+02   -8.0427e-01    1.1125e+00
 2.8400e-01    1.4256e+02   -8.0388e-01    1.1121e+00
 2.8500e-01    1.4258e+02   -8.0349e-01    1.1117e+00
 2.8600e-01    1.4260e+02   -8.0312e-01    1.1113e+00
 2.8700e-01    1.4262e+02   -8.0278e-01    1.1110e+00
 2.8800e-01    1.4263e+02   -8.0248e-01    1.1107e+00
 2.8900e-01    1.4265e+02   -8.0223e-01    1.1104e+00
 2.9000e-01    1.4266e+02   -8.0203e-01    1.1101e+00
 2.9100e-01    1.4267e+02   -8.0189e-01    1.1099e+00
 2.9200e-01    1.4268e+02   -8.0180e-01    1.1097e+00
 2.9300e-01    1.4269e+02   -8.0175e-01    1.1096e+00
 2.9400e-01    1.4270e+02   -8.0174e-01    1.1094e+00
 2.9500e-01    1.4270e+02   -8.0177e-01    1.1093e+00
 2.9600e-01    1.4271e+02   -8.0182e-01    1.1093e+00
 2.9700e-01    1.4271e+02   -8.0188e-01    1.1092e+00
 2.9800e-01    1.4271e+02   -8.0195e-01    1.1091e+00
 2.9900e-01    1.4272e+02   -8.0205e-01    1.1091e+00
 3.0000e-01    1.4271e+02   -8.0218e-01    1.1091e+00
 3.0100e-01    1.4271e+02   -8.0232e-01    1.1091e+00
 3.0200e-01    1.4271e+02   -8.0250e-01    1.1091e+00
 3.0300e-01    1.4271e+02   -8.0269e-01    1.1091e+00
 3.0400e-01    1.4271e+02   -8.0288e-01    1.1091e+00
 3.0500e-01    1.4271e+02   -8.0307e-01    1.1091e+00
 3.0600e-01    1.4271e+02   -8.0324e-01    1.1091e+00
 3.0700e-01    1.4271e+02   -8.0336e-01    1.1091e+00
 3.0800e-01    1.4271e+02   -8.0344e-01    1.1091e+00
 3.0900e-01    1.4272e+02   -8.0344e-01    1.1089e+00
 3.1000e-01    1.4273e+02   -8.0337e-01    1.1088e+00
 3.1100e-01    1.4274e+02   -8.0324e-01    1.1086e+00
 3.1200e-01    1.4275e+02   -8.0304e-01    1.1083e+00
 3.1300e-01    1.4276e+02   -8.0279e-01    1.1080e+00
 3.1400e-01    1.4277e+02   -8.0250e-01    1.1077e+00
 3.1500e-01    1.4279e+02   -8.0216e-01    1.1074e+00
 3.1600e-01    1.4281e+02   -8.0177e-01    1.1070e+00
 3.1700e-01    1.4283e+02   -8.0135e-01    1.1066e+00
 3.1800e-01    1.4285e+02   -8.0089e-01    1.1061e+00
 3.1900e-01    1.4287e+02   -8.0040e-01    1.1057e+00
 3.2000e-01    1.4290e+02   -7.9989e-01    1.1052e+00
 3.2100e-01    1.4292e+02   -7.9935e-01    1.1047e+00
 3.2200e-01    1.4295e+02   -7.9880e-01    1.1043e+00
 3.2300e-01    1.4297e+02   -7.9828e-01    1.1038e+00
 3.2400e-01    1.4299e+02   -7.9780e-01    1.1033e+00
 3.2500e-01    1.4301e+02   -7.9733e-01    1.1029e+00
 3.2600e-01    1.4304e+02   -7.9689e-01    1.1025e+00
 3.2700e-01    1.4306e+02   -7.9649e-01    1.1021e+00
 3.2800e-01    1.4308e+02   -7.9610e-01    1.1017e+00
 3.2900e-01    1.4310e+02   -7.9575e-01    1.1014e+00
 3.3000e-01    1.4312e+02   -7.9543e-01    1.1010e+00
 3.3100e-01    1.4314e+02   -7.9513e-01    1.1007e+00
 3.3200e-01    1.4315e+02   -7.9486e-01    1.1004e+00
 3.3300e-01    1.4317e+02   -7.9460e-01    1.1001e+00
 3.3400e-01    1.4319e+02   -7.9435e-01    1.0998e+00
 3.3500e-01    1.4321e+02   -7.9411e-01    1.0995e+00
 3.3600e-01    1.4322e+02   -7.9387e-01    1.0993e+00
 3.3700e-01    1.4324e+02   -7.9360e-01    1.0990e+00
 3.3800e-01    1.4326e+02   -7.9328e-01    1.0986e+00
 3.3900e-01    1.4328e+02   -7.9294e-01    1.0983e+00
 3.4000e-01    1.4330e+02   -7.9257e-01    1.0979e+00
 3.4100e-01    1.4332e+02   -7.9220e-01    1.0976e+00
 3.4200e-01    1.4333e+02   -7.9182e-01    1.0972e+00
 3.4300e-01    1.4335e+02   -7.9144e-01    1.0968e+00
 3.4400e-01    1.4337e+02   -7.9108e-01    1.0965e+00
 3.4500e-01    1.4339e+02   -7.9071e-01    1.0961e+00
 3.4600e-01    1.4341e+02   -7.9039e-01    1.0958e+00
 3.4700e-01    1.4343e+02   -7.9008e-01    1.0955e+00
 3.4800e-01    1.4345e+02   -7.8977e-01    1.0952e+00
 3.4900e-01    1.4346e+02   -7.8948e-01    1.0949e+00
 3.5000e-01    1.4348e+02   -7.8921e-01    1.0946e+00
 3.5100e-01    1.4350e+02   -7.8894e-01    1.0943e+00
 3.5200e-01    1.4352e+02   -7.8868e-01    1.0940e+00
 3.5300e-01    1.4353e+02   -7.8842e-01    1.0937e+00
 3.5400e-01    1.4355e+02   -7.8815e-01    1.0934e+00
 3.5500e-01    1.4357e+02   -7.8785e-01    1.0931e+00
 3.5600e-01    1.4359e+02   -7.8753e-01    1.0928e+00
 3.5700e-01    1.4361e+02   -7.8718e-01    1.0924e+00
 3.5800e-01    1.4363e+02   -7.8681e-01    1.0921e+00
 3.5900e-01    1.4365e+02   -7.8639e-01    1.0917e+00
 3.6000e-01    1.4368e+02   -7.8594e-01    1.0912e+00
 3.6100e-01    1.4370e+02   -7.8545e-01    1.0908e+00
 3.6200e-01    1.4372e+02   -7.8491e-01    1.0903e+00
 3.6300e-01    1.4375e+02   -7.8433e-01    1.0898e+00
 3.6400e-01    1.4378e+02   -7.8374e-01    1.0893e+00
 3.6500e-01    1.4380e+02   -7.8314e-01    1.0888e+00
 3.6600e-01    1.4383e+02   -7.8257e-01    1.0883e+00
 3.6700e-01    1.4385e+02   -7.8203e-01    1.0878e+00
 3.6800e-01    1.4388e+02   -7.8152e-01    1.0874e+00
 3.6900e-01    1.4390e+02   -7.8105e-01    1.0869e+00
 3.7000e-01    1.4392e+02   -7.8059e-01    1.0865e+00
 3.7100e-01    1.4394e+02   -7.8017e-01    1.0861e+00
 3.7200e-01    1.4396e+02   -7.7977e-01    1.0858e+00
 3.7300e-01    1.4398e+02   -7.7940e-01    1.0854e+00
 3.7400e-01    1.4400e+02   -7.7908e-01    1.0851e+00
 3.7500e-01    1.4401e+02   -7.7881e-01    1.0848e+00
 3.7600e-01    1.4403e+02   -7.7858e-01    1.0845e+00
 3.7700e-01    1.4404e+02   -7.7840e-01    1.0843e+00
 3.7800e-01    1.4405e+02   -7.7828e-01    1.0841e+00
 3.7900e-01    1.4405e+02   -7.7821e-01    1.0840e+00
 3.8000e-01    1.4406e+02   -7.7819e-01    1.0839e+00
 3.8100e-01    1.4407e+02   -7.7819e-01    1.0838e+00
 3.8200e-01    1.4407e+02   -7.7821e-01    1.0837e+00
 3.8300e-01    1.4408e+02   -7.7822e-01    1.0836e+00
 3.8400e-01    1.4409e+02   -7.7820e-01    1.0835e+00
 3.8500e-01    1.4410e+02   -7.7815e-01    1.0834e+00
 3.8600e-01    1.4410e+02   -7.7805e-01    1.0832e+00
 3.8700e-01    1.4412e+02   -7.7791e-01    1.0830e+00
 3.8800e-01    1.4413e+02   -7.7775e-01    1.0828e+00
 3.8900e-01    1.4414e+02   -7.7756e-01    1.0826e+00
 3.9000e-01    1.4415e+02   -7.7734e-01    1.0823e+00
 3.9100e-01    1.4417e+02   -7.7709e-01    1.0821e+00
 3.9200e-01    1.4418e+02   -7.7684e-01    1.0818e+00
 3.9300e-01    1.4420e+02   -7.7657e-01    1.0815e+00
 3.9400e-01    1.4421e+02   -7.7627e-01    1.0812e+00
 3.9500e-01    1.4423e+02   -7.7596e-01    1.0809e+00
 3.9600e-01    1.4424e+02   -7.7565e-01    1.0806e+00
 3.9700e-01    1.4426e+02   -7.7532e-01    1.0803e+00
 3.9800e-01    1.4427e+02   -7.7499e-01    1.0800e+00
 3.9900e-01    1.4429e+02   -7.7469e-01    1.0797e+00
 4.0000e-01    1.4430e+02   -7.7440e-01    1.0794e+00
 4.0100e-01    1.4431e+02   -7.7415e-01    1.0791e+00
 4.0200e-01    1.4432e+02   -7.7392e-01    1.0788e+00
 4.0300e-01    1.4433e+02   -7.7374e-01    1.0786e+00
 4.0400e-01    1.4434e+02   -7.7360e-01    1.0784e+00
 4.0500e-01    1.4435e+02   -7.7350e-01    1.0783e+00
 4.0600e-01    1.4436e+02   -7.7343e-01    1.0781e+00
 4.0700e-01    1.4437e+02   -7.7338e-01    1.0780e+00
 4.0800e-01    1.4437e+02   -7.7337e-01    1.0779e+00
 4.0900e-01    1.4438e+02   -7.7337e-01    1.0778e+00
 4.1000e-01    1.4438e+02   -7.7341e-01    1.0778e+00
 4.1100e-01    1.4438e+02   -7.7347e-01    1.0777e+00
 4.1200e-01    1.4439e+02   -7.7354e-01    1.0777e+00
 4.1300e-01    1.4439e+02   -7.7360e-01    1.0776e+00
 4.1400e-01    1.4439e+02   -7.7365e-01    1.0776e+00
 4.1500e-01    1.4439e+02   -7.7368e-01    1.0775e+00
 4.1600e-01    1.4440e+02   -7.7367e-01    1.0774e+00
 4.1700e-01    1.4440e+02   -7.7363e-01    1.0773e+00
 4.1800e-01    1.4441e+02   -7.7356e-01    1.0772e+00
 4.1900e-01    1.4442e+02   -7.7350e-01    1.0771e+00
 4.2000e-01    1.4442e+02   -7.7343e-01    1.0769e+00
 4.2100e-01    1.4443e+02   -7.7333e-01    1.0768e+00
 4.2200e-01    1.4444e+02   -7.7322e-01    1.0766e+00
 4.2300e-01    1.4445e+02   -7.7308e-01    1.0764e+00
 4.2400e-01    1.4446e+02   -7.7291e-01    1.0762e+00
 4.2500e-01    1.4447e+02   -7.7270e-01    1.0760e+00
 4.2600e-01    1.4449e+02   -7.7246e-01    1.0757e+00
 4.2700e-01    1.4450e+02   -7.7217e-01    1.0755e+00
 4.2800e-01    1.4452e+02   -7.7181e-01    1.0751e+00
 4.2900e-01    1.4454e+02   -7.7139e-01    1.0747e+00
 4.3000e-01    1.4456e+02   -7.7091e-01    1.0743e+00
 4.3100e-01    1.4459e+02   -7.7037e-01    1.0738e+00
 4.3200e-01    1.4461e+02   -7.6977e-01    1.0733e+00
 4.3300e-01    1.4464e+02   -7.6910e-01    1.0728e+00
 4.3400e-01    1.4467e+02   -7.6841e-01    1.0722e+00
 4.3500e-01    1.4470e+02   -7.6768e-01    1.0716e+00
 4.3600e-01    1.4473e+02   -7.6697e-01    1.0710e+00
 4.3700e-01    1.4476e+02   -7.6629e-01    1.0705e+00
 4.3800e-01    1.4479e+02   -7.6565e-01    1.0699e+00
 4.3900e-01    1.4482e+02   -7.6504e-01    1.0694e+00
 4.4000e-01    1.4484e+02   -7.6446e-01    1.0689e+00
 4.4100e-01    1.4487e+02   -7.6391e-01    1.0685e+00
 4.4200e-01    1.4489e+02   -7.6339e-01    1.0680e+00
 4.4300e-01    1.4492e+02   -7.6289e-01    1.0676e+00
 4.4400e-01    1.4494e+02   -7.6246e-01    1.0672e+00
 4.4500e-01    1.4495e+02   -7.6212e-01    1.0669e+00
 4.4600e-01    1.4497e+02   -7.6186e-01    1.0666e+00
 4.4700e-01    1.4498e+02   -7.6169e-01    1.0664e+00
 4.4800e-01    1.4498e+02   -7.6162e-01    1.0663e+00
 4.4900e-01    1.4499e+02   -7.6163e-01    1.0662e+00
 4.5000e-01    1.4499e+02   -7.6169e-01    1.0662e+00
 4.5100e-01    1.4499e+02   -7.6181e-01    1.0662e+00
 4.5200e-01    1.4499e+02   -7.6196e-01    1.0662e+00
 4.5300e-01    1.4499e+02   -7.6215e-01    1.0663e+00
 4.5400e-01    1.4499e+02   -7.6237e-01    1.0663e+00
 4.5500e-01    1.4499e+02   -7.6258e-01    1.0664e+00
 4.5600e-01    1.4498e+02   -7.6282e-01    1.0665e+00
 4.5700e-01    1.4498e+02   -7.6306e-01    1.0666e+00
 4.5800e-01    1.4498e+02   -7.6329e-01    1.0666e+00
 4.5900e-01    1.4498e+02   -7.6350e-01    1.0667e+00
 4.6000e-01    1.4498e+02   -7.6367e-01    1.0668e+00
 4.6100e-01    1.4498e+02   -7.6380e-01    1.0668e+00
 4.6200e-01    1.4498e+02   -7.6387e-01    1.0668e+00
 4.6300e-01    1.4499e+02   -7.6387e-01    1.0667e+00
 4.6400e-01    1.4499e+02   -7.6378e-01    1.0665e+00
 4.6500e-01    1.4500e+02   -7.6362e-01    1.0664e+00
 4.6600e-01    1.4502e+02   -7.6336e-01    1.0661e+00
 4.6700e-01    1.4503e+02   -7.6303e-01    1.0658e+00
 4.6800e-01    1.4505e+02   -7.6262e-01    1.0654e+00
 4.6900e-01    1.4507e+02   -7.6214e-01    1.0650e+00
 4.7000e-01    1.4509e+02   -7.6161e-01    1.0646e+00
 4.7100e-01    1.4512e+02   -7.6104e-01    1.0641e+00
 4.7200e-01    1.4514e+02   -7.6044e-01    1.0636e+00
 4.7300e-01    1.4517e+02   -7.5985e-01    1.0631e+00
 4.7400e-01    1.4519e+02   -7.5925e-01    1.0626e+00
 4.7500e-01    1.4522e+02   -7.5863e-01    1.0621e+00
 4.7600e-01    1.4524e+02   -7.5802e-01    1.0616e+00
 4.7700e-01    1.4527e+02   -7.5744e-01    1.0611e+00
 4.7800e-01    1.4529e+02   -7.5691e-01    1.0607e+00
 4.7900e-01    1.4531e+02   -7.5643e-01    1.0603e+00
 4.8000e-01    1.4532e+02   -7.5601e-01    1.0599e+00
 4.8100e-01    1.4534e+02   -7.5566e-01    1.0596e+00
 4.8200e-01    1.4535e+02   -7.5539e-01    1.0593e+00
 4.8300e-01    1.4536e+02   -7.5520e-01    1.0591e+00
 4.8400e-01    1.4537e+02   -7.5512e-01    1.0590e+00
 4.8500e-01    1.4537e+02   -7.5512e-01    1.0589e+00
 4.8600e-01    1.4537e+02   -7.5522e-01    1.0589e+00
 4.8700e-01    1.4537e+02   -7.5539e-01    1.0589e+00
 4.8800e-01    1.4536e+02   -7.5565e-01    1.0590e+00
 4.8900e-01    1.4535e+02   -7.5598e-01    1.0592e+00
 4.9000e-01    1.4534e+02   -7.5637e-01    1.0594e+00
 4.9100e-01    1.4533e+02   -7.5683e-01    1.0597e+00
 4.9200e-01    1.4531e+02   -7.5734e-01    1.0600e+00
 4.9300e-01    1.4529e+02   -7.5790e-01    1.0603e+00
 4.9400e-01    1.4527e+02   -7.5850e-01    1.0606e+00
 4.9500e-01    1.4526e+02   -7.5912e-01    1.0610e+00
 4.9600e-01    1.4524e+02   -7.5972e-01    1.0614e+00
 4.9700e-01    1.4522e+02   -7.6028e-01    1.0617e+00
 4.9800e-01    1.4521e+02   -7.6078e-01    1.0620e+00
 4.9900e-01    1.4520e+02   -7.6119e-01    1.0622e+00
 5.0000e-01    1.4519e+02   -7.6151e-01    1.0623e+00
 5.0100e-01    1.4518e+02   -7.6174e-01    1.0624e+00
 5.0200e-01    1.4518e+02   -7.6186e-01    1.0624e+00
 5.0300e-01    1.4519e+02   -7.6186e-01    1.0624e+00
 5.0400e-01    1.4519e+02   -7.6173e-01    1.0622e+00
 5.0500e-01    1.4521e+02   -7.6147e-01    1.0620e+00
 5.0600e-01    1.4522e+02   -7.6106e-01    1.0616e+00
 5.0700e-01    1.4525e+02   -7.6051e-01    1.0611e+00
 5.0800e-01    1.4527e+02   -7.5982e-01    1.0606e+00
 5.0900e-01    1.4531e+02   -7.5902e-01    1.0599e+00
 5.1000e-01    1.4534e+02   -7.5809e-01    1.0592e+00
 5.1100e-01    1.4538e+02   -7.5706e-01    1.0584e+00
 5.1200e-01    1.4542e+02   -7.5595e-01    1.0576e+00
 5.1300e-01    1.4547e+02   -7.5478e-01    1.0567e+00
 5.1400e-01    1.4551e+02   -7.5358e-01    1.0558e+00
 5.1500e-01    1.4556e+02   -7.5236e-01    1.0548e+00
 5.1600e-01    1.4560e+02   -7.5117e-01    1.0539e+00
 5.1700e-01    1.4565e+02   -7.5001e-01    1.0530e+00
 5.1800e-01    1.4569e+02   -7.4893e-01    1.0522e+00
 5.1900e-01    1.4572e+02   -7.4794e-01    1.0514e+00
 5.2000e-01    1.4576e+02   -7.4707e-01    1.0508e+00
 5.2100e-01    1.4578e+02   -7.4635e-01    1.0502e+00
 5.2200e-01    1.4581e+02   -7.4578e-01    1.0497e+00
 5.2300e-01    1.4583e+02   -7.4537e-01    1.0493e+00
 5.2400e-01    1.4584e+02   -7.4515e-01    1.0491e+00
 5.2500e-01    1.4584e+02   -7.4510e-01    1.0490e+00
 5.2600e-01    1.4584e+02   -7.4522e-01    1.0490e+00
 5.2700e-01    1.4584e+02   -7.4548e-01    1.0491e+00
 5.2800e-01    1.4583e+02   -7.4586e-01    1.0493e+00
 5.2900e-01    1.4582e+02   -7.4634e-01    1.0496e+00
 5.3000e-01    1.4580e+02   -7.4692e-01    1.0500e+00
 5.3100e-01    1.4578e+02   -7.4758e-01    1.0504e+00
 5.3200e-01    1.4576e+02   -7.4830e-01    1.0508e+00
 5.3300e-01    1.4573e+02   -7.4907e-01    1.0513e+00
 5.3400e-01    1.4571e+02   -7.4987e-01    1.0518e+00
 5.3500e-01    1.4568e+02   -7.5068e-01    1.0523e+00
 5.3600e-01    1.4566e+02   -7.5148e-01    1.0528e+00
 5.3700e-01    1.4564e+02   -7.5225e-01    1.0532e+00
 5.3800e-01    1.4561e+02   -7.5295e-01    1.0537e+00
 5.3900e-01    1.4559e+02   -7.5360e-01    1.0541e+00
 5.4000e-01    1.4558e+02   -7.5415e-01    1.0544e+00
 5.4100e-01    1.4556e+02   -7.5460e-01    1.0547e+00
 5.4200e-01    1.4555e+02   -7.5496e-01    1.0549e+00
 5.4300e-01    1.4555e+02   -7.5522e-01    1.0550e+00
 5.4400e-01    1.4555e+02   -7.5535e-01    1.0550e+00
 5.4500e-01    1.4555e+02   -7.5537e-01    1.0550e+00
 5.4600e-01    1.4555e+02   -7.5527e-01    1.0548e+00
 5.4700e-01    1.4556e+02   -7.5504e-01    1.0546e+00
 5.4800e-01    1.4558e+02   -7.5466e-01    1.0543e+00
 5.4900e-01    1.4560e+02   -7.5417e-01    1.0539e+00
 5.5000e-01    1.4562e+02   -7.5356e-01    1.0534e+00
 5.5100e-01    1.4565e+02   -7.5284e-01    1.0528e+00
 5.5200e-01    1.4568e+02   -7.5204e-01    1.0521e+00
 5.5300e-01    1.4571e+02   -7.5120e-01    1.0515e+00
 5.5400e-01    1.4574e+02   -7.5035e-01    1.0508e+00
 5.5500e-01    1.4577e+02   -7.4950e-01    1.0501e+00
 5.5600e-01    1.4580e+02   -7.4868e-01    1.0495e+00
 5.5700e-01    1.4583e+02   -7.4793e-01    1.0489e+00
 5.5800e-01    1.4586e+02   -7.4720e-01    1.0483e+00
 5.5900e-01    1.4588e+02   -7.4652e-01    1.0478e+00
 5.6000e-01    1.4591e+02   -7.4591e-01    1.0473e+00
 5.6100e-01    1.4593e+02   -7.4534e-01    1.0468e+00
 5.6200e-01    1.4595e+02   -7.4483e-01    1.0464e+00
 5.6300e-01    1.4597e+02   -7.4442e-01    1.0461e+00
 5.6400e-01    1.4599e+02   -7.4411e-01    1.0458e+00
 5.6500e-01    1.4600e+02   -7.4390e-01    1.0456e+00
 5.6600e-01    1.4600e+02   -7.4380e-01    1.0454e+00
 5.6700e-01    1.4601e+02   -7.4381e-01    1.0454e+00
 5.6800e-01    1.4601e+02   -7.4390e-01    1.0454e+00
 5.6900e-01    1.4601e+02   -7.4407e-01    1.0454e+00
 5.7000e-01    1.4600e+02   -7.4430e-01    1.0455e+00
 5.7100e-01    1.4599e+02   -7.4457e-01    1.0456e+00
 5.7200e-01    1.4598e+02   -7.4489e-01    1.0458e+00
 5.7300e-01    1.4597e+02   -7.4525e-01    1.0460e+00
 5.7400e-01    1.4596e+02   -7.4565e-01    1.0462e+00
 5.7500e-01    1.4595e+02   -7.4608e-01    1.0465e+00
 5.7600e-01    1.4594e+02   -7.4655e-01    1.0467e+00
 5.7700e-01    1.4592e+02   -7.4706e-01    1.0470e+00
 5.7800e-01    1.4591e+02   -7.4757e-01    1.0473e+00
 5.7900e-01    1.4590e+02   -7.4808e-01    1.0476e+00
 5.8000e-01    1.4588e+02   -7.4856e-01    1.0479e+00
 5.8100e-01    1.4587e+02   -7.4900e-01    1.0481e+00
 5.8200e-01    1.4586e+02   -7.4938e-01    1.0483e+00
 5.8300e-01    1.4585e+02   -7.4967e-01    1.0485e+00
 5.8400e-01    1.4585e+02   -7.4987e-01    1.0485e+00
 5.8500e-01    1.4585e+02   -7.4999e-01    1.0486e+00
 5.8600e-01    1.4585e+02   -7.5002e-01    1.0485e+00
 5.8700e-01    1.4585e+02   -7.4998e-01    1.0484e+00
 5.8800e-01    1.4585e+02   -7.4987e-01    1.0483e+00
 5.8900e-01    1.4586e+02   -7.4968e-01    1.0481e+00
 5.9000e-01    1.4587e+02   -7.4942e-01    1.0479e+00
 5.9100e-01    1.4588e+02   -7.4910e-01    1.0476e+00
 5.9200e-01    1.4590e+02   -7.4871e-01    1.0473e+00
 5.9300e-01    1.4591e+02   -7.4828e-01    1.0469e+00
 5.9400e-01    1.4593e+02   -7.4781e-01    1.0465e+00
 5.9500e-01    1.4595e+02   -7.4731e-01    1.0461e+00
 5.9600e-01    1.4597e+02   -7.4677e-01    1.0457e+00
 5.9700e-01    1.4599e+02   -7.4622e-01    1.0452e+00
 5.9800e-01    1.4602e+02   -7.4563e-01    1.0448e+00
 5.9900e-01    1.4604e+02   -7.4505e-01    1.0443e+00
 6.0000e-01    1.4606e+02   -7.4446e-01    1.0438e+00
 6.0100e-01    1.4608e+02   -7.4389e-01    1.0434e+00
 6.0200e-01    1.4611e+02   -7.4336e-01    1.0429e+00
 6.0300e-01    1.4612e+02   -7.4288e-01    1.0426e+00
 6.0400e-01    1.4614e+02   -7.4247e-01    1.0422e+00
 6.0500e-01    1.4616e+02   -7.4212e-01    1.0419e+00
 6.0600e-01    1.4617e+02   -7.4183e-01    1.0416e+00
 6.0700e-01    1.4619e+02   -7.4158e-01    1.0414e+00
 6.0800e-01    1.4620e+02   -7.4141e-01    1.0412e+00
 6.0900e-01    1.4620e+02   -7.4129e-01    1.0411e+00
 6.1000e-01    1.4621e+02   -7.4123e-01    1.0410e+00
 6.1100e-01    1.4621e+02   -7.4123e-01    1.0409e+00
 6.1200e-01    1.4621e+02   -7.4130e-01    1.0409e+00
 6.1300e-01    1.4621e+02   -7.4142e-01    1.0410e+00
 6.1400e-01    1.4621e+02   -7.4159e-01    1.0411e+00
 6.1500e-01    1.4621e+02   -7.4180e-01    1.0412e+00
 6.1600e-01    1.4620e+02   -7.4203e-01    1.0413e+00
 6.1700e-01    1.4620e+02   -7.4225e-01    1.0414e+00
 6.1800e-01    1.4619e+02   -7.4247e-01    1.0415e+00
 6.1900e-01    1.4619e+02   -7.4267e-01    1.0415e+00
 6.2000e-01    1.4619e+02   -7.4282e-01    1.0416e+00
 6.2100e-01    1.4619e+02   -7.4292e-01    1.0416e+00
 6.2200e-01    1.4619e+02   -7.4295e-01    1.0416e+00
 6.2300e-01    1.4619e+02   -7.4293e-01    1.0415e+00
 6.2400e-01    1.4620e+02   -7.4286e-01    1.0414e+00
 6.2500e-01    1.4621e+02   -7.4270e-01    1.0412e+00
 6.2600e-01    1.4622e+02   -7.4247e-01    1.0410e+00
 6.2700e-01    1.4623e+02   -7.4217e-01    1.0407e+00
 6.2800e-01    1.4625e+02   -7.4181e-01    1.0404e+00
 6.2900e-01    1.4626e+02   -7.4140e-01    1.0401e+00
 6.3000e-01    1.4628e+02   -7.4093e-01    1.0397e+00
 6.3100e-01    1.4630e+02   -7.4043e-01    1.0393e+00
 6.3200e-01    1.4632e+02   -7.3990e-01    1.0389e+00
 6.3300e-01    1.4635e+02   -7.3938e-01    1.0384e+00
 6.3400e-01    1.4637e+02   -7.3888e-01    1.0380e+00
 6.3500e-01    1.4639e+02   -7.3841e-01    1.0376e+00
 6.3600e-01    1.4640e+02   -7.3796e-01    1.0373e+00
 6.3700e-01    1.4642e+02   -7.3755e-01    1.0369e+00
 6.3800e-01    1.4644e+02   -7.3720e-01    1.0366e+00
 6.3900e-01    1.4645e+02   -7.3690e-01    1.0364e+00
 6.4000e-01    1.4646e+02   -7.3667e-01    1.0362e+00
 6.4100e-01    1.4647e+02   -7.3649e-01    1.0360e+00
 6.4200e-01    1.4648e+02   -7.3636e-01    1.0358e+00
 6.4300e-01    1.4649e+02   -7.3628e-01    1.0357e+00
 6.4400e-01    1.4649e+02   -7.3624e-01    1.0356e+00
 6.4500e-01    1.4649e+02   -7.3624e-01    1.0356e+00
 6.4600e-01    1.4650e+02   -7.3627e-01    1.0356e+00
 6.4700e-01    1.4650e+02   -7.3633e-01    1.0356e+00
 6.4800e-01    1.4650e+02   -7.3640e-01    1.0356e+00
 6.4900e-01    1.4650e+02   -7.3647e-01    1.0356e+00
 6.5000e-01    1.4650e+02   -7.3654e-01    1.0355e+00
 6.5100e-01    1.4650e+02   -7.3661e-01    1.0355e+00
 6.5200e-01    1.4650e+02   -7.3668e-01    1.0355e+00
 6.5300e-01    1.4650e+02   -7.3673e-01    1.0355e+00
 6.5400e-01    1.4650e+02   -7.3678e-01    1.0355e+00
 6.5500e-01    1.4650e+02   -7.3682e-01    1.0355e+00
 6.5600e-01    1.4650e+02   -7.3687e-01    1.0355e+00
 6.5700e-01    1.4650e+02   -7.3694e-01    1.0355e+00
 6.5800e-01    1.4649e+02   -7.3705e-01    1.0355e+00
 6.5900e-01    1.4649e+02   -7.3718e-01    1.0355e+00
 6.6000e-01    1.4649e+02   -7.3733e-01    1.0356e+00
 6.6100e-01    1.4648e+02   -7.3749e-01    1.0357e+00
 6.6200e-01    1.4648e+02   -7.3765e-01    1.0357e+00
 6.6300e-01    1.4648e+02   -7.3779e-01    1.0358e+00
 6.6400e-01    1.4647e+02   -7.3793e-01    1.0358e+00
 6.6500e-01    1.4647e+02   -7.3808e-01    1.0359e+00
 6.6600e-01    1.4647e+02   -7.3823e-01    1.0359e+00
 6.6700e-01    1.4646e+02   -7.3834e-01    1.0360e+00
 6.6800e-01    1.4646e+02   -7.3843e-01    1.0360e+00
 6.6900e-01    1.4646e+02   -7.3848e-01    1.0360e+00
 6.7000e-01    1.4646e+02   -7.3848e-01    1.0359e+00
 6.7100e-01    1.4647e+02   -7.3843e-01    1.0359e+00
 6.7200e-01    1.4647e+02   -7.3832e-01    1.0357e+00
 6.7300e-01    1.4648e+02   -7.3814e-01    1.0356e+00
 6.7400e-01    1.4649e+02   -7.3791e-01    1.0354e+00
 6.7500e-01    1.4650e+02   -7.3762e-01    1.0351e+00
 6.7600e-01    1.4651e+02   -7.3729e-01    1.0348e+00
 6.7700e-01    1.4652e+02   -7.3693e-01    1.0345e+00
 6.7800e-01    1.4654e+02   -7.3657e-01    1.0342e+00
 6.7900e-01    1.4655e+02   -7.3622e-01    1.0339e+00
 6.8000e-01    1.4656e+02   -7.3591e-01    1.0336e+00
 6.8100e-01    1.4656e+02   -7.3565e-01    1.0334e+00
 6.8200e-01    1.4657e+02   -7.3547e-01    1.0333e+00
 6.8300e-01    1.4657e+02   -7.3536e-01    1.0331e+00
 6.8400e-01    1.4658e+02   -7.3534e-01    1.0331e+00
 6.8500e-01    1.4658e+02   -7.3540e-01    1.0331e+00
 6.8600e-01    1.4657e+02   -7.3555e-01    1.0331e+00
 6.8700e-01    1.4657e+02   -7.3576e-01    1.0332e+00
 6.8800e-01    1.4656e+02   -7.3605e-01    1.0334e+00
 6.8900e-01    1.4655e+02   -7.3639e-01    1.0335e+00
 6.9000e-01    1.4654e+02   -7.3675e-01    1.0338e+00
 6.9100e-01    1.4653e+02   -7.3712e-01    1.0340e+00
 6.9200e-01    1.4652e+02   -7.3749e-01    1.0342e+00
 6.9300e-01    1.4651e+02   -7.3783e-01    1.0344e+00
 6.9400e-01    1.4650e+02   -7.3814e-01    1.0345e+00
 6.9500e-01    1.4650e+02   -7.3838e-01    1.0347e+00
 6.9600e-01    1.4649e+02   -7.3859e-01    1.0348e+00
 6.9700e-01    1.4649e+02   -7.3873e-01    1.0348e+00
 6.9800e-01    1.4649e+02   -7.3881e-01    1.0348e+00
 6.9900e-01    1.4649e+02   -7.3882e-01    1.0348e+00
 7.0000e-01    1.4649e+02   -7.3875e-01    1.0347e+00
 7.0100e-01    1.4650e+02   -7.3862e-01    1.0346e+00
 7.0200e-01    1.4651e+02   -7.3843e-01    1.0344e+00
 7.0300e-01    1.4652e+02   -7.3819e-01    1.0342e+00
 7.0400e-01    1.4653e+02   -7.3792e-01    1.0339e+00
 7.0500e-01    1.4655e+02   -7.3760e-01    1.0337e+00
 7.0600e-01    1.4656e+02   -7.3726e-01    1.0334e+00
 7.0700e-01    1.4658e+02   -7.3687e-01    1.0330e+00
 7.0800e-01    1.4660e+02   -7.3643e-01    1.0327e+00
 7.0900e-01    1.4662e+02   -7.3594e-01    1.0323e+00
 7.1000e-01    1.4664e+02   -7.3540e-01    1.0319e+00
 7.1100e-01    1.4666e+02   -7.3484e-01    1.0314e+00
 7.1200e-01    1.4668e+02   -7.3425e-01    1.0310e+00
 7.1300e-01    1.4671e+02   -7.3368e-01    1.0305e+00
 7.1400e-01    1.4673e+02   -7.3316e-01    1.0301e+00
 7.1500e-01    1.4674e+02   -7.3267e-01    1.0297e+00
 7.1600e-01    1.4676e+02   -7.3224e-01    1.0293e+00
 7.1700e-01    1.4678e+02   -7.3189e-01    1.0290e+00
 7.1800e-01    1.4679e+02   -7.3158e-01    1.0288e+00
 7.1900e-01    1.4680e+02   -7.3135e-01    1.0286e+00
 7.2000e-01    1.4681e+02   -7.3120e-01    1.0284e+00
 7.2100e-01    1.4681e+02   -7.3111e-01    1.0283e+00
 7.2200e-01    1.4681e+02   -7.3109e-01    1.0283e+00
 7.2300e-01    1.4681e+02   -7.3117e-01    1.0283e+00
 7.2400e-01    1.4681e+02   -7.3133e-01    1.0284e+00
 7.2500e-01    1.4680e+02   -7.3154e-01    1.0285e+00
 7.2600e-01    1.4679e+02   -7.3183e-01    1.0286e+00
 7.2700e-01    1.4678e+02   -7.3220e-01    1.0289e+00
 7.2800e-01    1.4677e+02   -7.3265e-01    1.0291e+00
 7.2900e-01    1.4675e+02   -7.3316e-01    1.0294e+00
 7.3000e-01    1.4673e+02   -7.3371e-01    1.0298e+00
 7.3100e-01    1.4671e+02   -7.3431e-01    1.0302e+00
 7.3200e-01    1.4669e+02   -7.3493e-01    1.0306e+00
 7.3300e-01    1.4667e+02   -7.3555e-01    1.0310e+00
 7.3400e-01    1.4665e+02   -7.3620e-01    1.0314e+00
 7.3500e-01    1.4663e+02   -7.3684e-01    1.0318e+00
 7.3600e-01    1.4661e+02   -7.3746e-01    1.0322e+00
 7.3700e-01    1.4659e+02   -7.3805e-01    1.0326e+00
 7.3800e-01    1.4657e+02   -7.3858e-01    1.0329e+00
 7.3900e-01    1.4656e+02   -7.3901e-01    1.0331e+00
 7.4000e-01    1.4655e+02   -7.3932e-01    1.0333e+00
 7.4100e-01    1.4655e+02   -7.3949e-01    1.0334e+00
 7.4200e-01    1.4655e+02   -7.3951e-01    1.0334e+00
 7.4300e-01    1.4656e+02   -7.3936e-01    1.0332e+00
 7.4400e-01    1.4658e+02   -7.3904e-01    1.0330e+00
 7.4500e-01    1.4660e+02   -7.3856e-01    1.0326e+00
 7.4600e-01    1.4662e+02   -7.3795e-01    1.0321e+00
 7.4700e-01    1.4665e+02   -7.3720e-01    1.0316e+00
 7.4800e-01    1.4669e+02   -7.3631e-01    1.0309e+00
 7.4900e-01    1.4673e+02   -7.3529e-01    1.0301e+00
 7.5000e-01    1.4677e+02   -7.3416e-01    1.0293e+00
 7.5100e-01    1.4681e+02   -7.3296e-01    1.0284e+00
 7.5200e-01    1.4686e+02   -7.3171e-01    1.0275e+00
 7.5300e-01    1.4691e+02   -7.3043e-01    1.0265e+00
 7.5400e-01    1.4696e+02   -7.2915e-01    1.0256e+00
 7.5500e-01    1.4700e+02   -7.2788e-01    1.0247e+00
 7.5600e-01    1.4705e+02   -7.2667e-01    1.0238e+00
 7.5700e-01    1.4709e+02   -7.2555e-01    1.0229e+00
 7.5800e-01    1.4713e+02   -7.2456e-01    1.0222e+00
 7.5900e-01    1.4716e+02   -7.2370e-01    1.0215e+00
 7.6000e-01    1.4719e+02   -7.2301e-01    1.0210e+00
 7.6100e-01    1.4721e+02   -7.2249e-01    1.0206e+00
 7.6200e-01    1.4722e+02   -7.2213e-01    1.0203e+00
 7.6300e-01    1.4723e+02   -7.2194e-01    1.0201e+00
 7.6400e-01    1.4724e+02   -7.2190e-01    1.0201e+00
 7.6500e-01    1.4723e+02   -7.2201e-01    1.0201e+00
 7.6600e-01    1.4723e+02   -7.2225e-01    1.0202e+00
 7.6700e-01    1.4722e+02   -7.2263e-01    1.0205e+00
 7.6800e-01    1.4720e+02   -7.2315e-01    1.0208e+00
 7.6900e-01    1.4718e+02   -7.2379e-01    1.0212e+00
 7.7000e-01    1.4715e+02   -7.2457e-01    1.0217e+00
 7.7100e-01    1.4712e+02   -7.2545e-01    1.0223e+00
 7.7200e-01    1.4709e+02   -7.2639e-01    1.0229e+00
 7.7300e-01    1.4706e+02   -7.2736e-01    1.0236e+00
 7.7400e-01    1.4703e+02   -7.2834e-01    1.0242e+00
 7.7500e-01    1.4700e+02   -7.2929e-01    1.0248e+00
 7.7600e-01    1.4697e+02   -7.3020e-01    1.0254e+00
 7.7700e-01    1.4695e+02   -7.3103e-01    1.0260e+00
 7.7800e-01    1.4692e+02   -7.3178e-01    1.0265e+00
 7.7900e-01    1.4691e+02   -7.3241e-01    1.0269e+00
 7.8000e-01    1.4689e+02   -7.3288e-01    1.0272e+00
 7.8100e-01    1.4689e+02   -7.3318e-01    1.0274e+00
 7.8200e-01    1.4689e+02   -7.3329e-01    1.0274e+00
 7.8300e-01    1.4689e+02   -7.3322e-01    1.0273e+00
 7.8400e-01    1.4691e+02   -7.3295e-01    1.0271e+00
 7.8500e-01    1.4693e+02   -7.3249e-01    1.0267e+00
 7.8600e-01    1.4695e+02   -7.3186e-01    1.0263e+00
 7.8700e-01    1.4698e+02   -7.3106e-01    1.0257e+00
 7.8800e-01    1.4702e+02   -7.3009e-01    1.0249e+00
 7.8900e-01    1.4706e+02   -7.2899e-01    1.0241e+00
 7.9000e-01    1.4710e+02   -7.2776e-01    1.0232e+00
 7.9100e-01    1.4715e+02   -7.2642e-01    1.0222e+00
 7.9200e-01    1.4720e+02   -7.2498e-01    1.0212e+00
 7.9300e-01    1.4726e+02   -7.2350e-01    1.0201e+00
 7.9400e-01    1.4731e+02   -7.2205e-01    1.0190e+00
 7.9500e-01    1.4736e+02   -7.2063e-01    1.0180e+00
 7.9600e-01    1.4741e+02   -7.1929e-01    1.0170e+00
 7.9700e-01    1.4745e+02   -7.1806e-01    1.0161e+00
 7.9800e-01    1.4749e+02   -7.1698e-01    1.0153e+00
 7.9900e-01    1.4753e+02   -7.1608e-01    1.0146e+00
 8.0000e-01    1.4755e+02   -7.1538e-01    1.0141e+00
 8.0100e-01    1.4757e+02   -7.1488e-01    1.0137e+00
 8.0200e-01    1.4759e+02   -7.1459e-01    1.0135e+00
 8.0300e-01    1.4759e+02   -7.1451e-01    1.0134e+00
 8.0400e-01    1.4759e+02   -7.1466e-01    1.0135e+00
 8.0500e-01    1.4758e+02   -7.1501e-01    1.0137e+00
 8.0600e-01    1.4756e+02   -7.1558e-01    1.0140e+00
 8.0700e-01    1.4753e+02   -7.1633e-01    1.0145e+00
 8.0800e-01    1.4750e+02   -7.1725e-01    1.0151e+00
 8.0900e-01    1.4747e+02   -7.1834e-01    1.0159e+00
 8.1000e-01    1.4743e+02   -7.1956e-01    1.0167e+00
 8.1100e-01    1.4738e+02   -7.2089e-01    1.0176e+00
 8.1200e-01    1.4734e+02   -7.2228e-01    1.0185e+00
 8.1300e-01    1.4729e+02   -7.2370e-01    1.0195e+00
 8.1400e-01    1.4724e+02   -7.2511e-01    1.0205e+00
 8.1500e-01    1.4720e+02   -7.2649e-01    1.0214e+00
 8.1600e-01    1.4715e+02   -7.2781e-01    1.0223e+00
 8.1700e-01    1.4711e+02   -7.2903e-01    1.0231e+00
 8.1800e-01    1.4707e+02   -7.3013e-01    1.0239e+00
 8.1900e-01    1.4704e+02   -7.3106e-01    1.0245e+00
 8.2000e-01    1.4702e+02   -7.3180e-01    1.0250e+00
 8.2100e-01    1.4700e+02   -7.3234e-01    1.0253e+00
 8.2200e-01    1.4699e+02   -7.3271e-01    1.0255e+00
 8.2300e-01    1.4698e+02   -7.3288e-01    1.0256e+00
 8.2400e-01    1.4698e+02   -7.3283e-01    1.0256e+00
 8.2500e-01    1.4699e+02   -7.3259e-01    1.0254e+00
 8.2600e-01    1.4701e+02   -7.3216e-01    1.0250e+00
 8.2700e-01    1.4703e+02   -7.3154e-01    1.0246e+00
 8.2800e-01    1.4706e+02   -7.3074e-01    1.0240e+00
 8.2900e-01    1.4709e+02   -7.2977e-01    1.0232e+00
 8.3000e-01    1.4713e+02   -7.2866e-01    1.0224e+00
 8.3100e-01    1.4718e+02   -7.2744e-01    1.0215e+00
 8.3200e-01    1.4722e+02   -7.2613e-01    1.0206e+00
 8.3300e-01    1.4727e+02   -7.2478e-01    1.0196e+00
 8.3400e-01    1.4731e+02   -7.2344e-01    1.0186e+00
 8.3500e-01    1.4736e+02   -7.2214e-01    1.0176e+00
 8.3600e-01    1.4740e+02   -7.2092e-01    1.0167e+00
 8.3700e-01    1.4744e+02   -7.1980e-01    1.0159e+00
 8.3800e-01    1.4748e+02   -7.1882e-01    1.0152e+00
 8.3900e-01    1.4751e+02   -7.1801e-01    1.0146e+00
 8.4000e-01    1.4753e+02   -7.1741e-01    1.0141e+00
 8.4100e-01    1.4754e+02   -7.1702e-01    1.0138e+00
 8.4200e-01    1.4755e+02   -7.1687e-01    1.0137e+00
 8.4300e-01    1.4755e+02   -7.1695e-01    1.0137e+00
 8.4400e-01    1.4754e+02   -7.1725e-01    1.0139e+00
 8.4500e-01    1.4753e+02   -7.1776e-01    1.0142e+00
 8.4600e-01    1.4751e+02   -7.1844e-01    1.0146e+00
 8.4700e-01    1.4748e+02   -7.1929e-01    1.0152e+00
 8.4800e-01    1.4745e+02   -7.2028e-01    1.0159e+00
 8.4900e-01    1.4742e+02   -7.2138e-01    1.0166e+00
 8.5000e-01    1.4738e+02   -7.2254e-01    1.0174e+00
 8.5100e-01    1.4735e+02   -7.2374e-01    1.0182e+00
 8.5200e-01    1.4731e+02   -7.2491e-01    1.0190e+00
 8.5300e-01    1.4728e+02   -7.2602e-01    1.0198e+00
 8.5400e-01    1.4725e+02   -7.2705e-01    1.0205e+00
 8.5500e-01    1.4722e+02   -7.2796e-01    1.0211e+00
 8.5600e-01    1.4720e+02   -7.2871e-01    1.0216e+00
 8.5700e-01    1.4718e+02   -7.2928e-01    1.0219e+00
 8.5800e-01    1.4717e+02   -7.2965e-01    1.0222e+00
 8.5900e-01    1.4717e+02   -7.2981e-01    1.0223e+00
 8.6000e-01    1.4717e+02   -7.2976e-01    1.0222e+00
 8.6100e-01    1.4719e+02   -7.2951e-01    1.0220e+00
 8.6200e-01    1.4720e+02   -7.2905e-01    1.0216e+00
 8.6300e-01    1.4723e+02   -7.2839e-01    1.0211e+00
 8.6400e-01    1.4726e+02   -7.2753e-01    1.0205e+00
 8.6500e-01    1.4730e+02   -7.2648e-01    1.0197e+00
 8.6600e-01    1.4734e+02   -7.2528e-01    1.0188e+00
 8.6700e-01    1.4739e+02   -7.2394e-01    1.0179e+00
 8.6800e-01    1.4744e+02   -7.2251e-01    1.0168e+00
 8.6900e-01    1.4749e+02   -7.2103e-01    1.0158e+00
 8.7000e-01    1.4755e+02   -7.1952e-01    1.0147e+00
 8.7100e-01    1.4760e+02   -7.1804e-01    1.0136e+00
 8.7200e-01    1.4765e+02   -7.1662e-01    1.0125e+00
 8.7300e-01    1.4769e+02   -7.1532e-01    1.0116e+00
 8.7400e-01    1.4773e+02   -7.1418e-01    1.0107e+00
 8.7500e-01    1.4776e+02   -7.1323e-01    1.0101e+00
 8.7600e-01    1.4779e+02   -7.1250e-01    1.0095e+00
 8.7700e-01    1.4781e+02   -7.1200e-01    1.0091e+00
 8.7800e-01    1.4781e+02   -7.1174e-01    1.0089e+00
 8.7900e-01    1.4781e+02   -7.1171e-01    1.0089e+00
 8.8000e-01    1.4781e+02   -7.1193e-01    1.0090e+00
 8.8100e-01    1.4779e+02   -7.1242e-01    1.0093e+00
 8.8200e-01    1.4776e+02   -7.1319e-01    1.0098e+00
 8.8300e-01    1.4773e+02   -7.1420e-01    1.0105e+00
 8.8400e-01    1.4768e+02   -7.1544e-01    1.0114e+00
 8.8500e-01    1.4763e+02   -7.1686e-01    1.0124e+00
 8.8600e-01    1.4758e+02   -7.1844e-01    1.0135e+00
 8.8700e-01    1.4752e+02   -7.2012e-01    1.0146e+00
 8.8800e-01    1.4747e+02   -7.2185e-01    1.0158e+00
 8.8900e-01    1.4741e+02   -7.2360e-01    1.0170e+00
 8.9000e-01    1.4735e+02   -7.2531e-01    1.0182e+00
 8.9100e-01    1.4729e+02   -7.2694e-01    1.0193e+00
 8.9200e-01    1.4724e+02   -7.2845e-01    1.0203e+00
 8.9300e-01    1.4720e+02   -7.2978e-01    1.0213e+00
 8.9400e-01    1.4716e+02   -7.3090e-01    1.0220e+00
 8.9500e-01    1.4713e+02   -7.3176e-01    1.0226e+00
 8.9600e-01    1.4712e+02   -7.3234e-01    1.0230e+00
 8.9700e-01    1.4711e+02   -7.3262e-01    1.0232e+00
 8.9800e-01    1.4711e+02   -7.3261e-01    1.0231e+00
 8.9900e-01    1.4712e+02   -7.3229e-01    1.0229e+00
 9.0000e-01    1.4715e+02   -7.3168e-01    1.0224e+00
 9.0100e-01    1.4718e+02   -7.3078e-01    1.0218e+00
 9.0200e-01    1.4722e+02   -7.2963e-01    1.0209e+00
 9.0300e-01    1.4727e+02   -7.2824e-01    1.0199e+00
 9.0400e-01    1.4732e+02   -7.2665e-01    1.0187e+00
 9.0500e-01    1.4738e+02   -7.2492e-01    1.0175e+00
 9.0600e-01    1.4745e+02   -7.2308e-01    1.0162e+00
 9.0700e-01    1.4751e+02   -7.2118e-01    1.0148e+00
 9.0800e-01    1.4758e+02   -7.1929e-01    1.0134e+00
 9.0900e-01    1.4764e+02   -7.1747e-01    1.0121e+00
 9.1000e-01    1.4770e+02   -7.1574e-01    1.0109e+00
 9.1100e-01    1.4776e+02   -7.1416e-01    1.0098e+00
 9.1200e-01    1.4781e+02   -7.1278e-01    1.0087e+00
 9.1300e-01    1.4785e+02   -7.1162e-01    1.0079e+00
 9.1400e-01    1.4788e+02   -7.1071e-01    1.0072e+00
 9.1500e-01    1.4790e+02   -7.1009e-01    1.0068e+00
 9.1600e-01    1.4792e+02   -7.0975e-01    1.0065e+00
 9.1700e-01    1.4793e+02   -7.0969e-01    1.0064e+00
 9.1800e-01    1.4792e+02   -7.0989e-01    1.0065e+00
 9.1900e-01    1.4791e+02   -7.1030e-01    1.0068e+00
 9.2000e-01    1.4789e+02   -7.1094e-01    1.0072e+00
 9.2100e-01    1.4787e+02   -7.1177e-01    1.0078e+00
 9.2200e-01    1.4784e+02   -7.1277e-01    1.0085e+00
 9.2300e-01    1.4780e+02   -7.1393e-01    1.0093e+00
 9.2400e-01    1.4776e+02   -7.1521e-01    1.0101e+00
 9.2500e-01    1.4771e+02   -7.1656e-01    1.0111e+00
 9.2600e-01    1.4767e+02   -7.1793e-01    1.0120e+00
 9.2700e-01    1.4762e+02   -7.1930e-01    1.0130e+00
 9.2800e-01    1.4758e+02   -7.2063e-01    1.0139e+00
 9.2900e-01    1.4754e+02   -7.2189e-01    1.0148e+00
 9.3000e-01    1.4750e+02   -7.2308e-01    1.0156e+00
 9.3100e-01    1.4746e+02   -7.2416e-01    1.0163e+00
 9.3200e-01    1.4743e+02   -7.2510e-01    1.0170e+00
 9.3300e-01    1.4741e+02   -7.2583e-01    1.0174e+00
 9.3400e-01    1.4739e+02   -7.2632e-01    1.0178e+00
 9.3500e-01    1.4738e+02   -7.2657e-01    1.0179e+00
 9.3600e-01    1.4738e+02   -7.2657e-01    1.0179e+00
 9.3700e-01    1.4739e+02   -7.2633e-01    1.0177e+00
 9.3800e-01    1.4741e+02   -7.2586e-01    1.0173e+00
 9.3900e-01    1.4743e+02   -7.2519e-01    1.0168e+00
 9.4000e-01    1.4745e+02   -7.2434e-01    1.0162e+00
 9.4100e-01    1.4749e+02   -7.2335e-01    1.0155e+00
 9.4200e-01    1.4752e+02   -7.2224e-01    1.0147e+00
 9.4300e-01    1.4756e+02   -7.2103e-01    1.0138e+00
 9.4400e-01    1.4760e+02   -7.1979e-01    1.0129e+00
 9.4500e-01    1.4765e+02   -7.1855e-01    1.0120e+00
 9.4600e-01    1.4769e+02   -7.1735e-01    1.0111e+00
 9.4700e-01    1.4773e+02   -7.1621e-01    1.0103e+00
 9.4800e-01    1.4776e+02   -7.1518e-01    1.0096e+00
 9.4900e-01    1.4779e+02   -7.1429e-01    1.0089e+00
 9.5000e-01    1.4782e+02   -7.1355e-01    1.0083e+00
 9.5100e-01    1.4784e+02   -7.1298e-01    1.0079e+00
 9.5200e-01    1.4785e+02   -7.1258e-01    1.0076e+00
 9.5300e-01    1.4786e+02   -7.1236e-01    1.0074e+00
 9.5400e-01    1.4787e+02   -7.1235e-01    1.0074e+00
 9.5500e-01    1.4786e+02   -7.1255e-01    1.0075e+00
 9.5600e-01    1.4785e+02   -7.1295e-01    1.0078e+00
 9.5700e-01    1.4783e+02   -7.1356e-01    1.0082e+00
 9.5800e-01    1.4781e+02   -7.1433e-01    1.0087e+00
 9.5900e-01    1.4778e+02   -7.1525e-01    1.0094e+00
 9.6000e-01    1.4775e+02   -7.1627e-01    1.0101e+00
 9.6100e-01    1.4771e+02   -7.1736e-01    1.0108e+00
 9.6200e-01    1.4767e+02   -7.1848e-01    1.0116e+00
 9.6300e-01    1.4764e+02   -7.1959e-01    1.0123e+00
 9.6400e-01    1.4760e+02   -7.2067e-01    1.0131e+00
 9.6500e-01    1.4757e+02   -7.2168e-01    1.0138e+00
 9.6600e-01    1.4754e+02   -7.2260e-01    1.0144e+00
 9.6700e-01    1.4751e+02   -7.2342e-01    1.0150e+00
 9.6800e-01    1.4749e+02   -7.2411e-01    1.0154e+00
 9.6900e-01    1.4747e+02   -7.2465e-01    1.0158e+00
 9.7000e-01    1.4746e+02   -7.2502e-01    1.0160e+00
 9.7100e-01    1.4745e+02   -7.2523e-01    1.0162e+00
 9.7200e-01    1.4745e+02   -7.2525e-01    1.0162e+00
 9.7300e-01    1.4746e+02   -7.2506e-01    1.0160e+00
 9.7400e-01    1.4748e+02   -7.2468e-01    1.0157e+00
 9.7500e-01    1.4750e+02   -7.2410e-01    1.0153e+00
 9.7600e-01    1.4753e+02   -7.2333e-01    1.0147e+00
 9.7700e-01    1.4756e+02   -7.2237e-01    1.0140e+00
 9.7800e-01    1.4760e+02   -7.2126e-01    1.0132e+00
 9.7900e-01    1.4764e+02   -7.2002e-01    1.0123e+00
 9.8000e-01    1.4769e+02   -7.1869e-01    1.0114e+00
 9.8100e-01    1.4774e+02   -7.1731e-01    1.0104e+00
 9.8200e-01    1.4779e+02   -7.1593e-01    1.0094e+00
 9.8300e-01    1.4783e+02   -7.1457e-01    1.0084e+00
 9.8400e-01    1.4788e+02   -7.1327e-01    1.0075e+00
 9.8500e-01    1.4792e+02   -7.1209e-01    1.0066e+00
 9.8600e-01    1.4795e+02   -7.1108e-01    1.0059e+00
 9.8700e-01    1.4798e+02   -7.1026e-01    1.0053e+00
 9.8800e-01    1.4800e+02   -7.0968e-01    1.0048e+00
 9.8900e-01    1.4801e+02   -7.0936e-01    1.0046e+00
 9.9000e-01    1.4801e+02   -7.0933e-01    1.0046e+00
 9.9100e-01    1.4800e+02   -7.0957e-01    1.0047e+00
 9.9200e-01    1.4798e+02   -7.1008e-01    1.0050e+00
 9.9300e-01    1.4796e+02   -7.1086e-01    1.0056e+00
 9.9400e-01    1.4793e+02   -7.1186e-01    1.0063e+00
 9.9500e-01    1.4789e+02   -7.1306e-01    1.0071e+00
 9.9600e-01    1.4784e+02   -7.1442e-01    1.0080e+00
 9.9700e-01    1.4779e+02   -7.1587e-01    1.0090e+00
 9.9800e-01    1.4774e+02   -7.1735e-01    1.0101e+00
 9.9900e-01    1.4770e+02   -7.1883e-01    1.0111e+00
 1.0000e+00    1.4765e+02   -7.2024e-01    1.0121e+00
 1.0010e+00    1.4760e+02   -7.2154e-01    1.0130e+00
 1.0020e+00    1.4756e+02   -7.2270e-01    1.0138e+00
 1.0030e+00    1.4753e+02   -7.2369e-01    1.0145e+00
 1.0040e+00    1.4750e+02   -7.2450e-01    1.0150e+00
 1.0050e+00    1.4748e+02   -7.2509e-01    1.0154e+00
 1.0060e+00    1.4747e+02   -7.2546e-01    1.0157e+00
 1.0070e+00    1.4747e+02   -7.2560e-01    1.0157e+00
 1.0080e+00    1.4747e+02   -7.2550e-01    1.0157e+00
 1.0090e+00    1.4748e+02   -7.2517e-01    1.0154e+00
 1.0100e+00    1.4750e+02   -7.2460e-01    1.0150e+00
 1.0110e+00    1.4753e+02   -7.2383e-01    1.0144e+00
 1.0120e+00    1.4756e+02   -7.2287e-01    1.0137e+00
 1.0130e+00    1.4760e+02   -7.2174e-01    1.0129e+00
 1.0140e+00    1.4764e+02   -7.2047e-01    1.0120e+00
 1.0150e+00    1.4769e+02   -7.1911e-01    1.0110e+00
 1.0160e+00    1.4774e+02   -7.1768e-01    1.0100e+00
 1.0170e+00    1.4779e+02   -7.1622e-01    1.0089e+00
 1.0180e+00    1.4784e+02   -7.1480e-01    1.0079e+00
 1.0190e+00    1.4788e+02   -7.1347e-01    1.0070e+00
 1.0200e+00    1.4792e+02   -7.1227e-01    1.0061e+00
 1.0210e+00    1.4796e+02   -7.1122e-01    1.0053e+00
 1.0220e+00    1.4799e+02   -7.1036e-01    1.0047e+00
 1.0230e+00    1.4801e+02   -7.0973e-01    1.0042e+00
 1.0240e+00    1.4803e+02   -7.0933e-01    1.0039e+00
 1.0250e+00    1.4803e+02   -7.0918e-01    1.0038e+00
 1.0260e+00    1.4803e+02   -7.0927e-01    1.0039e+00
 1.0270e+00    1.4802e+02   -7.0961e-01    1.0041e+00
 1.0280e+00    1.4800e+02   -7.1016e-01    1.0045e+00
 1.0290e+00    1.4798e+02   -7.1091e-01    1.0050e+00
 1.0300e+00    1.4795e+02   -7.1183e-01    1.0056e+00
 1.0310e+00    1.4791e+02   -7.1288e-01    1.0063e+00
 1.0320e+00    1.4788e+02   -7.1404e-01    1.0071e+00
 1.0330e+00    1.4783e+02   -7.1528e-01    1.0080e+00
 1.0340e+00    1.4779e+02   -7.1656e-01    1.0089e+00
 1.0350e+00    1.4775e+02   -7.1784e-01    1.0098e+00
 1.0360e+00    1.4771e+02   -7.1910e-01    1.0106e+00
 1.0370e+00    1.4767e+02   -7.2029e-01    1.0115e+00
 1.0380e+00    1.4763e+02   -7.2136e-01    1.0122e+00
 1.0390e+00    1.4760e+02   -7.2228e-01    1.0128e+00
 1.0400e+00    1.4757e+02   -7.2303e-01    1.0134e+00
 1.0410e+00    1.4756e+02   -7.2360e-01    1.0137e+00
 1.0420e+00    1.4755e+02   -7.2398e-01    1.0140e+00
 1.0430e+00    1.4754e+02   -7.2414e-01    1.0141e+00
 1.0440e+00    1.4755e+02   -7.2408e-01    1.0140e+00
 1.0450e+00    1.4756e+02   -7.2380e-01    1.0138e+00
 1.0460e+00    1.4758e+02   -7.2331e-01    1.0135e+00
 1.0470e+00    1.4760e+02   -7.2260e-01    1.0129e+00
 1.0480e+00    1.4764e+02   -7.2168e-01    1.0123e+00
 1.0490e+00    1.4768e+02   -7.2057e-01    1.0115e+00
 1.0500e+00    1.4772e+02   -7.1929e-01    1.0106e+00
 1.0510e+00    1.4777e+02   -7.1787e-01    1.0095e+00
 1.0520e+00    1.4783e+02   -7.1635e-01    1.0084e+00
 1.0530e+00    1.4788e+02   -7.1474e-01    1.0073e+00
 1.0540e+00    1.4794e+02   -7.1310e-01    1.0061e+00
 1.0550e+00    1.4799e+02   -7.1145e-01    1.0049e+00
 1.0560e+00    1.4805e+02   -7.0988e-01    1.0038e+00
 1.0570e+00    1.4810e+02   -7.0843e-01    1.0028e+00
 1.0580e+00    1.4814e+02   -7.0713e-01    1.0018e+00
 1.0590e+00    1.4818e+02   -7.0601e-01    1.0010e+00
 1.0600e+00    1.4821e+02   -7.0515e-01    1.0004e+00
 1.0610e+00    1.4823e+02   -7.0454e-01    9.9993e-01
 1.0620e+00    1.4824e+02   -7.0422e-01    9.9968e-01
 1.0630e+00    1.4824e+02   -7.0420e-01    9.9965e-01
 1.0640e+00    1.4823e+02   -7.0450e-01    9.9985e-01
 1.0650e+00    1.4821e+02   -7.0512e-01    1.0003e+00
 1.0660e+00    1.4818e+02   -7.0603e-01    1.0009e+00
 1.0670e+00    1.4814e+02   -7.0722e-01    1.0017e+00
 1.0680e+00    1.4809e+02   -7.0864e-01    1.0027e+00
 1.0690e+00    1.4804e+02   -7.1027e-01    1.0038e+00
 1.0700e+00    1.4798e+02   -7.1201e-01    1.0050e+00
 1.0710e+00    1.4792e+02   -7.1386e-01    1.0063e+00
 1.0720e+00    1.4785e+02   -7.1573e-01    1.0076e+00
 1.0730e+00    1.4779e+02   -7.1757e-01    1.0089e+00
 1.0740e+00    1.4773e+02   -7.1933e-01    1.0101e+00
 1.0750e+00    1.4768e+02   -7.2097e-01    1.0113e+00
 1.0760e+00    1.4763e+02   -7.2246e-01    1.0123e+00
 1.0770e+00    1.4758e+02   -7.2375e-01    1.0132e+00
 1.0780e+00    1.4755e+02   -7.2480e-01    1.0140e+00
 1.0790e+00    1.4752e+02   -7.2557e-01    1.0145e+00
 1.0800e+00    1.4751e+02   -7.2603e-01    1.0148e+00
 1.0810e+00    1.4750e+02   -7.2619e-01    1.0149e+00
 1.0820e+00    1.4751e+02   -7.2603e-01    1.0148e+00
 1.0830e+00    1.4753e+02   -7.2556e-01    1.0144e+00
 1.0840e+00    1.4756e+02   -7.2478e-01    1.0139e+00
 1.0850e+00    1.4759e+02   -7.2371e-01    1.0131e+00
 1.0860e+00    1.4764e+02   -7.2239e-01    1.0122e+00
 1.0870e+00    1.4769e+02   -7.2086e-01    1.0111e+00
 1.0880e+00    1.4775e+02   -7.1914e-01    1.0099e+00
 1.0890e+00    1.4782e+02   -7.1730e-01    1.0085e+00
 1.0900e+00    1.4788e+02   -7.1540e-01    1.0072e+00
 1.0910e+00    1.4795e+02   -7.1349e-01    1.0058e+00
 1.0920e+00    1.4801e+02   -7.1160e-01    1.0045e+00
 1.0930e+00    1.4807e+02   -7.0982e-01    1.0032e+00
 1.0940e+00    1.4812e+02   -7.0820e-01    1.0020e+00
 1.0950e+00    1.4817e+02   -7.0678e-01    1.0010e+00
 1.0960e+00    1.4821e+02   -7.0561e-01    1.0002e+00
 1.0970e+00    1.4824e+02   -7.0473e-01    9.9954e-01
 1.0980e+00    1.4826e+02   -7.0419e-01    9.9914e-01
 1.0990e+00    1.4826e+02   -7.0398e-01    9.9898e-01
 1.1000e+00    1.4826e+02   -7.0413e-01    9.9908e-01
 1.1010e+00    1.4824e+02   -7.0464e-01    9.9943e-01
 1.1020e+00    1.4821e+02   -7.0548e-01    1.0000e+00
 1.1030e+00    1.4817e+02   -7.0662e-01    1.0008e+00
 1.1040e+00    1.4812e+02   -7.0803e-01    1.0018e+00
 1.1050e+00    1.4807e+02   -7.0966e-01    1.0029e+00
 1.1060e+00    1.4800e+02   -7.1147e-01    1.0042e+00
 1.1070e+00    1.4794e+02   -7.1342e-01    1.0056e+00
 1.1080e+00    1.4787e+02   -7.1543e-01    1.0070e+00
 1.1090e+00    1.4780e+02   -7.1746e-01    1.0084e+00
 1.1100e+00    1.4774e+02   -7.1945e-01    1.0098e+00
 1.1110e+00    1.4767e+02   -7.2130e-01    1.0111e+00
 1.1120e+00    1.4762e+02   -7.2298e-01    1.0123e+00
 1.1130e+00    1.4757e+02   -7.2448e-01    1.0133e+00
 1.1140e+00    1.4752e+02   -7.2571e-01    1.0142e+00
 1.1150e+00    1.4749e+02   -7.2667e-01    1.0148e+00
 1.1160e+00    1.4747e+02   -7.2733e-01    1.0153e+00
 1.1170e+00    1.4746e+02   -7.2767e-01    1.0155e+00
 1.1180e+00    1.4746e+02   -7.2766e-01    1.0155e+00
 1.1190e+00    1.4748e+02   -7.2729e-01    1.0152e+00
 1.1200e+00    1.4750e+02   -7.2658e-01    1.0147e+00
 1.1210e+00    1.4754e+02   -7.2555e-01    1.0140e+00
 1.1220e+00    1.4759e+02   -7.2423e-01    1.0130e+00
 1.1230e+00    1.4764e+02   -7.2265e-01    1.0119e+00
 1.1240e+00    1.4771e+02   -7.2086e-01    1.0106e+00
 1.1250e+00    1.4778e+02   -7.1889e-01    1.0092e+00
 1.1260e+00    1.4785e+02   -7.1679e-01    1.0077e+00
 1.1270e+00    1.4793e+02   -7.1461e-01    1.0062e+00
 1.1280e+00    1.4800e+02   -7.1240e-01    1.0046e+00
 1.1290e+00    1.4808e+02   -7.1024e-01    1.0030e+00
 1.1300e+00    1.4815e+02   -7.0819e-01    1.0016e+00
 1.1310e+00    1.4821e+02   -7.0630e-01    1.0002e+00
 1.1320e+00    1.4827e+02   -7.0464e-01    9.9905e-01
 1.1330e+00    1.4831e+02   -7.0325e-01    9.9806e-01
 1.1340e+00    1.4835e+02   -7.0216e-01    9.9728e-01
 1.1350e+00    1.4838e+02   -7.0141e-01    9.9674e-01
 1.1360e+00    1.4839e+02   -7.0100e-01    9.9643e-01
 1.1370e+00    1.4839e+02   -7.0096e-01    9.9639e-01
 1.1380e+00    1.4838e+02   -7.0129e-01    9.9662e-01
 1.1390e+00    1.4835e+02   -7.0200e-01    9.9711e-01
 1.1400e+00    1.4832e+02   -7.0307e-01    9.9787e-01
 1.1410e+00    1.4827e+02   -7.0448e-01    9.9885e-01
 1.1420e+00    1.4821e+02   -7.0618e-01    1.0000e+00
 1.1430e+00    1.4815e+02   -7.0812e-01    1.0014e+00
 1.1440e+00    1.4807e+02   -7.1025e-01    1.0029e+00
 1.1450e+00    1.4800e+02   -7.1251e-01    1.0045e+00
 1.1460e+00    1.4792e+02   -7.1485e-01    1.0061e+00
 1.1470e+00    1.4784e+02   -7.1721e-01    1.0078e+00
 1.1480e+00    1.4776e+02   -7.1951e-01    1.0094e+00
 1.1490e+00    1.4768e+02   -7.2168e-01    1.0109e+00
 1.1500e+00    1.4761e+02   -7.2368e-01    1.0123e+00
 1.1510e+00    1.4755e+02   -7.2545e-01    1.0136e+00
 1.1520e+00    1.4750e+02   -7.2694e-01    1.0146e+00
 1.1530e+00    1.4746e+02   -7.2810e-01    1.0154e+00
 1.1540e+00    1.4743e+02   -7.2892e-01    1.0160e+00
 1.1550e+00    1.4741e+02   -7.2936e-01    1.0163e+00
 1.1560e+00    1.4741e+02   -7.2943e-01    1.0163e+00
 1.1570e+00    1.4742e+02   -7.2913e-01    1.0161e+00
 1.1580e+00    1.4744e+02   -7.2847e-01    1.0156e+00
 1.1590e+00    1.4747e+02   -7.2747e-01    1.0149e+00
 1.1600e+00    1.4752e+02   -7.2616e-01    1.0139e+00
 1.1610e+00    1.4757e+02   -7.2456e-01    1.0128e+00
 1.1620e+00    1.4763e+02   -7.2273e-01    1.0115e+00
 1.1630e+00    1.4770e+02   -7.2069e-01    1.0100e+00
 1.1640e+00    1.4777e+02   -7.1852e-01    1.0085e+00
 1.1650e+00    1.4785e+02   -7.1628e-01    1.0069e+00
 1.1660e+00    1.4793e+02   -7.1401e-01    1.0053e+00
 1.1670e+00    1.4800e+02   -7.1180e-01    1.0037e+00
 1.1680e+00    1.4807e+02   -7.0970e-01    1.0022e+00
 1.1690e+00    1.4814e+02   -7.0776e-01    1.0009e+00
 1.1700e+00    1.4819e+02   -7.0605e-01    9.9965e-01
 1.1710e+00    1.4824e+02   -7.0460e-01    9.9862e-01
 1.1720e+00    1.4828e+02   -7.0348e-01    9.9781e-01
 1.1730e+00    1.4831e+02   -7.0271e-01    9.9725e-01
 1.1740e+00    1.4832e+02   -7.0233e-01    9.9697e-01
 1.1750e+00    1.4832e+02   -7.0234e-01    9.9696e-01
 1.1760e+00    1.4831e+02   -7.0274e-01    9.9724e-01
 1.1770e+00    1.4829e+02   -7.0352e-01    9.9780e-01
 1.1780e+00    1.4825e+02   -7.0463e-01    9.9858e-01
 1.1790e+00    1.4821e+02   -7.0602e-01    9.9955e-01
 1.1800e+00    1.4816e+02   -7.0766e-01    1.0007e+00
 1.1810e+00    1.4810e+02   -7.0948e-01    1.0020e+00
 1.1820e+00    1.4803e+02   -7.1144e-01    1.0034e+00
 1.1830e+00    1.4797e+02   -7.1347e-01    1.0048e+00
 1.1840e+00    1.4790e+02   -7.1550e-01    1.0062e+00
 1.1850e+00    1.4783e+02   -7.1748e-01    1.0076e+00
 1.1860e+00    1.4777e+02   -7.1935e-01    1.0089e+00
 1.1870e+00    1.4772e+02   -7.2105e-01    1.0101e+00
 1.1880e+00    1.4767e+02   -7.2255e-01    1.0112e+00
 1.1890e+00    1.4762e+02   -7.2380e-01    1.0120e+00
 1.1900e+00    1.4759e+02   -7.2477e-01    1.0127e+00
 1.1910e+00    1.4757e+02   -7.2544e-01    1.0132e+00
 1.1920e+00    1.4755e+02   -7.2582e-01    1.0135e+00
 1.1930e+00    1.4755e+02   -7.2590e-01    1.0135e+00
 1.1940e+00    1.4756e+02   -7.2565e-01    1.0133e+00
 1.1950e+00    1.4758e+02   -7.2509e-01    1.0129e+00
 1.1960e+00    1.4761e+02   -7.2424e-01    1.0123e+00
 1.1970e+00    1.4765e+02   -7.2311e-01    1.0115e+00
 1.1980e+00    1.4770e+02   -7.2170e-01    1.0105e+00
 1.1990e+00    1.4776e+02   -7.2005e-01    1.0094e+00
 1.2000e+00    1.4782e+02   -7.1820e-01    1.0080e+00
 1.2010e+00    1.4789e+02   -7.1618e-01    1.0066e+00
 1.2020e+00    1.4796e+02   -7.1406e-01    1.0051e+00
 1.2030e+00    1.4804e+02   -7.1188e-01    1.0036e+00
 1.2040e+00    1.4811e+02   -7.0971e-01    1.0020e+00
 1.2050e+00    1.4818e+02   -7.0763e-01    1.0005e+00
 1.2060e+00    1.4825e+02   -7.0571e-01    9.9918e-01
 1.2070e+00    1.4830e+02   -7.0400e-01    9.9796e-01
 1.2080e+00    1.4835e+02   -7.0256e-01    9.9695e-01
 1.2090e+00    1.4839e+02   -7.0144e-01    9.9615e-01
 1.2100e+00    1.4842e+02   -7.0068e-01    9.9561e-01
 1.2110e+00    1.4843e+02   -7.0030e-01    9.9534e-01
 1.2120e+00    1.4843e+02   -7.0031e-01    9.9533e-01
 1.2130e+00    1.4842e+02   -7.0070e-01    9.9560e-01
 1.2140e+00    1.4840e+02   -7.0147e-01    9.9614e-01
 1.2150e+00    1.4836e+02   -7.0257e-01    9.9691e-01
 1.2160e+00    1.4832e+02   -7.0395e-01    9.9788e-01
 1.2170e+00    1.4826e+02   -7.0559e-01    9.9903e-01
 1.2180e+00    1.4820e+02   -7.0745e-01    1.0003e+00
 1.2190e+00    1.4814e+02   -7.0943e-01    1.0017e+00
 1.2200e+00    1.4807e+02   -7.1149e-01    1.0032e+00
 1.2210e+00    1.4800e+02   -7.1356e-01    1.0046e+00
 1.2220e+00    1.4793e+02   -7.1558e-01    1.0061e+00
 1.2230e+00    1.4787e+02   -7.1748e-01    1.0074e+00
 1.2240e+00    1.4781e+02   -7.1922e-01    1.0086e+00
 1.2250e+00    1.4776e+02   -7.2075e-01    1.0097e+00
 1.2260e+00    1.4772e+02   -7.2201e-01    1.0106e+00
 1.2270e+00    1.4769e+02   -7.2297e-01    1.0113e+00
 1.2280e+00    1.4767e+02   -7.2358e-01    1.0117e+00
 1.2290e+00    1.4766e+02   -7.2383e-01    1.0119e+00
 1.2300e+00    1.4767e+02   -7.2371e-01    1.0118e+00
 1.2310e+00    1.4768e+02   -7.2320e-01    1.0114e+00
 1.2320e+00    1.4771e+02   -7.2233e-01    1.0108e+00
 1.2330e+00    1.4775e+02   -7.2111e-01    1.0099e+00
 1.2340e+00    1.4780e+02   -7.1957e-01    1.0088e+00
 1.2350e+00    1.4786e+02   -7.1778e-01    1.0076e+00
 1.2360e+00    1.4793e+02   -7.1577e-01    1.0062e+00
 1.2370e+00    1.4800e+02   -7.1361e-01    1.0046e+00
 1.2380e+00    1.4808e+02   -7.1136e-01    1.0030e+00
 1.2390e+00    1.4816e+02   -7.0907e-01    1.0014e+00
 1.2400e+00    1.4823e+02   -7.0681e-01    9.9979e-01
 1.2410e+00    1.4830e+02   -7.0464e-01    9.9826e-01
 1.2420e+00    1.4837e+02   -7.0264e-01    9.9683e-01
 1.2430e+00    1.4843e+02   -7.0086e-01    9.9557e-01
 1.2440e+00    1.4847e+02   -6.9936e-01    9.9452e-01
 1.2450e+00    1.4851e+02   -6.9822e-01    9.9372e-01
 1.2460e+00    1.4854e+02   -6.9747e-01    9.9319e-01
 1.2470e+00    1.4855e+02   -6.9713e-01    9.9295e-01
 1.2480e+00    1.4854e+02   -6.9720e-01    9.9300e-01
 1.2490e+00    1.4853e+02   -6.9770e-01    9.9335e-01
 1.2500e+00    1.4850e+02   -6.9861e-01    9.9398e-01
 1.2510e+00    1.4846e+02   -6.9992e-01    9.9490e-01
 1.2520e+00    1.4840e+02   -7.0156e-01    9.9606e-01
 1.2530e+00    1.4834e+02   -7.0348e-01    9.9740e-01
 1.2540e+00    1.4827e+02   -7.0560e-01    9.9890e-01
 1.2550e+00    1.4819e+02   -7.0787e-01    1.0005e+00
 1.2560e+00    1.4811e+02   -7.1019e-01    1.0021e+00
 1.2570e+00    1.4804e+02   -7.1251e-01    1.0038e+00
 1.2580e+00    1.4796e+02   -7.1475e-01    1.0054e+00
 1.2590e+00    1.4789e+02   -7.1686e-01    1.0069e+00
 1.2600e+00    1.4782e+02   -7.1879e-01    1.0082e+00
 1.2610e+00    1.4777e+02   -7.2049e-01    1.0094e+00
 1.2620e+00    1.4772e+02   -7.2191e-01    1.0104e+00
 1.2630e+00    1.4768e+02   -7.2303e-01    1.0112e+00
 1.2640e+00    1.4765e+02   -7.2382e-01    1.0118e+00
 1.2650e+00    1.4764e+02   -7.2425e-01    1.0121e+00
 1.2660e+00    1.4764e+02   -7.2431e-01    1.0122e+00
 1.2670e+00    1.4765e+02   -7.2400e-01    1.0119e+00
 1.2680e+00    1.4767e+02   -7.2334e-01    1.0115e+00
 1.2690e+00    1.4771e+02   -7.2235e-01    1.0108e+00
 1.2700e+00    1.4775e+02   -7.2107e-01    1.0099e+00
 1.2710e+00    1.4780e+02   -7.1956e-01    1.0088e+00
 1.2720e+00    1.4786e+02   -7.1788e-01    1.0076e+00
 1.2730e+00    1.4792e+02   -7.1609e-01    1.0064e+00
 1.2740e+00    1.4798e+02   -7.1427e-01    1.0051e+00
 1.2750e+00    1.4804e+02   -7.1249e-01    1.0038e+00
 1.2760e+00    1.4809e+02   -7.1083e-01    1.0027e+00
 1.2770e+00    1.4814e+02   -7.0938e-01    1.0016e+00
 1.2780e+00    1.4818e+02   -7.0823e-01    1.0008e+00
 1.2790e+00    1.4821e+02   -7.0746e-01    1.0003e+00
 1.2800e+00    1.4822e+02   -7.0719e-01    1.0001e+00
