PROFILES: ELECTRIC POTENTIAL phi, MACH NUMBER U_z/cs, MACH NUMBER U_Bdir/c_s 
distance(mm)    phi(V)      U_z/cs(-)      U_Bdir/c_s(-)
 0.0000e+00    4.3565e+00   -2.0863e+00    2.0106e+00
 1.0000e-03    8.5478e+00   -2.0448e+00    1.9993e+00
 2.0000e-03    1.2577e+01   -2.0041e+00    1.9889e+00
 3.0000e-03    1.6447e+01   -1.9643e+00    1.9783e+00
 4.0000e-03    2.0162e+01   -1.9253e+00    1.9678e+00
 5.0000e-03    2.3725e+01   -1.8873e+00    1.9572e+00
 6.0000e-03    2.7140e+01   -1.8501e+00    1.9470e+00
 7.0000e-03    3.0411e+01   -1.8139e+00    1.9373e+00
 8.0000e-03    3.3543e+01   -1.7786e+00    1.9280e+00
 9.0000e-03    3.6538e+01   -1.7442e+00    1.9185e+00
 1.0000e-02    3.9403e+01   -1.7108e+00    1.9092e+00
 1.1000e-02    4.2141e+01   -1.6782e+00    1.9005e+00
 1.2000e-02    4.4756e+01   -1.6466e+00    1.8917e+00
 1.3000e-02    4.7255e+01   -1.6159e+00    1.8832e+00
 1.4000e-02    4.9641e+01   -1.5861e+00    1.8753e+00
 1.5000e-02    5.1918e+01   -1.5572e+00    1.8674e+00
 1.6000e-02    5.4093e+01   -1.5292e+00    1.8590e+00
 1.7000e-02    5.6168e+01   -1.5020e+00    1.8517e+00
 1.8000e-02    5.8149e+01   -1.4757e+00    1.8446e+00
 1.9000e-02    6.0040e+01   -1.4502e+00    1.8377e+00
 2.0000e-02    6.1844e+01   -1.4256e+00    1.8306e+00
 2.1000e-02    6.3565e+01   -1.4017e+00    1.8235e+00
 2.2000e-02    6.5209e+01   -1.3786e+00    1.8172e+00
 2.3000e-02    6.6779e+01   -1.3563e+00    1.8112e+00
 2.4000e-02    6.8278e+01   -1.3348e+00    1.8048e+00
 2.5000e-02    6.9709e+01   -1.3139e+00    1.7989e+00
 2.6000e-02    7.1077e+01   -1.2938e+00    1.7930e+00
 2.7000e-02    7.2385e+01   -1.2743e+00    1.7876e+00
 2.8000e-02    7.3635e+01   -1.2555e+00    1.7822e+00
 2.9000e-02    7.4831e+01   -1.2373e+00    1.7769e+00
 3.0000e-02    7.5975e+01   -1.2198e+00    1.7718e+00
 3.1000e-02    7.7071e+01   -1.2028e+00    1.7670e+00
 3.2000e-02    7.8120e+01   -1.1864e+00    1.7617e+00
 3.3000e-02    7.9126e+01   -1.1706e+00    1.7568e+00
 3.4000e-02    8.0090e+01   -1.1553e+00    1.7527e+00
 3.5000e-02    8.1015e+01   -1.1406e+00    1.7482e+00
 3.6000e-02    8.1903e+01   -1.1263e+00    1.7440e+00
 3.7000e-02    8.2756e+01   -1.1125e+00    1.7397e+00
 3.8000e-02    8.3576e+01   -1.0992e+00    1.7358e+00
 3.9000e-02    8.4364e+01   -1.0863e+00    1.7314e+00
 4.0000e-02    8.5123e+01   -1.0739e+00    1.7275e+00
 4.1000e-02    8.5853e+01   -1.0618e+00    1.7239e+00
 4.2000e-02    8.6557e+01   -1.0502e+00    1.7202e+00
 4.3000e-02    8.7236e+01   -1.0389e+00    1.7167e+00
 4.4000e-02    8.7890e+01   -1.0280e+00    1.7133e+00
 4.5000e-02    8.8523e+01   -1.0175e+00    1.7097e+00
 4.6000e-02    8.9135e+01   -1.0072e+00    1.7064e+00
 4.7000e-02    8.9727e+01   -9.9727e-01    1.7033e+00
 4.8000e-02    9.0300e+01   -9.8765e-01    1.7003e+00
 4.9000e-02    9.0855e+01   -9.7830e-01    1.6969e+00
 5.0000e-02    9.1394e+01   -9.6924e-01    1.6941e+00
 5.1000e-02    9.1916e+01   -9.6043e-01    1.6908e+00
 5.2000e-02    9.2422e+01   -9.5186e-01    1.6878e+00
 5.3000e-02    9.2914e+01   -9.4352e-01    1.6853e+00
 5.4000e-02    9.3393e+01   -9.3542e-01    1.6823e+00
 5.5000e-02    9.3858e+01   -9.2752e-01    1.6794e+00
 5.6000e-02    9.4311e+01   -9.1982e-01    1.6771e+00
 5.7000e-02    9.4753e+01   -9.1233e-01    1.6744e+00
 5.8000e-02    9.5183e+01   -9.0502e-01    1.6716e+00
 5.9000e-02    9.5603e+01   -8.9789e-01    1.6691e+00
 6.0000e-02    9.6013e+01   -8.9093e-01    1.6666e+00
 6.1000e-02    9.6414e+01   -8.8413e-01    1.6643e+00
 6.2000e-02    9.6806e+01   -8.7749e-01    1.6615e+00
 6.3000e-02    9.7190e+01   -8.7101e-01    1.6593e+00
 6.4000e-02    9.7565e+01   -8.6465e-01    1.6566e+00
 6.5000e-02    9.7933e+01   -8.5841e-01    1.6548e+00
 6.6000e-02    9.8294e+01   -8.5231e-01    1.6522e+00
 6.7000e-02    9.8649e+01   -8.4634e-01    1.6499e+00
 6.8000e-02    9.8997e+01   -8.4046e-01    1.6476e+00
 6.9000e-02    9.9339e+01   -8.3468e-01    1.6454e+00
 7.0000e-02    9.9674e+01   -8.2900e-01    1.6434e+00
 7.1000e-02    1.0000e+02   -8.2343e-01    1.6411e+00
 7.2000e-02    1.0033e+02   -8.1798e-01    1.6389e+00
 7.3000e-02    1.0065e+02   -8.1260e-01    1.6367e+00
 7.4000e-02    1.0096e+02   -8.0730e-01    1.6345e+00
 7.5000e-02    1.0127e+02   -8.0209e-01    1.6328e+00
 7.6000e-02    1.0158e+02   -7.9696e-01    1.6304e+00
 7.7000e-02    1.0188e+02   -7.9191e-01    1.6282e+00
 7.8000e-02    1.0217e+02   -7.8694e-01    1.6266e+00
 7.9000e-02    1.0246e+02   -7.8203e-01    1.6242e+00
 8.0000e-02    1.0275e+02   -7.7717e-01    1.6221e+00
 8.1000e-02    1.0304e+02   -7.7234e-01    1.6201e+00
 8.2000e-02    1.0332e+02   -7.6758e-01    1.6182e+00
 8.3000e-02    1.0359e+02   -7.6289e-01    1.6160e+00
 8.4000e-02    1.0387e+02   -7.5825e-01    1.6144e+00
 8.5000e-02    1.0413e+02   -7.5369e-01    1.6124e+00
 8.6000e-02    1.0440e+02   -7.4922e-01    1.6100e+00
 8.7000e-02    1.0466e+02   -7.4484e-01    1.6087e+00
 8.8000e-02    1.0492e+02   -7.4055e-01    1.6064e+00
 8.9000e-02    1.0517e+02   -7.3635e-01    1.6049e+00
 9.0000e-02    1.0541e+02   -7.3229e-01    1.6028e+00
 9.1000e-02    1.0565e+02   -7.2836e-01    1.6010e+00
 9.2000e-02    1.0589e+02   -7.2454e-01    1.5991e+00
 9.3000e-02    1.0612e+02   -7.2083e-01    1.5974e+00
 9.4000e-02    1.0635e+02   -7.1724e-01    1.5959e+00
 9.5000e-02    1.0657e+02   -7.1379e-01    1.5940e+00
 9.6000e-02    1.0678e+02   -7.1045e-01    1.5921e+00
 9.7000e-02    1.0699e+02   -7.0722e-01    1.5909e+00
 9.8000e-02    1.0720e+02   -7.0413e-01    1.5892e+00
 9.9000e-02    1.0740e+02   -7.0116e-01    1.5876e+00
 1.0000e-01    1.0760e+02   -6.9834e-01    1.5862e+00
 1.0100e-01    1.0779e+02   -6.9562e-01    1.5846e+00
 1.0200e-01    1.0798e+02   -6.9301e-01    1.5831e+00
 1.0300e-01    1.0816e+02   -6.9053e-01    1.5818e+00
 1.0400e-01    1.0834e+02   -6.8817e-01    1.5800e+00
 1.0500e-01    1.0851e+02   -6.8592e-01    1.5790e+00
 1.0600e-01    1.0868e+02   -6.8376e-01    1.5775e+00
 1.0700e-01    1.0885e+02   -6.8167e-01    1.5762e+00
 1.0800e-01    1.0901e+02   -6.7963e-01    1.5749e+00
 1.0900e-01    1.0918e+02   -6.7767e-01    1.5735e+00
 1.1000e-01    1.0933e+02   -6.7576e-01    1.5722e+00
 1.1100e-01    1.0949e+02   -6.7390e-01    1.5711e+00
 1.1200e-01    1.0965e+02   -6.7207e-01    1.5696e+00
 1.1300e-01    1.0980e+02   -6.7022e-01    1.5686e+00
 1.1400e-01    1.0996e+02   -6.6842e-01    1.5671e+00
 1.1500e-01    1.1011e+02   -6.6663e-01    1.5657e+00
 1.1600e-01    1.1027e+02   -6.6482e-01    1.5647e+00
 1.1700e-01    1.1042e+02   -6.6297e-01    1.5634e+00
 1.1800e-01    1.1058e+02   -6.6109e-01    1.5617e+00
 1.1900e-01    1.1074e+02   -6.5913e-01    1.5607e+00
 1.2000e-01    1.1090e+02   -6.5711e-01    1.5592e+00
 1.2100e-01    1.1106e+02   -6.5502e-01    1.5578e+00
 1.2200e-01    1.1122e+02   -6.5285e-01    1.5566e+00
 1.2300e-01    1.1138e+02   -6.5060e-01    1.5552e+00
 1.2400e-01    1.1155e+02   -6.4825e-01    1.5538e+00
 1.2500e-01    1.1172e+02   -6.4579e-01    1.5524e+00
 1.2600e-01    1.1189e+02   -6.4323e-01    1.5510e+00
 1.2700e-01    1.1206e+02   -6.4059e-01    1.5495e+00
 1.2800e-01    1.1224e+02   -6.3787e-01    1.5480e+00
 1.2900e-01    1.1241e+02   -6.3508e-01    1.5462e+00
 1.3000e-01    1.1259e+02   -6.3218e-01    1.5446e+00
 1.3100e-01    1.1277e+02   -6.2923e-01    1.5432e+00
 1.3200e-01    1.1295e+02   -6.2624e-01    1.5416e+00
 1.3300e-01    1.1313e+02   -6.2320e-01    1.5400e+00
 1.3400e-01    1.1331e+02   -6.2017e-01    1.5383e+00
 1.3500e-01    1.1348e+02   -6.1717e-01    1.5369e+00
 1.3600e-01    1.1366e+02   -6.1421e-01    1.5355e+00
 1.3700e-01    1.1383e+02   -6.1133e-01    1.5337e+00
 1.3800e-01    1.1400e+02   -6.0857e-01    1.5322e+00
 1.3900e-01    1.1416e+02   -6.0594e-01    1.5306e+00
 1.4000e-01    1.1433e+02   -6.0339e-01    1.5292e+00
 1.4100e-01    1.1448e+02   -6.0102e-01    1.5277e+00
 1.4200e-01    1.1463e+02   -5.9881e-01    1.5264e+00
 1.4300e-01    1.1478e+02   -5.9675e-01    1.5249e+00
 1.4400e-01    1.1492e+02   -5.9484e-01    1.5236e+00
 1.4500e-01    1.1505e+02   -5.9315e-01    1.5225e+00
 1.4600e-01    1.1518e+02   -5.9164e-01    1.5213e+00
 1.4700e-01    1.1531e+02   -5.9030e-01    1.5198e+00
 1.4800e-01    1.1543e+02   -5.8909e-01    1.5190e+00
 1.4900e-01    1.1554e+02   -5.8804e-01    1.5178e+00
 1.5000e-01    1.1565e+02   -5.8713e-01    1.5169e+00
 1.5100e-01    1.1576e+02   -5.8633e-01    1.5157e+00
 1.5200e-01    1.1586e+02   -5.8560e-01    1.5148e+00
 1.5300e-01    1.1597e+02   -5.8491e-01    1.5137e+00
 1.5400e-01    1.1607e+02   -5.8424e-01    1.5127e+00
 1.5500e-01    1.1617e+02   -5.8358e-01    1.5116e+00
 1.5600e-01    1.1628e+02   -5.8290e-01    1.5107e+00
 1.5700e-01    1.1638e+02   -5.8218e-01    1.5099e+00
 1.5800e-01    1.1648e+02   -5.8143e-01    1.5087e+00
 1.5900e-01    1.1659e+02   -5.8058e-01    1.5078e+00
 1.6000e-01    1.1670e+02   -5.7966e-01    1.5068e+00
 1.6100e-01    1.1681e+02   -5.7863e-01    1.5059e+00
 1.6200e-01    1.1692e+02   -5.7745e-01    1.5047e+00
 1.6300e-01    1.1704e+02   -5.7619e-01    1.5033e+00
 1.6400e-01    1.1717e+02   -5.7474e-01    1.5022e+00
 1.6500e-01    1.1729e+02   -5.7311e-01    1.5013e+00
 1.6600e-01    1.1743e+02   -5.7130e-01    1.4997e+00
 1.6700e-01    1.1756e+02   -5.6931e-01    1.4985e+00
 1.6800e-01    1.1770e+02   -5.6714e-01    1.4972e+00
 1.6900e-01    1.1785e+02   -5.6480e-01    1.4957e+00
 1.7000e-01    1.1799e+02   -5.6231e-01    1.4944e+00
 1.7100e-01    1.1814e+02   -5.5977e-01    1.4928e+00
 1.7200e-01    1.1829e+02   -5.5723e-01    1.4915e+00
 1.7300e-01    1.1844e+02   -5.5458e-01    1.4900e+00
 1.7400e-01    1.1859e+02   -5.5191e-01    1.4886e+00
 1.7500e-01    1.1874e+02   -5.4930e-01    1.4869e+00
 1.7600e-01    1.1888e+02   -5.4675e-01    1.4853e+00
 1.7700e-01    1.1903e+02   -5.4431e-01    1.4842e+00
 1.7800e-01    1.1916e+02   -5.4202e-01    1.4825e+00
 1.7900e-01    1.1930e+02   -5.3994e-01    1.4812e+00
 1.8000e-01    1.1942e+02   -5.3809e-01    1.4801e+00
 1.8100e-01    1.1954e+02   -5.3646e-01    1.4788e+00
 1.8200e-01    1.1965e+02   -5.3519e-01    1.4777e+00
 1.8300e-01    1.1976e+02   -5.3417e-01    1.4766e+00
 1.8400e-01    1.1986e+02   -5.3335e-01    1.4758e+00
 1.8500e-01    1.1995e+02   -5.3280e-01    1.4746e+00
 1.8600e-01    1.2004e+02   -5.3244e-01    1.4736e+00
 1.8700e-01    1.2012e+02   -5.3224e-01    1.4730e+00
 1.8800e-01    1.2020e+02   -5.3217e-01    1.4721e+00
 1.8900e-01    1.2028e+02   -5.3216e-01    1.4711e+00
 1.9000e-01    1.2035e+02   -5.3217e-01    1.4704e+00
 1.9100e-01    1.2043e+02   -5.3215e-01    1.4698e+00
 1.9200e-01    1.2050e+02   -5.3209e-01    1.4689e+00
 1.9300e-01    1.2058e+02   -5.3192e-01    1.4681e+00
 1.9400e-01    1.2066e+02   -5.3164e-01    1.4674e+00
 1.9500e-01    1.2075e+02   -5.3116e-01    1.4663e+00
 1.9600e-01    1.2084e+02   -5.3058e-01    1.4656e+00
 1.9700e-01    1.2093e+02   -5.2977e-01    1.4645e+00
 1.9800e-01    1.2104e+02   -5.2872e-01    1.4636e+00
 1.9900e-01    1.2114e+02   -5.2741e-01    1.4623e+00
 2.0000e-01    1.2126e+02   -5.2583e-01    1.4613e+00
 2.0100e-01    1.2137e+02   -5.2403e-01    1.4598e+00
 2.0200e-01    1.2150e+02   -5.2201e-01    1.4585e+00
 2.0300e-01    1.2162e+02   -5.1980e-01    1.4572e+00
 2.0400e-01    1.2175e+02   -5.1747e-01    1.4557e+00
 2.0500e-01    1.2188e+02   -5.1507e-01    1.4546e+00
 2.0600e-01    1.2201e+02   -5.1269e-01    1.4529e+00
 2.0700e-01    1.2214e+02   -5.1035e-01    1.4516e+00
 2.0800e-01    1.2227e+02   -5.0814e-01    1.4504e+00
 2.0900e-01    1.2239e+02   -5.0610e-01    1.4489e+00
 2.1000e-01    1.2251e+02   -5.0426e-01    1.4476e+00
 2.1100e-01    1.2262e+02   -5.0268e-01    1.4465e+00
 2.1200e-01    1.2272e+02   -5.0137e-01    1.4454e+00
 2.1300e-01    1.2282e+02   -5.0033e-01    1.4444e+00
 2.1400e-01    1.2291e+02   -4.9953e-01    1.4435e+00
 2.1500e-01    1.2300e+02   -4.9909e-01    1.4424e+00
 2.1600e-01    1.2308e+02   -4.9881e-01    1.4414e+00
 2.1700e-01    1.2316e+02   -4.9873e-01    1.4409e+00
 2.1800e-01    1.2323e+02   -4.9876e-01    1.4401e+00
 2.1900e-01    1.2330e+02   -4.9891e-01    1.4391e+00
 2.2000e-01    1.2336e+02   -4.9904e-01    1.4384e+00
 2.2100e-01    1.2343e+02   -4.9913e-01    1.4376e+00
 2.2200e-01    1.2350e+02   -4.9917e-01    1.4368e+00
 2.2300e-01    1.2357e+02   -4.9908e-01    1.4360e+00
 2.2400e-01    1.2365e+02   -4.9884e-01    1.4355e+00
 2.2500e-01    1.2373e+02   -4.9839e-01    1.4343e+00
 2.2600e-01    1.2381e+02   -4.9769e-01    1.4335e+00
 2.2700e-01    1.2390e+02   -4.9670e-01    1.4324e+00
 2.2800e-01    1.2400e+02   -4.9540e-01    1.4316e+00
 2.2900e-01    1.2411e+02   -4.9388e-01    1.4302e+00
 2.3000e-01    1.2422e+02   -4.9209e-01    1.4292e+00
 2.3100e-01    1.2433e+02   -4.9009e-01    1.4279e+00
 2.3200e-01    1.2444e+02   -4.8804e-01    1.4263e+00
 2.3300e-01    1.2456e+02   -4.8598e-01    1.4253e+00
 2.3400e-01    1.2468e+02   -4.8396e-01    1.4241e+00
 2.3500e-01    1.2479e+02   -4.8200e-01    1.4227e+00
 2.3600e-01    1.2490e+02   -4.8022e-01    1.4215e+00
 2.3700e-01    1.2501e+02   -4.7861e-01    1.4204e+00
 2.3800e-01    1.2511e+02   -4.7726e-01    1.4191e+00
 2.3900e-01    1.2520e+02   -4.7621e-01    1.4181e+00
 2.4000e-01    1.2529e+02   -4.7537e-01    1.4170e+00
 2.4100e-01    1.2537e+02   -4.7475e-01    1.4162e+00
 2.4200e-01    1.2545e+02   -4.7436e-01    1.4152e+00
 2.4300e-01    1.2552e+02   -4.7413e-01    1.4145e+00
 2.4400e-01    1.2559e+02   -4.7404e-01    1.4137e+00
 2.4500e-01    1.2566e+02   -4.7403e-01    1.4128e+00
 2.4600e-01    1.2572e+02   -4.7406e-01    1.4121e+00
 2.4700e-01    1.2579e+02   -4.7404e-01    1.4115e+00
 2.4800e-01    1.2586e+02   -4.7386e-01    1.4105e+00
 2.4900e-01    1.2593e+02   -4.7356e-01    1.4097e+00
 2.5000e-01    1.2600e+02   -4.7309e-01    1.4089e+00
 2.5100e-01    1.2608e+02   -4.7234e-01    1.4078e+00
 2.5200e-01    1.2616e+02   -4.7140e-01    1.4071e+00
 2.5300e-01    1.2624e+02   -4.7030e-01    1.4058e+00
 2.5400e-01    1.2633e+02   -4.6899e-01    1.4048e+00
 2.5500e-01    1.2642e+02   -4.6757e-01    1.4037e+00
 2.5600e-01    1.2651e+02   -4.6607e-01    1.4025e+00
 2.5700e-01    1.2660e+02   -4.6454e-01    1.4015e+00
 2.5800e-01    1.2669e+02   -4.6305e-01    1.4004e+00
 2.5900e-01    1.2678e+02   -4.6168e-01    1.3992e+00
 2.6000e-01    1.2687e+02   -4.6044e-01    1.3983e+00
 2.6100e-01    1.2695e+02   -4.5939e-01    1.3972e+00
 2.6200e-01    1.2703e+02   -4.5856e-01    1.3962e+00
 2.6300e-01    1.2710e+02   -4.5794e-01    1.3955e+00
 2.6400e-01    1.2717e+02   -4.5754e-01    1.3946e+00
 2.6500e-01    1.2724e+02   -4.5731e-01    1.3938e+00
 2.6600e-01    1.2730e+02   -4.5724e-01    1.3931e+00
 2.6700e-01    1.2736e+02   -4.5733e-01    1.3922e+00
 2.6800e-01    1.2741e+02   -4.5743e-01    1.3914e+00
 2.6900e-01    1.2747e+02   -4.5747e-01    1.3909e+00
 2.7000e-01    1.2753e+02   -4.5742e-01    1.3900e+00
 2.7100e-01    1.2759e+02   -4.5722e-01    1.3893e+00
 2.7200e-01    1.2766e+02   -4.5679e-01    1.3884e+00
 2.7300e-01    1.2773e+02   -4.5620e-01    1.3876e+00
 2.7400e-01    1.2781e+02   -4.5537e-01    1.3866e+00
 2.7500e-01    1.2789e+02   -4.5431e-01    1.3857e+00
 2.7600e-01    1.2797e+02   -4.5307e-01    1.3848e+00
 2.7700e-01    1.2806e+02   -4.5171e-01    1.3837e+00
 2.7800e-01    1.2815e+02   -4.5032e-01    1.3823e+00
 2.7900e-01    1.2824e+02   -4.4892e-01    1.3816e+00
 2.8000e-01    1.2832e+02   -4.4761e-01    1.3803e+00
 2.8100e-01    1.2841e+02   -4.4641e-01    1.3793e+00
 2.8200e-01    1.2849e+02   -4.4536e-01    1.3784e+00
 2.8300e-01    1.2857e+02   -4.4448e-01    1.3774e+00
 2.8400e-01    1.2864e+02   -4.4375e-01    1.3766e+00
 2.8500e-01    1.2871e+02   -4.4329e-01    1.3757e+00
 2.8600e-01    1.2877e+02   -4.4302e-01    1.3746e+00
 2.8700e-01    1.2883e+02   -4.4290e-01    1.3742e+00
 2.8800e-01    1.2889e+02   -4.4286e-01    1.3734e+00
 2.8900e-01    1.2895e+02   -4.4287e-01    1.3725e+00
 2.9000e-01    1.2901e+02   -4.4285e-01    1.3720e+00
 2.9100e-01    1.2907e+02   -4.4282e-01    1.3714e+00
 2.9200e-01    1.2913e+02   -4.4266e-01    1.3705e+00
 2.9300e-01    1.2919e+02   -4.4234e-01    1.3697e+00
 2.9400e-01    1.2926e+02   -4.4179e-01    1.3690e+00
 2.9500e-01    1.2933e+02   -4.4102e-01    1.3679e+00
 2.9600e-01    1.2941e+02   -4.4003e-01    1.3674e+00
 2.9700e-01    1.2949e+02   -4.3881e-01    1.3661e+00
 2.9800e-01    1.2958e+02   -4.3745e-01    1.3649e+00
 2.9900e-01    1.2966e+02   -4.3594e-01    1.3639e+00
 3.0000e-01    1.2975e+02   -4.3431e-01    1.3628e+00
 3.0100e-01    1.2983e+02   -4.3285e-01    1.3614e+00
 3.0200e-01    1.2992e+02   -4.3151e-01    1.3608e+00
 3.0300e-01    1.3000e+02   -4.3030e-01    1.3594e+00
 3.0400e-01    1.3007e+02   -4.2934e-01    1.3586e+00
 3.0500e-01    1.3014e+02   -4.2859e-01    1.3579e+00
 3.0600e-01    1.3020e+02   -4.2809e-01    1.3569e+00
 3.0700e-01    1.3026e+02   -4.2783e-01    1.3562e+00
 3.0800e-01    1.3032e+02   -4.2779e-01    1.3553e+00
 3.0900e-01    1.3037e+02   -4.2794e-01    1.3550e+00
 3.1000e-01    1.3042e+02   -4.2826e-01    1.3541e+00
 3.1100e-01    1.3047e+02   -4.2865e-01    1.3536e+00
 3.1200e-01    1.3051e+02   -4.2908e-01    1.3530e+00
 3.1300e-01    1.3056e+02   -4.2941e-01    1.3524e+00
 3.1400e-01    1.3061e+02   -4.2955e-01    1.3516e+00
 3.1500e-01    1.3067e+02   -4.2945e-01    1.3510e+00
 3.1600e-01    1.3073e+02   -4.2905e-01    1.3502e+00
 3.1700e-01    1.3080e+02   -4.2835e-01    1.3492e+00
 3.1800e-01    1.3087e+02   -4.2730e-01    1.3485e+00
 3.1900e-01    1.3095e+02   -4.2600e-01    1.3473e+00
 3.2000e-01    1.3103e+02   -4.2446e-01    1.3463e+00
 3.2100e-01    1.3111e+02   -4.2280e-01    1.3453e+00
 3.2200e-01    1.3120e+02   -4.2108e-01    1.3443e+00
 3.2300e-01    1.3128e+02   -4.1941e-01    1.3430e+00
 3.2400e-01    1.3137e+02   -4.1785e-01    1.3419e+00
 3.2500e-01    1.3145e+02   -4.1657e-01    1.3409e+00
 3.2600e-01    1.3152e+02   -4.1555e-01    1.3400e+00
 3.2700e-01    1.3158e+02   -4.1491e-01    1.3392e+00
 3.2800e-01    1.3164e+02   -4.1464e-01    1.3385e+00
 3.2900e-01    1.3169e+02   -4.1471e-01    1.3377e+00
 3.3000e-01    1.3174e+02   -4.1506e-01    1.3372e+00
 3.3100e-01    1.3178e+02   -4.1569e-01    1.3365e+00
 3.3200e-01    1.3182e+02   -4.1646e-01    1.3363e+00
 3.3300e-01    1.3185e+02   -4.1726e-01    1.3355e+00
 3.3400e-01    1.3189e+02   -4.1798e-01    1.3351e+00
 3.3500e-01    1.3193e+02   -4.1848e-01    1.3347e+00
 3.3600e-01    1.3198e+02   -4.1862e-01    1.3339e+00
 3.3700e-01    1.3204e+02   -4.1841e-01    1.3333e+00
 3.3800e-01    1.3210e+02   -4.1774e-01    1.3324e+00
 3.3900e-01    1.3217e+02   -4.1664e-01    1.3315e+00
 3.4000e-01    1.3225e+02   -4.1519e-01    1.3306e+00
 3.4100e-01    1.3234e+02   -4.1342e-01    1.3294e+00
 3.4200e-01    1.3243e+02   -4.1150e-01    1.3282e+00
 3.4300e-01    1.3252e+02   -4.0944e-01    1.3273e+00
 3.4400e-01    1.3261e+02   -4.0743e-01    1.3260e+00
 3.4500e-01    1.3270e+02   -4.0559e-01    1.3248e+00
 3.4600e-01    1.3278e+02   -4.0405e-01    1.3237e+00
 3.4700e-01    1.3285e+02   -4.0291e-01    1.3228e+00
 3.4800e-01    1.3291e+02   -4.0229e-01    1.3220e+00
 3.4900e-01    1.3296e+02   -4.0216e-01    1.3213e+00
 3.5000e-01    1.3300e+02   -4.0258e-01    1.3207e+00
 3.5100e-01    1.3304e+02   -4.0338e-01    1.3203e+00
 3.5200e-01    1.3307e+02   -4.0443e-01    1.3200e+00
 3.5300e-01    1.3309e+02   -4.0552e-01    1.3194e+00
 3.5400e-01    1.3312e+02   -4.0649e-01    1.3192e+00
 3.5500e-01    1.3315e+02   -4.0717e-01    1.3187e+00
 3.5600e-01    1.3319e+02   -4.0749e-01    1.3182e+00
 3.5700e-01    1.3324e+02   -4.0737e-01    1.3175e+00
 3.5800e-01    1.3330e+02   -4.0678e-01    1.3167e+00
 3.5900e-01    1.3336e+02   -4.0579e-01    1.3159e+00
 3.6000e-01    1.3344e+02   -4.0441e-01    1.3147e+00
 3.6100e-01    1.3352e+02   -4.0275e-01    1.3137e+00
 3.6200e-01    1.3360e+02   -4.0089e-01    1.3125e+00
 3.6300e-01    1.3368e+02   -3.9904e-01    1.3114e+00
 3.6400e-01    1.3376e+02   -3.9731e-01    1.3104e+00
 3.6500e-01    1.3383e+02   -3.9583e-01    1.3093e+00
 3.6600e-01    1.3390e+02   -3.9478e-01    1.3083e+00
 3.6700e-01    1.3396e+02   -3.9424e-01    1.3075e+00
 3.6800e-01    1.3400e+02   -3.9421e-01    1.3070e+00
 3.6900e-01    1.3404e+02   -3.9465e-01    1.3064e+00
 3.7000e-01    1.3407e+02   -3.9542e-01    1.3060e+00
 3.7100e-01    1.3410e+02   -3.9640e-01    1.3056e+00
 3.7200e-01    1.3412e+02   -3.9748e-01    1.3053e+00
 3.7300e-01    1.3415e+02   -3.9841e-01    1.3049e+00
 3.7400e-01    1.3418e+02   -3.9905e-01    1.3043e+00
 3.7500e-01    1.3422e+02   -3.9932e-01    1.3039e+00
 3.7600e-01    1.3427e+02   -3.9912e-01    1.3030e+00
 3.7700e-01    1.3432e+02   -3.9852e-01    1.3025e+00
 3.7800e-01    1.3439e+02   -3.9750e-01    1.3016e+00
 3.7900e-01    1.3446e+02   -3.9606e-01    1.3005e+00
 3.8000e-01    1.3453e+02   -3.9438e-01    1.2996e+00
 3.8100e-01    1.3461e+02   -3.9255e-01    1.2983e+00
 3.8200e-01    1.3468e+02   -3.9075e-01    1.2974e+00
 3.8300e-01    1.3476e+02   -3.8920e-01    1.2962e+00
 3.8400e-01    1.3482e+02   -3.8797e-01    1.2953e+00
 3.8500e-01    1.3488e+02   -3.8720e-01    1.2946e+00
 3.8600e-01    1.3493e+02   -3.8697e-01    1.2939e+00
 3.8700e-01    1.3497e+02   -3.8727e-01    1.2934e+00
 3.8800e-01    1.3500e+02   -3.8795e-01    1.2931e+00
 3.8900e-01    1.3503e+02   -3.8891e-01    1.2925e+00
 3.9000e-01    1.3505e+02   -3.8993e-01    1.2923e+00
 3.9100e-01    1.3508e+02   -3.9080e-01    1.2918e+00
 3.9200e-01    1.3511e+02   -3.9148e-01    1.2913e+00
 3.9300e-01    1.3515e+02   -3.9190e-01    1.2907e+00
 3.9400e-01    1.3519e+02   -3.9185e-01    1.2902e+00
 3.9500e-01    1.3525e+02   -3.9127e-01    1.2893e+00
 3.9600e-01    1.3531e+02   -3.9028e-01    1.2884e+00
 3.9700e-01    1.3538e+02   -3.8896e-01    1.2877e+00
 3.9800e-01    1.3545e+02   -3.8734e-01    1.2866e+00
 3.9900e-01    1.3553e+02   -3.8553e-01    1.2855e+00
 4.0000e-01    1.3560e+02   -3.8368e-01    1.2844e+00
 4.0100e-01    1.3568e+02   -3.8201e-01    1.2835e+00
 4.0200e-01    1.3575e+02   -3.8058e-01    1.2823e+00
 4.0300e-01    1.3581e+02   -3.7961e-01    1.2815e+00
 4.0400e-01    1.3586e+02   -3.7920e-01    1.2808e+00
 4.0500e-01    1.3590e+02   -3.7932e-01    1.2800e+00
 4.0600e-01    1.3593e+02   -3.7989e-01    1.2799e+00
 4.0700e-01    1.3595e+02   -3.8076e-01    1.2793e+00
 4.0800e-01    1.3598e+02   -3.8175e-01    1.2790e+00
 4.0900e-01    1.3600e+02   -3.8275e-01    1.2787e+00
 4.1000e-01    1.3602e+02   -3.8356e-01    1.2782e+00
 4.1100e-01    1.3606e+02   -3.8404e-01    1.2778e+00
 4.1200e-01    1.3610e+02   -3.8407e-01    1.2772e+00
 4.1300e-01    1.3615e+02   -3.8361e-01    1.2764e+00
 4.1400e-01    1.3620e+02   -3.8261e-01    1.2757e+00
 4.1500e-01    1.3627e+02   -3.8112e-01    1.2747e+00
 4.1600e-01    1.3634e+02   -3.7930e-01    1.2736e+00
 4.1700e-01    1.3642e+02   -3.7744e-01    1.2728e+00
 4.1800e-01    1.3649e+02   -3.7563e-01    1.2715e+00
 4.1900e-01    1.3656e+02   -3.7411e-01    1.2707e+00
 4.2000e-01    1.3662e+02   -3.7301e-01    1.2699e+00
 4.2100e-01    1.3667e+02   -3.7248e-01    1.2691e+00
 4.2200e-01    1.3671e+02   -3.7259e-01    1.2685e+00
 4.2300e-01    1.3674e+02   -3.7312e-01    1.2678e+00
 4.2400e-01    1.3677e+02   -3.7409e-01    1.2677e+00
 4.2500e-01    1.3679e+02   -3.7527e-01    1.2673e+00
 4.2600e-01    1.3680e+02   -3.7635e-01    1.2670e+00
 4.2700e-01    1.3682e+02   -3.7730e-01    1.2667e+00
 4.2800e-01    1.3685e+02   -3.7791e-01    1.2663e+00
 4.2900e-01    1.3689e+02   -3.7797e-01    1.2657e+00
 4.3000e-01    1.3694e+02   -3.7742e-01    1.2652e+00
 4.3100e-01    1.3700e+02   -3.7633e-01    1.2642e+00
 4.3200e-01    1.3706e+02   -3.7482e-01    1.2632e+00
 4.3300e-01    1.3714e+02   -3.7294e-01    1.2621e+00
 4.3400e-01    1.3721e+02   -3.7084e-01    1.2610e+00
 4.3500e-01    1.3729e+02   -3.6879e-01    1.2598e+00
 4.3600e-01    1.3735e+02   -3.6704e-01    1.2587e+00
 4.3700e-01    1.3741e+02   -3.6585e-01    1.2581e+00
 4.3800e-01    1.3746e+02   -3.6529e-01    1.2572e+00
 4.3900e-01    1.3749e+02   -3.6543e-01    1.2568e+00
 4.4000e-01    1.3752e+02   -3.6615e-01    1.2564e+00
 4.4100e-01    1.3753e+02   -3.6743e-01    1.2559e+00
 4.4200e-01    1.3754e+02   -3.6896e-01    1.2559e+00
 4.4300e-01    1.3755e+02   -3.7049e-01    1.2555e+00
 4.4400e-01    1.3757e+02   -3.7174e-01    1.2553e+00
 4.4500e-01    1.3759e+02   -3.7248e-01    1.2549e+00
 4.4600e-01    1.3763e+02   -3.7258e-01    1.2545e+00
 4.4700e-01    1.3767e+02   -3.7195e-01    1.2538e+00
 4.4800e-01    1.3773e+02   -3.7061e-01    1.2528e+00
 4.4900e-01    1.3780e+02   -3.6869e-01    1.2520e+00
 4.5000e-01    1.3788e+02   -3.6638e-01    1.2508e+00
 4.5100e-01    1.3796e+02   -3.6398e-01    1.2495e+00
 4.5200e-01    1.3803e+02   -3.6176e-01    1.2485e+00
 4.5300e-01    1.3809e+02   -3.6001e-01    1.2474e+00
 4.5400e-01    1.3815e+02   -3.5902e-01    1.2466e+00
 4.5500e-01    1.3818e+02   -3.5886e-01    1.2458e+00
 4.5600e-01    1.3821e+02   -3.5949e-01    1.2455e+00
 4.5700e-01    1.3822e+02   -3.6084e-01    1.2452e+00
 4.5800e-01    1.3823e+02   -3.6262e-01    1.2452e+00
 4.5900e-01    1.3823e+02   -3.6449e-01    1.2451e+00
 4.6000e-01    1.3824e+02   -3.6620e-01    1.2450e+00
 4.6100e-01    1.3825e+02   -3.6741e-01    1.2448e+00
 4.6200e-01    1.3828e+02   -3.6783e-01    1.2443e+00
 4.6300e-01    1.3833e+02   -3.6735e-01    1.2438e+00
 4.6400e-01    1.3839e+02   -3.6602e-01    1.2427e+00
 4.6500e-01    1.3846e+02   -3.6397e-01    1.2417e+00
 4.6600e-01    1.3853e+02   -3.6144e-01    1.2405e+00
 4.6700e-01    1.3861e+02   -3.5880e-01    1.2393e+00
 4.6800e-01    1.3869e+02   -3.5636e-01    1.2381e+00
 4.6900e-01    1.3876e+02   -3.5451e-01    1.2371e+00
 4.7000e-01    1.3881e+02   -3.5353e-01    1.2363e+00
 4.7100e-01    1.3884e+02   -3.5352e-01    1.2358e+00
 4.7200e-01    1.3886e+02   -3.5452e-01    1.2353e+00
 4.7300e-01    1.3887e+02   -3.5627e-01    1.2355e+00
 4.7400e-01    1.3887e+02   -3.5852e-01    1.2353e+00
 4.7500e-01    1.3886e+02   -3.6078e-01    1.2354e+00
 4.7600e-01    1.3887e+02   -3.6268e-01    1.2352e+00
 4.7700e-01    1.3888e+02   -3.6388e-01    1.2351e+00
 4.7800e-01    1.3892e+02   -3.6411e-01    1.2345e+00
 4.7900e-01    1.3897e+02   -3.6333e-01    1.2339e+00
 4.8000e-01    1.3903e+02   -3.6161e-01    1.2329e+00
 4.8100e-01    1.3911e+02   -3.5914e-01    1.2317e+00
 4.8200e-01    1.3920e+02   -3.5620e-01    1.2305e+00
 4.8300e-01    1.3929e+02   -3.5315e-01    1.2293e+00
 4.8400e-01    1.3937e+02   -3.5052e-01    1.2279e+00
 4.8500e-01    1.3944e+02   -3.4872e-01    1.2270e+00
 4.8600e-01    1.3948e+02   -3.4799e-01    1.2262e+00
 4.8700e-01    1.3951e+02   -3.4844e-01    1.2256e+00
 4.8800e-01    1.3952e+02   -3.4993e-01    1.2255e+00
 4.8900e-01    1.3952e+02   -3.5217e-01    1.2256e+00
 4.9000e-01    1.3952e+02   -3.5469e-01    1.2257e+00
 4.9100e-01    1.3951e+02   -3.5705e-01    1.2258e+00
 4.9200e-01    1.3952e+02   -3.5875e-01    1.2257e+00
 4.9300e-01    1.3954e+02   -3.5948e-01    1.2254e+00
 4.9400e-01    1.3958e+02   -3.5914e-01    1.2247e+00
 4.9500e-01    1.3964e+02   -3.5775e-01    1.2238e+00
 4.9600e-01    1.3971e+02   -3.5548e-01    1.2227e+00
 4.9700e-01    1.3979e+02   -3.5260e-01    1.2214e+00
 4.9800e-01    1.3987e+02   -3.4953e-01    1.2203e+00
 4.9900e-01    1.3995e+02   -3.4670e-01    1.2187e+00
 5.0000e-01    1.4001e+02   -3.4463e-01    1.2179e+00
 5.0100e-01    1.4006e+02   -3.4361e-01    1.2170e+00
 5.0200e-01    1.4008e+02   -3.4380e-01    1.2165e+00
 5.0300e-01    1.4009e+02   -3.4515e-01    1.2164e+00
 5.0400e-01    1.4009e+02   -3.4732e-01    1.2164e+00
 5.0500e-01    1.4008e+02   -3.4986e-01    1.2165e+00
 5.0600e-01    1.4007e+02   -3.5228e-01    1.2167e+00
 5.0700e-01    1.4007e+02   -3.5412e-01    1.2166e+00
 5.0800e-01    1.4009e+02   -3.5499e-01    1.2163e+00
 5.0900e-01    1.4012e+02   -3.5476e-01    1.2156e+00
 5.1000e-01    1.4018e+02   -3.5340e-01    1.2149e+00
 5.1100e-01    1.4025e+02   -3.5106e-01    1.2136e+00
 5.1200e-01    1.4033e+02   -3.4808e-01    1.2126e+00
 5.1300e-01    1.4041e+02   -3.4490e-01    1.2112e+00
 5.1400e-01    1.4048e+02   -3.4209e-01    1.2100e+00
 5.1500e-01    1.4055e+02   -3.4018e-01    1.2089e+00
 5.1600e-01    1.4059e+02   -3.3949e-01    1.2083e+00
 5.1700e-01    1.4061e+02   -3.4004e-01    1.2078e+00
 5.1800e-01    1.4062e+02   -3.4168e-01    1.2079e+00
 5.1900e-01    1.4061e+02   -3.4403e-01    1.2078e+00
 5.2000e-01    1.4060e+02   -3.4665e-01    1.2081e+00
 5.2100e-01    1.4059e+02   -3.4897e-01    1.2080e+00
 5.2200e-01    1.4060e+02   -3.5052e-01    1.2083e+00
 5.2300e-01    1.4062e+02   -3.5106e-01    1.2077e+00
 5.2400e-01    1.4066e+02   -3.5048e-01    1.2070e+00
 5.2500e-01    1.4072e+02   -3.4883e-01    1.2063e+00
 5.2600e-01    1.4080e+02   -3.4636e-01    1.2051e+00
 5.2700e-01    1.4088e+02   -3.4340e-01    1.2039e+00
 5.2800e-01    1.4095e+02   -3.4048e-01    1.2026e+00
 5.2900e-01    1.4102e+02   -3.3806e-01    1.2013e+00
 5.3000e-01    1.4108e+02   -3.3662e-01    1.2005e+00
 5.3100e-01    1.4111e+02   -3.3637e-01    1.1999e+00
 5.3200e-01    1.4112e+02   -3.3731e-01    1.1997e+00
 5.3300e-01    1.4112e+02   -3.3919e-01    1.1996e+00
 5.3400e-01    1.4111e+02   -3.4154e-01    1.1998e+00
 5.3500e-01    1.4110e+02   -3.4400e-01    1.1999e+00
 5.3600e-01    1.4110e+02   -3.4599e-01    1.1999e+00
 5.3700e-01    1.4111e+02   -3.4716e-01    1.1998e+00
 5.3800e-01    1.4114e+02   -3.4720e-01    1.1991e+00
 5.3900e-01    1.4119e+02   -3.4609e-01    1.1985e+00
 5.4000e-01    1.4126e+02   -3.4395e-01    1.1973e+00
 5.4100e-01    1.4134e+02   -3.4108e-01    1.1961e+00
 5.4200e-01    1.4142e+02   -3.3793e-01    1.1949e+00
 5.4300e-01    1.4149e+02   -3.3513e-01    1.1936e+00
 5.4400e-01    1.4155e+02   -3.3310e-01    1.1926e+00
 5.4500e-01    1.4160e+02   -3.3224e-01    1.1918e+00
 5.4600e-01    1.4162e+02   -3.3266e-01    1.1915e+00
 5.4700e-01    1.4162e+02   -3.3423e-01    1.1915e+00
 5.4800e-01    1.4162e+02   -3.3659e-01    1.1915e+00
 5.4900e-01    1.4160e+02   -3.3920e-01    1.1917e+00
 5.5000e-01    1.4160e+02   -3.4148e-01    1.1918e+00
 5.5100e-01    1.4160e+02   -3.4294e-01    1.1918e+00
 5.5200e-01    1.4162e+02   -3.4328e-01    1.1914e+00
 5.5300e-01    1.4166e+02   -3.4236e-01    1.1907e+00
 5.5400e-01    1.4172e+02   -3.4034e-01    1.1897e+00
 5.5500e-01    1.4180e+02   -3.3756e-01    1.1885e+00
 5.5600e-01    1.4188e+02   -3.3451e-01    1.1873e+00
 5.5700e-01    1.4195e+02   -3.3169e-01    1.1861e+00
 5.5800e-01    1.4201e+02   -3.2967e-01    1.1852e+00
 5.5900e-01    1.4205e+02   -3.2883e-01    1.1844e+00
 5.6000e-01    1.4207e+02   -3.2927e-01    1.1841e+00
 5.6100e-01    1.4207e+02   -3.3085e-01    1.1838e+00
 5.6200e-01    1.4206e+02   -3.3332e-01    1.1841e+00
 5.6300e-01    1.4204e+02   -3.3603e-01    1.1843e+00
 5.6400e-01    1.4203e+02   -3.3850e-01    1.1844e+00
 5.6500e-01    1.4203e+02   -3.4016e-01    1.1846e+00
 5.6600e-01    1.4205e+02   -3.4066e-01    1.1841e+00
 5.6700e-01    1.4209e+02   -3.3989e-01    1.1835e+00
 5.6800e-01    1.4214e+02   -3.3807e-01    1.1825e+00
 5.6900e-01    1.4221e+02   -3.3539e-01    1.1814e+00
 5.7000e-01    1.4229e+02   -3.3234e-01    1.1802e+00
 5.7100e-01    1.4236e+02   -3.2957e-01    1.1790e+00
 5.7200e-01    1.4242e+02   -3.2757e-01    1.1779e+00
 5.7300e-01    1.4246e+02   -3.2671e-01    1.1773e+00
 5.7400e-01    1.4248e+02   -3.2707e-01    1.1768e+00
 5.7500e-01    1.4249e+02   -3.2858e-01    1.1768e+00
 5.7600e-01    1.4248e+02   -3.3081e-01    1.1769e+00
 5.7700e-01    1.4247e+02   -3.3323e-01    1.1770e+00
 5.7800e-01    1.4247e+02   -3.3523e-01    1.1772e+00
 5.7900e-01    1.4248e+02   -3.3640e-01    1.1769e+00
 5.8000e-01    1.4250e+02   -3.3646e-01    1.1765e+00
 5.8100e-01    1.4255e+02   -3.3538e-01    1.1758e+00
 5.8200e-01    1.4260e+02   -3.3333e-01    1.1748e+00
 5.8300e-01    1.4267e+02   -3.3071e-01    1.1736e+00
 5.8400e-01    1.4274e+02   -3.2792e-01    1.1724e+00
 5.8500e-01    1.4281e+02   -3.2555e-01    1.1715e+00
 5.8600e-01    1.4286e+02   -3.2404e-01    1.1706e+00
 5.8700e-01    1.4289e+02   -3.2365e-01    1.1700e+00
 5.8800e-01    1.4291e+02   -3.2447e-01    1.1697e+00
 5.8900e-01    1.4290e+02   -3.2624e-01    1.1698e+00
 5.9000e-01    1.4290e+02   -3.2853e-01    1.1699e+00
 5.9100e-01    1.4288e+02   -3.3083e-01    1.1699e+00
 5.9200e-01    1.4288e+02   -3.3260e-01    1.1700e+00
 5.9300e-01    1.4289e+02   -3.3349e-01    1.1697e+00
 5.9400e-01    1.4292e+02   -3.3325e-01    1.1693e+00
 5.9500e-01    1.4296e+02   -3.3188e-01    1.1685e+00
 5.9600e-01    1.4302e+02   -3.2965e-01    1.1673e+00
 5.9700e-01    1.4309e+02   -3.2688e-01    1.1664e+00
 5.9800e-01    1.4316e+02   -3.2416e-01    1.1653e+00
 5.9900e-01    1.4321e+02   -3.2205e-01    1.1643e+00
 6.0000e-01    1.4325e+02   -3.2100e-01    1.1636e+00
 6.0100e-01    1.4327e+02   -3.2123e-01    1.1632e+00
 6.0200e-01    1.4328e+02   -3.2264e-01    1.1630e+00
 6.0300e-01    1.4327e+02   -3.2490e-01    1.1634e+00
 6.0400e-01    1.4325e+02   -3.2746e-01    1.1635e+00
 6.0500e-01    1.4324e+02   -3.2967e-01    1.1636e+00
 6.0600e-01    1.4324e+02   -3.3105e-01    1.1636e+00
 6.0700e-01    1.4327e+02   -3.3126e-01    1.1631e+00
 6.0800e-01    1.4331e+02   -3.3026e-01    1.1626e+00
 6.0900e-01    1.4336e+02   -3.2818e-01    1.1616e+00
 6.1000e-01    1.4343e+02   -3.2540e-01    1.1605e+00
 6.1100e-01    1.4350e+02   -3.2254e-01    1.1592e+00
 6.1200e-01    1.4356e+02   -3.2015e-01    1.1583e+00
 6.1300e-01    1.4360e+02   -3.1873e-01    1.1574e+00
 6.1400e-01    1.4363e+02   -3.1860e-01    1.1569e+00
 6.1500e-01    1.4364e+02   -3.1971e-01    1.1569e+00
 6.1600e-01    1.4363e+02   -3.2178e-01    1.1570e+00
 6.1700e-01    1.4362e+02   -3.2426e-01    1.1570e+00
 6.1800e-01    1.4361e+02   -3.2660e-01    1.1575e+00
 6.1900e-01    1.4361e+02   -3.2818e-01    1.1574e+00
 6.2000e-01    1.4362e+02   -3.2867e-01    1.1570e+00
 6.2100e-01    1.4366e+02   -3.2791e-01    1.1566e+00
 6.2200e-01    1.4372e+02   -3.2598e-01    1.1557e+00
 6.2300e-01    1.4379e+02   -3.2322e-01    1.1544e+00
 6.2400e-01    1.4386e+02   -3.2018e-01    1.1532e+00
 6.2500e-01    1.4392e+02   -3.1753e-01    1.1521e+00
 6.2600e-01    1.4398e+02   -3.1584e-01    1.1512e+00
 6.2700e-01    1.4401e+02   -3.1542e-01    1.1506e+00
 6.2800e-01    1.4402e+02   -3.1628e-01    1.1504e+00
 6.2900e-01    1.4402e+02   -3.1819e-01    1.1506e+00
 6.3000e-01    1.4401e+02   -3.2071e-01    1.1506e+00
 6.3100e-01    1.4399e+02   -3.2306e-01    1.1510e+00
 6.3200e-01    1.4399e+02   -3.2478e-01    1.1509e+00
 6.3300e-01    1.4401e+02   -3.2545e-01    1.1506e+00
 6.3400e-01    1.4405e+02   -3.2484e-01    1.1502e+00
 6.3500e-01    1.4410e+02   -3.2304e-01    1.1492e+00
 6.3600e-01    1.4416e+02   -3.2035e-01    1.1481e+00
 6.3700e-01    1.4423e+02   -3.1735e-01    1.1469e+00
 6.3800e-01    1.4430e+02   -3.1467e-01    1.1458e+00
 6.3900e-01    1.4435e+02   -3.1292e-01    1.1450e+00
 6.4000e-01    1.4438e+02   -3.1250e-01    1.1443e+00
 6.4100e-01    1.4438e+02   -3.1346e-01    1.1442e+00
 6.4200e-01    1.4438e+02   -3.1557e-01    1.1444e+00
 6.4300e-01    1.4436e+02   -3.1830e-01    1.1445e+00
 6.4400e-01    1.4434e+02   -3.2084e-01    1.1449e+00
 6.4500e-01    1.4434e+02   -3.2268e-01    1.1449e+00
 6.4600e-01    1.4435e+02   -3.2341e-01    1.1447e+00
 6.4700e-01    1.4439e+02   -3.2275e-01    1.1441e+00
 6.4800e-01    1.4444e+02   -3.2085e-01    1.1433e+00
 6.4900e-01    1.4451e+02   -3.1799e-01    1.1422e+00
 6.5000e-01    1.4458e+02   -3.1476e-01    1.1409e+00
 6.5100e-01    1.4465e+02   -3.1184e-01    1.1398e+00
 6.5200e-01    1.4470e+02   -3.0992e-01    1.1389e+00
 6.5300e-01    1.4473e+02   -3.0937e-01    1.1385e+00
 6.5400e-01    1.4474e+02   -3.1027e-01    1.1382e+00
 6.5500e-01    1.4474e+02   -3.1228e-01    1.1384e+00
 6.5600e-01    1.4472e+02   -3.1494e-01    1.1387e+00
 6.5700e-01    1.4470e+02   -3.1759e-01    1.1389e+00
 6.5800e-01    1.4469e+02   -3.1957e-01    1.1391e+00
 6.5900e-01    1.4470e+02   -3.2043e-01    1.1388e+00
 6.6000e-01    1.4473e+02   -3.1995e-01    1.1385e+00
 6.6100e-01    1.4478e+02   -3.1829e-01    1.1376e+00
 6.6200e-01    1.4484e+02   -3.1576e-01    1.1365e+00
 6.6300e-01    1.4491e+02   -3.1284e-01    1.1356e+00
 6.6400e-01    1.4497e+02   -3.1032e-01    1.1343e+00
 6.6500e-01    1.4501e+02   -3.0878e-01    1.1337e+00
 6.6600e-01    1.4504e+02   -3.0859e-01    1.1330e+00
 6.6700e-01    1.4504e+02   -3.0974e-01    1.1331e+00
 6.6800e-01    1.4503e+02   -3.1192e-01    1.1331e+00
 6.6900e-01    1.4502e+02   -3.1455e-01    1.1334e+00
 6.7000e-01    1.4500e+02   -3.1684e-01    1.1336e+00
 6.7100e-01    1.4500e+02   -3.1828e-01    1.1336e+00
 6.7200e-01    1.4502e+02   -3.1842e-01    1.1334e+00
 6.7300e-01    1.4506e+02   -3.1721e-01    1.1325e+00
 6.7400e-01    1.4512e+02   -3.1488e-01    1.1318e+00
 6.7500e-01    1.4518e+02   -3.1197e-01    1.1304e+00
 6.7600e-01    1.4524e+02   -3.0919e-01    1.1294e+00
 6.7700e-01    1.4529e+02   -3.0717e-01    1.1286e+00
 6.7800e-01    1.4532e+02   -3.0639e-01    1.1278e+00
 6.7900e-01    1.4534e+02   -3.0698e-01    1.1277e+00
 6.8000e-01    1.4533e+02   -3.0871e-01    1.1277e+00
 6.8100e-01    1.4531e+02   -3.1112e-01    1.1279e+00
 6.8200e-01    1.4530e+02   -3.1357e-01    1.1283e+00
 6.8300e-01    1.4529e+02   -3.1543e-01    1.1283e+00
 6.8400e-01    1.4530e+02   -3.1624e-01    1.1281e+00
 6.8500e-01    1.4533e+02   -3.1583e-01    1.1277e+00
 6.8600e-01    1.4537e+02   -3.1411e-01    1.1268e+00
 6.8700e-01    1.4543e+02   -3.1153e-01    1.1258e+00
 6.8800e-01    1.4550e+02   -3.0861e-01    1.1246e+00
 6.8900e-01    1.4556e+02   -3.0600e-01    1.1236e+00
 6.9000e-01    1.4560e+02   -3.0442e-01    1.1229e+00
 6.9100e-01    1.4562e+02   -3.0428e-01    1.1224e+00
 6.9200e-01    1.4562e+02   -3.0557e-01    1.1224e+00
 6.9300e-01    1.4561e+02   -3.0796e-01    1.1226e+00
 6.9400e-01    1.4559e+02   -3.1084e-01    1.1231e+00
 6.9500e-01    1.4557e+02   -3.1340e-01    1.1234e+00
 6.9600e-01    1.4557e+02   -3.1495e-01    1.1234e+00
 6.9700e-01    1.4559e+02   -3.1506e-01    1.1230e+00
 6.9800e-01    1.4563e+02   -3.1367e-01    1.1223e+00
 6.9900e-01    1.4569e+02   -3.1112e-01    1.1214e+00
 7.0000e-01    1.4576e+02   -3.0796e-01    1.1201e+00
 7.0100e-01    1.4583e+02   -3.0487e-01    1.1189e+00
 7.0200e-01    1.4588e+02   -3.0264e-01    1.1181e+00
 7.0300e-01    1.4592e+02   -3.0181e-01    1.1174e+00
 7.0400e-01    1.4593e+02   -3.0254e-01    1.1172e+00
 7.0500e-01    1.4592e+02   -3.0455e-01    1.1176e+00
 7.0600e-01    1.4590e+02   -3.0723e-01    1.1178e+00
 7.0700e-01    1.4589e+02   -3.0988e-01    1.1180e+00
 7.0800e-01    1.4588e+02   -3.1169e-01    1.1183e+00
 7.0900e-01    1.4589e+02   -3.1229e-01    1.1179e+00
 7.1000e-01    1.4593e+02   -3.1143e-01    1.1174e+00
 7.1100e-01    1.4598e+02   -3.0924e-01    1.1164e+00
 7.1200e-01    1.4604e+02   -3.0621e-01    1.1154e+00
 7.1300e-01    1.4610e+02   -3.0307e-01    1.1141e+00
 7.1400e-01    1.4616e+02   -3.0059e-01    1.1133e+00
 7.1500e-01    1.4619e+02   -2.9945e-01    1.1125e+00
 7.1600e-01    1.4620e+02   -2.9997e-01    1.1124e+00
 7.1700e-01    1.4620e+02   -3.0193e-01    1.1122e+00
 7.1800e-01    1.4618e+02   -3.0466e-01    1.1128e+00
 7.1900e-01    1.4616e+02   -3.0737e-01    1.1131e+00
 7.2000e-01    1.4615e+02   -3.0928e-01    1.1132e+00
 7.2100e-01    1.4615e+02   -3.0994e-01    1.1129e+00
 7.2200e-01    1.4618e+02   -3.0914e-01    1.1126e+00
 7.2300e-01    1.4623e+02   -3.0703e-01    1.1116e+00
 7.2400e-01    1.4629e+02   -3.0409e-01    1.1105e+00
 7.2500e-01    1.4635e+02   -3.0104e-01    1.1094e+00
 7.2600e-01    1.4640e+02   -2.9871e-01    1.1086e+00
 7.2700e-01    1.4643e+02   -2.9774e-01    1.1079e+00
 7.2800e-01    1.4644e+02   -2.9841e-01    1.1078e+00
 7.2900e-01    1.4643e+02   -3.0043e-01    1.1079e+00
 7.3000e-01    1.4641e+02   -3.0320e-01    1.1083e+00
 7.3100e-01    1.4639e+02   -3.0589e-01    1.1086e+00
 7.3200e-01    1.4638e+02   -3.0779e-01    1.1087e+00
 7.3300e-01    1.4638e+02   -3.0839e-01    1.1085e+00
 7.3400e-01    1.4641e+02   -3.0754e-01    1.1078e+00
 7.3500e-01    1.4646e+02   -3.0550e-01    1.1071e+00
 7.3600e-01    1.4653e+02   -3.0261e-01    1.1060e+00
 7.3700e-01    1.4659e+02   -2.9956e-01    1.1048e+00
 7.3800e-01    1.4664e+02   -2.9715e-01    1.1039e+00
 7.3900e-01    1.4667e+02   -2.9600e-01    1.1032e+00
 7.4000e-01    1.4668e+02   -2.9653e-01    1.1031e+00
 7.4100e-01    1.4667e+02   -2.9855e-01    1.1031e+00
 7.4200e-01    1.4665e+02   -3.0144e-01    1.1035e+00
 7.4300e-01    1.4663e+02   -3.0431e-01    1.1039e+00
 7.4400e-01    1.4662e+02   -3.0636e-01    1.1042e+00
 7.4500e-01    1.4662e+02   -3.0714e-01    1.1039e+00
 7.4600e-01    1.4665e+02   -3.0638e-01    1.1036e+00
 7.4700e-01    1.4670e+02   -3.0429e-01    1.1026e+00
 7.4800e-01    1.4676e+02   -3.0136e-01    1.1016e+00
 7.4900e-01    1.4682e+02   -2.9833e-01    1.1005e+00
 7.5000e-01    1.4687e+02   -2.9603e-01    1.0995e+00
 7.5100e-01    1.4691e+02   -2.9507e-01    1.0989e+00
 7.5200e-01    1.4692e+02   -2.9577e-01    1.0988e+00
 7.5300e-01    1.4691e+02   -2.9782e-01    1.0989e+00
 7.5400e-01    1.4688e+02   -3.0050e-01    1.0993e+00
 7.5500e-01    1.4686e+02   -3.0320e-01    1.0995e+00
 7.5600e-01    1.4685e+02   -3.0506e-01    1.0997e+00
 7.5700e-01    1.4686e+02   -3.0559e-01    1.0994e+00
 7.5800e-01    1.4689e+02   -3.0466e-01    1.0990e+00
 7.5900e-01    1.4694e+02   -3.0253e-01    1.0980e+00
 7.6000e-01    1.4700e+02   -2.9963e-01    1.0969e+00
 7.6100e-01    1.4706e+02   -2.9680e-01    1.0960e+00
 7.6200e-01    1.4710e+02   -2.9477e-01    1.0952e+00
 7.6300e-01    1.4713e+02   -2.9410e-01    1.0945e+00
 7.6400e-01    1.4713e+02   -2.9503e-01    1.0945e+00
 7.6500e-01    1.4712e+02   -2.9716e-01    1.0947e+00
 7.6600e-01    1.4710e+02   -2.9983e-01    1.0950e+00
 7.6700e-01    1.4708e+02   -3.0224e-01    1.0953e+00
 7.6800e-01    1.4708e+02   -3.0365e-01    1.0953e+00
 7.6900e-01    1.4710e+02   -3.0370e-01    1.0952e+00
 7.7000e-01    1.4713e+02   -3.0229e-01    1.0943e+00
 7.7100e-01    1.4719e+02   -2.9982e-01    1.0935e+00
 7.7200e-01    1.4725e+02   -2.9676e-01    1.0922e+00
 7.7300e-01    1.4731e+02   -2.9391e-01    1.0913e+00
 7.7400e-01    1.4735e+02   -2.9200e-01    1.0904e+00
 7.7500e-01    1.4738e+02   -2.9160e-01    1.0899e+00
 7.7600e-01    1.4738e+02   -2.9285e-01    1.0899e+00
 7.7700e-01    1.4736e+02   -2.9537e-01    1.0902e+00
 7.7800e-01    1.4733e+02   -2.9841e-01    1.0907e+00
 7.7900e-01    1.4731e+02   -3.0103e-01    1.0910e+00
 7.8000e-01    1.4731e+02   -3.0241e-01    1.0911e+00
 7.8100e-01    1.4733e+02   -3.0218e-01    1.0908e+00
 7.8200e-01    1.4737e+02   -3.0034e-01    1.0900e+00
 7.8300e-01    1.4744e+02   -2.9731e-01    1.0889e+00
 7.8400e-01    1.4750e+02   -2.9385e-01    1.0878e+00
 7.8500e-01    1.4756e+02   -2.9091e-01    1.0866e+00
 7.8600e-01    1.4760e+02   -2.8939e-01    1.0860e+00
 7.8700e-01    1.4761e+02   -2.8973e-01    1.0857e+00
 7.8800e-01    1.4760e+02   -2.9173e-01    1.0858e+00
 7.8900e-01    1.4757e+02   -2.9478e-01    1.0863e+00
 7.9000e-01    1.4754e+02   -2.9795e-01    1.0867e+00
 7.9100e-01    1.4753e+02   -3.0033e-01    1.0871e+00
 7.9200e-01    1.4753e+02   -3.0117e-01    1.0869e+00
 7.9300e-01    1.4756e+02   -3.0025e-01    1.0864e+00
 7.9400e-01    1.4761e+02   -2.9781e-01    1.0856e+00
 7.9500e-01    1.4768e+02   -2.9451e-01    1.0843e+00
 7.9600e-01    1.4774e+02   -2.9118e-01    1.0832e+00
 7.9700e-01    1.4779e+02   -2.8879e-01    1.0822e+00
 7.9800e-01    1.4782e+02   -2.8815e-01    1.0818e+00
 7.9900e-01    1.4782e+02   -2.8948e-01    1.0818e+00
 8.0000e-01    1.4780e+02   -2.9240e-01    1.0823e+00
 8.0100e-01    1.4776e+02   -2.9587e-01    1.0829e+00
 8.0200e-01    1.4774e+02   -2.9886e-01    1.0833e+00
 8.0300e-01    1.4773e+02   -3.0043e-01    1.0834e+00
 8.0400e-01    1.4776e+02   -3.0015e-01    1.0832e+00
 8.0500e-01    1.4780e+02   -2.9804e-01    1.0822e+00
 8.0600e-01    1.4787e+02   -2.9468e-01    1.0810e+00
 8.0700e-01    1.4794e+02   -2.9095e-01    1.0799e+00
 8.0800e-01    1.4799e+02   -2.8795e-01    1.0786e+00
 8.0900e-01    1.4803e+02   -2.8665e-01    1.0781e+00
 8.1000e-01    1.4803e+02   -2.8749e-01    1.0780e+00
 8.1100e-01    1.4800e+02   -2.9020e-01    1.0783e+00
 8.1200e-01    1.4797e+02   -2.9394e-01    1.0790e+00
 8.1300e-01    1.4793e+02   -2.9748e-01    1.0798e+00
 8.1400e-01    1.4791e+02   -2.9973e-01    1.0798e+00
 8.1500e-01    1.4792e+02   -3.0006e-01    1.0797e+00
 8.1600e-01    1.4796e+02   -2.9839e-01    1.0791e+00
 8.1700e-01    1.4802e+02   -2.9521e-01    1.0780e+00
 8.1800e-01    1.4809e+02   -2.9136e-01    1.0766e+00
 8.1900e-01    1.4815e+02   -2.8793e-01    1.0755e+00
 8.2000e-01    1.4820e+02   -2.8593e-01    1.0746e+00
 8.2100e-01    1.4821e+02   -2.8600e-01    1.0744e+00
 8.2200e-01    1.4820e+02   -2.8814e-01    1.0747e+00
 8.2300e-01    1.4817e+02   -2.9157e-01    1.0752e+00
 8.2400e-01    1.4813e+02   -2.9519e-01    1.0757e+00
 8.2500e-01    1.4811e+02   -2.9791e-01    1.0762e+00
 8.2600e-01    1.4811e+02   -2.9886e-01    1.0763e+00
 8.2700e-01    1.4814e+02   -2.9776e-01    1.0757e+00
 8.2800e-01    1.4820e+02   -2.9481e-01    1.0747e+00
 8.2900e-01    1.4827e+02   -2.9084e-01    1.0734e+00
 8.3000e-01    1.4834e+02   -2.8690e-01    1.0720e+00
 8.3100e-01    1.4840e+02   -2.8416e-01    1.0713e+00
 8.3200e-01    1.4842e+02   -2.8356e-01    1.0706e+00
 8.3300e-01    1.4841e+02   -2.8531e-01    1.0708e+00
 8.3400e-01    1.4838e+02   -2.8873e-01    1.0714e+00
 8.3500e-01    1.4834e+02   -2.9273e-01    1.0722e+00
 8.3600e-01    1.4831e+02   -2.9607e-01    1.0728e+00
 8.3700e-01    1.4831e+02   -2.9772e-01    1.0730e+00
 8.3800e-01    1.4833e+02   -2.9720e-01    1.0724e+00
 8.3900e-01    1.4838e+02   -2.9471e-01    1.0717e+00
 8.4000e-01    1.4845e+02   -2.9083e-01    1.0703e+00
 8.4100e-01    1.4853e+02   -2.8670e-01    1.0690e+00
 8.4200e-01    1.4858e+02   -2.8363e-01    1.0679e+00
 8.4300e-01    1.4861e+02   -2.8265e-01    1.0675e+00
 8.4400e-01    1.4861e+02   -2.8407e-01    1.0675e+00
 8.4500e-01    1.4858e+02   -2.8741e-01    1.0680e+00
 8.4600e-01    1.4854e+02   -2.9149e-01    1.0690e+00
 8.4700e-01    1.4850e+02   -2.9497e-01    1.0695e+00
 8.4800e-01    1.4849e+02   -2.9683e-01    1.0697e+00
 8.4900e-01    1.4851e+02   -2.9646e-01    1.0694e+00
 8.5000e-01    1.4856e+02   -2.9396e-01    1.0685e+00
 8.5100e-01    1.4863e+02   -2.9001e-01    1.0671e+00
 8.5200e-01    1.4871e+02   -2.8575e-01    1.0658e+00
 8.5300e-01    1.4877e+02   -2.8252e-01    1.0647e+00
 8.5400e-01    1.4880e+02   -2.8138e-01    1.0641e+00
 8.5500e-01    1.4879e+02   -2.8265e-01    1.0642e+00
 8.5600e-01    1.4876e+02   -2.8592e-01    1.0647e+00
 8.5700e-01    1.4871e+02   -2.9010e-01    1.0656e+00
 8.5800e-01    1.4867e+02   -2.9390e-01    1.0662e+00
 8.5900e-01    1.4865e+02   -2.9607e-01    1.0666e+00
 8.6000e-01    1.4867e+02   -2.9608e-01    1.0664e+00
 8.6100e-01    1.4871e+02   -2.9383e-01    1.0655e+00
 8.6200e-01    1.4878e+02   -2.8988e-01    1.0642e+00
 8.6300e-01    1.4886e+02   -2.8535e-01    1.0628e+00
 8.6400e-01    1.4893e+02   -2.8160e-01    1.0616e+00
 8.6500e-01    1.4896e+02   -2.7988e-01    1.0608e+00
 8.6600e-01    1.4897e+02   -2.8068e-01    1.0607e+00
 8.6700e-01    1.4894e+02   -2.8368e-01    1.0613e+00
 8.6800e-01    1.4889e+02   -2.8784e-01    1.0621e+00
 8.6900e-01    1.4885e+02   -2.9180e-01    1.0629e+00
 8.7000e-01    1.4882e+02   -2.9443e-01    1.0632e+00
 8.7100e-01    1.4883e+02   -2.9494e-01    1.0632e+00
 8.7200e-01    1.4887e+02   -2.9324e-01    1.0625e+00
 8.7300e-01    1.4893e+02   -2.8972e-01    1.0612e+00
 8.7400e-01    1.4900e+02   -2.8545e-01    1.0600e+00
 8.7500e-01    1.4906e+02   -2.8175e-01    1.0587e+00
 8.7600e-01    1.4910e+02   -2.7977e-01    1.0581e+00
 8.7700e-01    1.4911e+02   -2.8031e-01    1.0579e+00
 8.7800e-01    1.4908e+02   -2.8302e-01    1.0584e+00
 8.7900e-01    1.4904e+02   -2.8697e-01    1.0592e+00
 8.8000e-01    1.4900e+02   -2.9081e-01    1.0600e+00
 8.8100e-01    1.4898e+02   -2.9338e-01    1.0603e+00
 8.8200e-01    1.4898e+02   -2.9391e-01    1.0603e+00
 8.8300e-01    1.4902e+02   -2.9223e-01    1.0596e+00
 8.8400e-01    1.4908e+02   -2.8879e-01    1.0585e+00
 8.8500e-01    1.4915e+02   -2.8455e-01    1.0572e+00
 8.8600e-01    1.4922e+02   -2.8079e-01    1.0560e+00
 8.8700e-01    1.4926e+02   -2.7883e-01    1.0552e+00
 8.8800e-01    1.4926e+02   -2.7932e-01    1.0550e+00
 8.8900e-01    1.4924e+02   -2.8203e-01    1.0555e+00
 8.9000e-01    1.4920e+02   -2.8595e-01    1.0563e+00
 8.9100e-01    1.4916e+02   -2.8979e-01    1.0571e+00
 8.9200e-01    1.4914e+02   -2.9236e-01    1.0574e+00
 8.9300e-01    1.4914e+02   -2.9297e-01    1.0574e+00
 8.9400e-01    1.4918e+02   -2.9131e-01    1.0565e+00
 8.9500e-01    1.4924e+02   -2.8787e-01    1.0555e+00
 8.9600e-01    1.4931e+02   -2.8359e-01    1.0542e+00
 8.9700e-01    1.4938e+02   -2.7981e-01    1.0527e+00
 8.9800e-01    1.4942e+02   -2.7781e-01    1.0522e+00
 8.9900e-01    1.4942e+02   -2.7822e-01    1.0520e+00
 9.0000e-01    1.4940e+02   -2.8088e-01    1.0525e+00
 9.0100e-01    1.4936e+02   -2.8470e-01    1.0532e+00
 9.0200e-01    1.4932e+02   -2.8838e-01    1.0539e+00
 9.0300e-01    1.4930e+02   -2.9072e-01    1.0543e+00
 9.0400e-01    1.4931e+02   -2.9105e-01    1.0541e+00
 9.0500e-01    1.4935e+02   -2.8924e-01    1.0535e+00
 9.0600e-01    1.4941e+02   -2.8577e-01    1.0524e+00
 9.0700e-01    1.4947e+02   -2.8174e-01    1.0511e+00
 9.0800e-01    1.4953e+02   -2.7843e-01    1.0500e+00
 9.0900e-01    1.4956e+02   -2.7704e-01    1.0494e+00
 9.1000e-01    1.4956e+02   -2.7808e-01    1.0493e+00
 9.1100e-01    1.4954e+02   -2.8111e-01    1.0499e+00
 9.1200e-01    1.4950e+02   -2.8499e-01    1.0506e+00
 9.1300e-01    1.4947e+02   -2.8838e-01    1.0513e+00
 9.1400e-01    1.4945e+02   -2.9027e-01    1.0516e+00
 9.1500e-01    1.4947e+02   -2.9016e-01    1.0513e+00
 9.1600e-01    1.4951e+02   -2.8801e-01    1.0506e+00
 9.1700e-01    1.4957e+02   -2.8441e-01    1.0493e+00
 9.1800e-01    1.4964e+02   -2.8048e-01    1.0480e+00
 9.1900e-01    1.4969e+02   -2.7748e-01    1.0470e+00
 9.2000e-01    1.4972e+02   -2.7644e-01    1.0466e+00
 9.2100e-01    1.4971e+02   -2.7768e-01    1.0467e+00
 9.2200e-01    1.4968e+02   -2.8075e-01    1.0472e+00
 9.2300e-01    1.4965e+02   -2.8449e-01    1.0479e+00
 9.2400e-01    1.4961e+02   -2.8763e-01    1.0485e+00
 9.2500e-01    1.4960e+02   -2.8920e-01    1.0487e+00
 9.2600e-01    1.4962e+02   -2.8860e-01    1.0483e+00
 9.2700e-01    1.4967e+02   -2.8608e-01    1.0475e+00
 9.2800e-01    1.4973e+02   -2.8239e-01    1.0463e+00
 9.2900e-01    1.4980e+02   -2.7862e-01    1.0452e+00
 9.3000e-01    1.4984e+02   -2.7606e-01    1.0443e+00
 9.3100e-01    1.4986e+02   -2.7565e-01    1.0440e+00
 9.3200e-01    1.4984e+02   -2.7758e-01    1.0443e+00
 9.3300e-01    1.4981e+02   -2.8113e-01    1.0448e+00
 9.3400e-01    1.4977e+02   -2.8498e-01    1.0456e+00
 9.3500e-01    1.4973e+02   -2.8786e-01    1.0463e+00
 9.3600e-01    1.4973e+02   -2.8886e-01    1.0460e+00
 9.3700e-01    1.4975e+02   -2.8763e-01    1.0456e+00
 9.3800e-01    1.4981e+02   -2.8449e-01    1.0447e+00
 9.3900e-01    1.4987e+02   -2.8041e-01    1.0433e+00
 9.4000e-01    1.4993e+02   -2.7670e-01    1.0422e+00
 9.4100e-01    1.4997e+02   -2.7472e-01    1.0415e+00
 9.4200e-01    1.4997e+02   -2.7527e-01    1.0413e+00
 9.4300e-01    1.4995e+02   -2.7812e-01    1.0418e+00
 9.4400e-01    1.4990e+02   -2.8217e-01    1.0426e+00
 9.4500e-01    1.4986e+02   -2.8598e-01    1.0433e+00
 9.4600e-01    1.4984e+02   -2.8827e-01    1.0437e+00
 9.4700e-01    1.4985e+02   -2.8828e-01    1.0434e+00
 9.4800e-01    1.4989e+02   -2.8594e-01    1.0427e+00
 9.4900e-01    1.4996e+02   -2.8194e-01    1.0414e+00
 9.5000e-01    1.5003e+02   -2.7750e-01    1.0401e+00
 9.5100e-01    1.5008e+02   -2.7416e-01    1.0389e+00
 9.5200e-01    1.5010e+02   -2.7324e-01    1.0386e+00
 9.5300e-01    1.5009e+02   -2.7513e-01    1.0388e+00
 9.5400e-01    1.5005e+02   -2.7907e-01    1.0398e+00
 9.5500e-01    1.5000e+02   -2.8357e-01    1.0406e+00
 9.5600e-01    1.4996e+02   -2.8712e-01    1.0413e+00
 9.5700e-01    1.4995e+02   -2.8858e-01    1.0415e+00
 9.5800e-01    1.4998e+02   -2.8746e-01    1.0409e+00
 9.5900e-01    1.5003e+02   -2.8405e-01    1.0398e+00
 9.6000e-01    1.5011e+02   -2.7940e-01    1.0385e+00
 9.6100e-01    1.5018e+02   -2.7495e-01    1.0370e+00
 9.6200e-01    1.5022e+02   -2.7233e-01    1.0363e+00
 9.6300e-01    1.5023e+02   -2.7253e-01    1.0361e+00
 9.6400e-01    1.5020e+02   -2.7554e-01    1.0367e+00
 9.6500e-01    1.5015e+02   -2.8016e-01    1.0375e+00
 9.6600e-01    1.5009e+02   -2.8470e-01    1.0385e+00
 9.6700e-01    1.5006e+02   -2.8770e-01    1.0389e+00
 9.6800e-01    1.5006e+02   -2.8826e-01    1.0390e+00
 9.6900e-01    1.5010e+02   -2.8621e-01    1.0382e+00
 9.7000e-01    1.5017e+02   -2.8201e-01    1.0369e+00
 9.7100e-01    1.5025e+02   -2.7699e-01    1.0353e+00
 9.7200e-01    1.5031e+02   -2.7286e-01    1.0342e+00
 9.7300e-01    1.5035e+02   -2.7110e-01    1.0335e+00
 9.7400e-01    1.5034e+02   -2.7235e-01    1.0335e+00
 9.7500e-01    1.5030e+02   -2.7611e-01    1.0345e+00
 9.7600e-01    1.5025e+02   -2.8093e-01    1.0354e+00
 9.7700e-01    1.5020e+02   -2.8508e-01    1.0364e+00
 9.7800e-01    1.5018e+02   -2.8719e-01    1.0367e+00
 9.7900e-01    1.5020e+02   -2.8664e-01    1.0363e+00
 9.8000e-01    1.5025e+02   -2.8354e-01    1.0354e+00
 9.8100e-01    1.5033e+02   -2.7877e-01    1.0338e+00
 9.8200e-01    1.5040e+02   -2.7388e-01    1.0324e+00
 9.8300e-01    1.5046e+02   -2.7061e-01    1.0313e+00
 9.8400e-01    1.5047e+02   -2.7015e-01    1.0310e+00
 9.8500e-01    1.5045e+02   -2.7271e-01    1.0316e+00
 9.8600e-01    1.5040e+02   -2.7719e-01    1.0325e+00
 9.8700e-01    1.5034e+02   -2.8199e-01    1.0336e+00
 9.8800e-01    1.5030e+02   -2.8549e-01    1.0343e+00
 9.8900e-01    1.5029e+02   -2.8656e-01    1.0343e+00
 9.9000e-01    1.5033e+02   -2.8489e-01    1.0338e+00
 9.9100e-01    1.5039e+02   -2.8102e-01    1.0325e+00
 9.9200e-01    1.5046e+02   -2.7614e-01    1.0310e+00
 9.9300e-01    1.5053e+02   -2.7186e-01    1.0298e+00
 9.9400e-01    1.5057e+02   -2.6975e-01    1.0291e+00
 9.9500e-01    1.5056e+02   -2.7059e-01    1.0290e+00
 9.9600e-01    1.5052e+02   -2.7406e-01    1.0297e+00
 9.9700e-01    1.5047e+02   -2.7886e-01    1.0310e+00
 9.9800e-01    1.5041e+02   -2.8327e-01    1.0318e+00
 9.9900e-01    1.5039e+02   -2.8577e-01    1.0323e+00
 1.0000e+00    1.5040e+02   -2.8559e-01    1.0323e+00
 1.0010e+00    1.5044e+02   -2.8273e-01    1.0312e+00
 1.0020e+00    1.5052e+02   -2.7809e-01    1.0298e+00
 1.0030e+00    1.5059e+02   -2.7322e-01    1.0285e+00
 1.0040e+00    1.5064e+02   -2.6978e-01    1.0273e+00
 1.0050e+00    1.5066e+02   -2.6906e-01    1.0269e+00
 1.0060e+00    1.5064e+02   -2.7130e-01    1.0274e+00
 1.0070e+00    1.5059e+02   -2.7569e-01    1.0283e+00
 1.0080e+00    1.5054e+02   -2.8055e-01    1.0294e+00
 1.0090e+00    1.5050e+02   -2.8423e-01    1.0301e+00
 1.0100e+00    1.5049e+02   -2.8557e-01    1.0304e+00
 1.0110e+00    1.5052e+02   -2.8414e-01    1.0297e+00
 1.0120e+00    1.5058e+02   -2.8035e-01    1.0286e+00
 1.0130e+00    1.5065e+02   -2.7548e-01    1.0273e+00
 1.0140e+00    1.5072e+02   -2.7124e-01    1.0259e+00
 1.0150e+00    1.5076e+02   -2.6914e-01    1.0252e+00
 1.0160e+00    1.5076e+02   -2.6996e-01    1.0252e+00
 1.0170e+00    1.5072e+02   -2.7330e-01    1.0258e+00
 1.0180e+00    1.5067e+02   -2.7786e-01    1.0268e+00
 1.0190e+00    1.5062e+02   -2.8203e-01    1.0278e+00
 1.0200e+00    1.5060e+02   -2.8445e-01    1.0282e+00
 1.0210e+00    1.5061e+02   -2.8422e-01    1.0281e+00
 1.0220e+00    1.5065e+02   -2.8142e-01    1.0272e+00
 1.0230e+00    1.5072e+02   -2.7687e-01    1.0258e+00
 1.0240e+00    1.5079e+02   -2.7217e-01    1.0246e+00
 1.0250e+00    1.5084e+02   -2.6905e-01    1.0235e+00
 1.0260e+00    1.5085e+02   -2.6870e-01    1.0233e+00
 1.0270e+00    1.5083e+02   -2.7124e-01    1.0237e+00
 1.0280e+00    1.5078e+02   -2.7565e-01    1.0247e+00
 1.0290e+00    1.5072e+02   -2.8028e-01    1.0257e+00
 1.0300e+00    1.5069e+02   -2.8348e-01    1.0266e+00
 1.0310e+00    1.5069e+02   -2.8420e-01    1.0265e+00
 1.0320e+00    1.5073e+02   -2.8209e-01    1.0258e+00
 1.0330e+00    1.5079e+02   -2.7777e-01    1.0245e+00
 1.0340e+00    1.5087e+02   -2.7262e-01    1.0230e+00
 1.0350e+00    1.5093e+02   -2.6846e-01    1.0217e+00
 1.0360e+00    1.5096e+02   -2.6695e-01    1.0212e+00
 1.0370e+00    1.5094e+02   -2.6876e-01    1.0214e+00
 1.0380e+00    1.5090e+02   -2.7304e-01    1.0225e+00
 1.0390e+00    1.5084e+02   -2.7810e-01    1.0235e+00
 1.0400e+00    1.5079e+02   -2.8213e-01    1.0245e+00
 1.0410e+00    1.5078e+02   -2.8384e-01    1.0246e+00
 1.0420e+00    1.5080e+02   -2.8268e-01    1.0243e+00
 1.0430e+00    1.5086e+02   -2.7896e-01    1.0230e+00
 1.0440e+00    1.5094e+02   -2.7384e-01    1.0216e+00
 1.0450e+00    1.5101e+02   -2.6909e-01    1.0202e+00
 1.0460e+00    1.5105e+02   -2.6652e-01    1.0194e+00
 1.0470e+00    1.5105e+02   -2.6719e-01    1.0194e+00
 1.0480e+00    1.5101e+02   -2.7079e-01    1.0202e+00
 1.0490e+00    1.5095e+02   -2.7582e-01    1.0213e+00
 1.0500e+00    1.5090e+02   -2.8039e-01    1.0224e+00
 1.0510e+00    1.5087e+02   -2.8303e-01    1.0228e+00
 1.0520e+00    1.5088e+02   -2.8287e-01    1.0227e+00
 1.0530e+00    1.5093e+02   -2.7995e-01    1.0217e+00
 1.0540e+00    1.5100e+02   -2.7519e-01    1.0204e+00
 1.0550e+00    1.5107e+02   -2.7016e-01    1.0190e+00
 1.0560e+00    1.5112e+02   -2.6674e-01    1.0178e+00
 1.0570e+00    1.5114e+02   -2.6631e-01    1.0177e+00
 1.0580e+00    1.5111e+02   -2.6903e-01    1.0181e+00
 1.0590e+00    1.5105e+02   -2.7377e-01    1.0192e+00
 1.0600e+00    1.5099e+02   -2.7869e-01    1.0204e+00
 1.0610e+00    1.5095e+02   -2.8202e-01    1.0212e+00
 1.0620e+00    1.5095e+02   -2.8273e-01    1.0212e+00
 1.0630e+00    1.5098e+02   -2.8058e-01    1.0206e+00
 1.0640e+00    1.5105e+02   -2.7620e-01    1.0192e+00
 1.0650e+00    1.5112e+02   -2.7101e-01    1.0177e+00
 1.0660e+00    1.5118e+02   -2.6689e-01    1.0166e+00
 1.0670e+00    1.5121e+02   -2.6555e-01    1.0160e+00
 1.0680e+00    1.5119e+02   -2.6759e-01    1.0165e+00
 1.0690e+00    1.5113e+02   -2.7215e-01    1.0175e+00
 1.0700e+00    1.5107e+02   -2.7740e-01    1.0187e+00
 1.0710e+00    1.5102e+02   -2.8145e-01    1.0197e+00
 1.0720e+00    1.5101e+02   -2.8296e-01    1.0198e+00
 1.0730e+00    1.5104e+02   -2.8142e-01    1.0194e+00
 1.0740e+00    1.5110e+02   -2.7724e-01    1.0181e+00
 1.0750e+00    1.5118e+02   -2.7175e-01    1.0165e+00
 1.0760e+00    1.5125e+02   -2.6691e-01    1.0152e+00
 1.0770e+00    1.5128e+02   -2.6456e-01    1.0143e+00
 1.0780e+00    1.5128e+02   -2.6579e-01    1.0146e+00
 1.0790e+00    1.5123e+02   -2.7008e-01    1.0155e+00
 1.0800e+00    1.5116e+02   -2.7571e-01    1.0169e+00
 1.0810e+00    1.5110e+02   -2.8058e-01    1.0179e+00
 1.0820e+00    1.5108e+02   -2.8308e-01    1.0184e+00
 1.0830e+00    1.5109e+02   -2.8239e-01    1.0182e+00
 1.0840e+00    1.5115e+02   -2.7868e-01    1.0171e+00
 1.0850e+00    1.5123e+02   -2.7312e-01    1.0155e+00
 1.0860e+00    1.5131e+02   -2.6761e-01    1.0139e+00
 1.0870e+00    1.5136e+02   -2.6430e-01    1.0130e+00
 1.0880e+00    1.5137e+02   -2.6452e-01    1.0129e+00
 1.0890e+00    1.5133e+02   -2.6813e-01    1.0138e+00
 1.0900e+00    1.5126e+02   -2.7365e-01    1.0150e+00
 1.0910e+00    1.5119e+02   -2.7891e-01    1.0163e+00
 1.0920e+00    1.5115e+02   -2.8213e-01    1.0169e+00
 1.0930e+00    1.5115e+02   -2.8233e-01    1.0170e+00
 1.0940e+00    1.5120e+02   -2.7942e-01    1.0160e+00
 1.0950e+00    1.5127e+02   -2.7431e-01    1.0147e+00
 1.0960e+00    1.5135e+02   -2.6872e-01    1.0131e+00
 1.0970e+00    1.5140e+02   -2.6473e-01    1.0120e+00
 1.0980e+00    1.5142e+02   -2.6403e-01    1.0117e+00
 1.0990e+00    1.5138e+02   -2.6699e-01    1.0124e+00
 1.1000e+00    1.5132e+02   -2.7228e-01    1.0136e+00
 1.1010e+00    1.5125e+02   -2.7773e-01    1.0149e+00
 1.1020e+00    1.5120e+02   -2.8149e-01    1.0158e+00
 1.1030e+00    1.5119e+02   -2.8236e-01    1.0159e+00
 1.1040e+00    1.5123e+02   -2.8010e-01    1.0152e+00
 1.1050e+00    1.5129e+02   -2.7537e-01    1.0139e+00
 1.1060e+00    1.5137e+02   -2.6975e-01    1.0122e+00
 1.1070e+00    1.5144e+02   -2.6541e-01    1.0109e+00
 1.1080e+00    1.5146e+02   -2.6411e-01    1.0105e+00
 1.1090e+00    1.5143e+02   -2.6648e-01    1.0111e+00
 1.1100e+00    1.5137e+02   -2.7144e-01    1.0121e+00
 1.1110e+00    1.5131e+02   -2.7690e-01    1.0135e+00
 1.1120e+00    1.5126e+02   -2.8090e-01    1.0145e+00
 1.1130e+00    1.5125e+02   -2.8208e-01    1.0148e+00
 1.1140e+00    1.5129e+02   -2.8006e-01    1.0140e+00
 1.1150e+00    1.5136e+02   -2.7545e-01    1.0128e+00
 1.1160e+00    1.5144e+02   -2.6973e-01    1.0112e+00
 1.1170e+00    1.5150e+02   -2.6502e-01    1.0099e+00
 1.1180e+00    1.5153e+02   -2.6329e-01    1.0092e+00
 1.1190e+00    1.5151e+02   -2.6524e-01    1.0096e+00
 1.1200e+00    1.5145e+02   -2.6997e-01    1.0108e+00
 1.1210e+00    1.5138e+02   -2.7558e-01    1.0121e+00
 1.1220e+00    1.5132e+02   -2.7997e-01    1.0132e+00
 1.1230e+00    1.5130e+02   -2.8171e-01    1.0135e+00
 1.1240e+00    1.5133e+02   -2.8022e-01    1.0130e+00
 1.1250e+00    1.5139e+02   -2.7596e-01    1.0120e+00
 1.1260e+00    1.5147e+02   -2.7033e-01    1.0103e+00
 1.1270e+00    1.5154e+02   -2.6532e-01    1.0088e+00
 1.1280e+00    1.5157e+02   -2.6292e-01    1.0081e+00
 1.1290e+00    1.5156e+02   -2.6415e-01    1.0084e+00
 1.1300e+00    1.5151e+02   -2.6836e-01    1.0093e+00
 1.1310e+00    1.5144e+02   -2.7374e-01    1.0107e+00
 1.1320e+00    1.5139e+02   -2.7822e-01    1.0117e+00
 1.1330e+00    1.5136e+02   -2.8028e-01    1.0121e+00
 1.1340e+00    1.5138e+02   -2.7928e-01    1.0118e+00
 1.1350e+00    1.5143e+02   -2.7556e-01    1.0109e+00
 1.1360e+00    1.5150e+02   -2.7037e-01    1.0094e+00
 1.1370e+00    1.5157e+02   -2.6560e-01    1.0082e+00
 1.1380e+00    1.5160e+02   -2.6323e-01    1.0075e+00
 1.1390e+00    1.5160e+02   -2.6419e-01    1.0076e+00
 1.1400e+00    1.5155e+02   -2.6808e-01    1.0086e+00
 1.1410e+00    1.5149e+02   -2.7323e-01    1.0098e+00
 1.1420e+00    1.5143e+02   -2.7768e-01    1.0109e+00
 1.1430e+00    1.5141e+02   -2.7986e-01    1.0114e+00
 1.1440e+00    1.5142e+02   -2.7911e-01    1.0111e+00
 1.1450e+00    1.5147e+02   -2.7563e-01    1.0102e+00
 1.1460e+00    1.5154e+02   -2.7062e-01    1.0088e+00
 1.1470e+00    1.5161e+02   -2.6582e-01    1.0074e+00
 1.1480e+00    1.5164e+02   -2.6316e-01    1.0067e+00
 1.1490e+00    1.5164e+02   -2.6377e-01    1.0068e+00
 1.1500e+00    1.5160e+02   -2.6730e-01    1.0076e+00
 1.1510e+00    1.5154e+02   -2.7233e-01    1.0088e+00
 1.1520e+00    1.5148e+02   -2.7689e-01    1.0099e+00
 1.1530e+00    1.5145e+02   -2.7938e-01    1.0105e+00
 1.1540e+00    1.5146e+02   -2.7895e-01    1.0104e+00
 1.1550e+00    1.5151e+02   -2.7580e-01    1.0095e+00
 1.1560e+00    1.5158e+02   -2.7092e-01    1.0082e+00
 1.1570e+00    1.5165e+02   -2.6612e-01    1.0068e+00
 1.1580e+00    1.5169e+02   -2.6327e-01    1.0060e+00
 1.1590e+00    1.5168e+02   -2.6371e-01    1.0060e+00
 1.1600e+00    1.5164e+02   -2.6726e-01    1.0069e+00
 1.1610e+00    1.5157e+02   -2.7243e-01    1.0083e+00
 1.1620e+00    1.5151e+02   -2.7722e-01    1.0094e+00
 1.1630e+00    1.5148e+02   -2.7990e-01    1.0102e+00
 1.1640e+00    1.5149e+02   -2.7967e-01    1.0099e+00
 1.1650e+00    1.5153e+02   -2.7649e-01    1.0090e+00
 1.1660e+00    1.5160e+02   -2.7143e-01    1.0078e+00
 1.1670e+00    1.5168e+02   -2.6628e-01    1.0062e+00
 1.1680e+00    1.5172e+02   -2.6309e-01    1.0053e+00
 1.1690e+00    1.5173e+02   -2.6315e-01    1.0053e+00
 1.1700e+00    1.5169e+02   -2.6645e-01    1.0061e+00
 1.1710e+00    1.5163e+02   -2.7153e-01    1.0073e+00
 1.1720e+00    1.5157e+02   -2.7635e-01    1.0085e+00
 1.1730e+00    1.5153e+02   -2.7922e-01    1.0092e+00
 1.1740e+00    1.5154e+02   -2.7917e-01    1.0091e+00
 1.1750e+00    1.5158e+02   -2.7621e-01    1.0082e+00
 1.1760e+00    1.5165e+02   -2.7131e-01    1.0069e+00
 1.1770e+00    1.5172e+02   -2.6614e-01    1.0055e+00
 1.1780e+00    1.5177e+02   -2.6273e-01    1.0046e+00
 1.1790e+00    1.5178e+02   -2.6251e-01    1.0045e+00
 1.1800e+00    1.5174e+02   -2.6562e-01    1.0052e+00
 1.1810e+00    1.5168e+02   -2.7066e-01    1.0064e+00
 1.1820e+00    1.5162e+02   -2.7559e-01    1.0077e+00
 1.1830e+00    1.5158e+02   -2.7868e-01    1.0084e+00
 1.1840e+00    1.5158e+02   -2.7889e-01    1.0083e+00
 1.1850e+00    1.5162e+02   -2.7623e-01    1.0077e+00
 1.1860e+00    1.5169e+02   -2.7157e-01    1.0063e+00
 1.1870e+00    1.5176e+02   -2.6656e-01    1.0051e+00
 1.1880e+00    1.5180e+02   -2.6320e-01    1.0041e+00
 1.1890e+00    1.5181e+02   -2.6305e-01    1.0040e+00
 1.1900e+00    1.5177e+02   -2.6615e-01    1.0048e+00
 1.1910e+00    1.5171e+02   -2.7116e-01    1.0059e+00
 1.1920e+00    1.5165e+02   -2.7611e-01    1.0072e+00
 1.1930e+00    1.5161e+02   -2.7924e-01    1.0080e+00
 1.1940e+00    1.5161e+02   -2.7948e-01    1.0079e+00
 1.1950e+00    1.5165e+02   -2.7667e-01    1.0072e+00
 1.1960e+00    1.5171e+02   -2.7171e-01    1.0058e+00
 1.1970e+00    1.5179e+02   -2.6628e-01    1.0044e+00
 1.1980e+00    1.5184e+02   -2.6250e-01    1.0032e+00
 1.1990e+00    1.5185e+02   -2.6200e-01    1.0033e+00
 1.2000e+00    1.5181e+02   -2.6507e-01    1.0039e+00
 1.2010e+00    1.5174e+02   -2.7027e-01    1.0054e+00
 1.2020e+00    1.5168e+02   -2.7548e-01    1.0066e+00
 1.2030e+00    1.5163e+02   -2.7884e-01    1.0074e+00
 1.2040e+00    1.5163e+02   -2.7926e-01    1.0076e+00
 1.2050e+00    1.5167e+02   -2.7656e-01    1.0066e+00
 1.2060e+00    1.5174e+02   -2.7161e-01    1.0054e+00
 1.2070e+00    1.5181e+02   -2.6606e-01    1.0039e+00
 1.2080e+00    1.5186e+02   -2.6213e-01    1.0026e+00
 1.2090e+00    1.5187e+02   -2.6147e-01    1.0026e+00
 1.2100e+00    1.5184e+02   -2.6433e-01    1.0032e+00
 1.2110e+00    1.5177e+02   -2.6943e-01    1.0046e+00
 1.2120e+00    1.5170e+02   -2.7470e-01    1.0058e+00
 1.2130e+00    1.5166e+02   -2.7818e-01    1.0068e+00
 1.2140e+00    1.5165e+02   -2.7878e-01    1.0068e+00
 1.2150e+00    1.5168e+02   -2.7627e-01    1.0063e+00
 1.2160e+00    1.5175e+02   -2.7148e-01    1.0049e+00
 1.2170e+00    1.5182e+02   -2.6611e-01    1.0035e+00
 1.2180e+00    1.5187e+02   -2.6223e-01    1.0025e+00
 1.2190e+00    1.5188e+02   -2.6151e-01    1.0021e+00
 1.2200e+00    1.5185e+02   -2.6432e-01    1.0030e+00
 1.2210e+00    1.5178e+02   -2.6935e-01    1.0041e+00
 1.2220e+00    1.5171e+02   -2.7457e-01    1.0053e+00
 1.2230e+00    1.5167e+02   -2.7808e-01    1.0063e+00
 1.2240e+00    1.5166e+02   -2.7876e-01    1.0064e+00
 1.2250e+00    1.5169e+02   -2.7635e-01    1.0059e+00
 1.2260e+00    1.5175e+02   -2.7168e-01    1.0046e+00
 1.2270e+00    1.5183e+02   -2.6636e-01    1.0032e+00
 1.2280e+00    1.5188e+02   -2.6249e-01    1.0022e+00
 1.2290e+00    1.5189e+02   -2.6176e-01    1.0019e+00
 1.2300e+00    1.5186e+02   -2.6441e-01    1.0025e+00
 1.2310e+00    1.5180e+02   -2.6925e-01    1.0037e+00
 1.2320e+00    1.5173e+02   -2.7432e-01    1.0051e+00
 1.2330e+00    1.5168e+02   -2.7777e-01    1.0058e+00
 1.2340e+00    1.5167e+02   -2.7850e-01    1.0059e+00
 1.2350e+00    1.5171e+02   -2.7622e-01    1.0054e+00
 1.2360e+00    1.5177e+02   -2.7163e-01    1.0039e+00
 1.2370e+00    1.5184e+02   -2.6633e-01    1.0028e+00
 1.2380e+00    1.5189e+02   -2.6231e-01    1.0017e+00
 1.2390e+00    1.5191e+02   -2.6130e-01    1.0012e+00
 1.2400e+00    1.5188e+02   -2.6377e-01    1.0021e+00
 1.2410e+00    1.5182e+02   -2.6860e-01    1.0030e+00
 1.2420e+00    1.5175e+02   -2.7384e-01    1.0046e+00
 1.2430e+00    1.5170e+02   -2.7754e-01    1.0053e+00
 1.2440e+00    1.5169e+02   -2.7842e-01    1.0058e+00
 1.2450e+00    1.5172e+02   -2.7621e-01    1.0050e+00
 1.2460e+00    1.5179e+02   -2.7161e-01    1.0039e+00
 1.2470e+00    1.5186e+02   -2.6616e-01    1.0023e+00
 1.2480e+00    1.5192e+02   -2.6195e-01    1.0012e+00
 1.2490e+00    1.5193e+02   -2.6086e-01    1.0011e+00
 1.2500e+00    1.5190e+02   -2.6342e-01    1.0016e+00
 1.2510e+00    1.5184e+02   -2.6849e-01    1.0029e+00
 1.2520e+00    1.5177e+02   -2.7397e-01    1.0043e+00
 1.2530e+00    1.5172e+02   -2.7785e-01    1.0053e+00
 1.2540e+00    1.5170e+02   -2.7885e-01    1.0056e+00
 1.2550e+00    1.5174e+02   -2.7666e-01    1.0049e+00
 1.2560e+00    1.5180e+02   -2.7199e-01    1.0037e+00
 1.2570e+00    1.5188e+02   -2.6640e-01    1.0022e+00
 1.2580e+00    1.5193e+02   -2.6210e-01    1.0011e+00
 1.2590e+00    1.5195e+02   -2.6095e-01    1.0007e+00
 1.2600e+00    1.5192e+02   -2.6347e-01    1.0013e+00
 1.2610e+00    1.5185e+02   -2.6852e-01    1.0027e+00
 1.2620e+00    1.5178e+02   -2.7398e-01    1.0039e+00
 1.2630e+00    1.5173e+02   -2.7785e-01    1.0051e+00
 1.2640e+00    1.5172e+02   -2.7883e-01    1.0052e+00
 1.2650e+00    1.5175e+02   -2.7662e-01    1.0046e+00
 1.2660e+00    1.5181e+02   -2.7194e-01    1.0034e+00
 1.2670e+00    1.5189e+02   -2.6631e-01    1.0019e+00
 1.2680e+00    1.5195e+02   -2.6185e-01    1.0008e+00
 1.2690e+00    1.5197e+02   -2.6044e-01    1.0004e+00
 1.2700e+00    1.5194e+02   -2.6275e-01    1.0011e+00
 1.2710e+00    1.5187e+02   -2.6775e-01    1.0023e+00
 1.2720e+00    1.5180e+02   -2.7334e-01    1.0037e+00
 1.2730e+00    1.5174e+02   -2.7748e-01    1.0048e+00
 1.2740e+00    1.5172e+02   -2.7878e-01    1.0053e+00
 1.2750e+00    1.5175e+02   -2.7680e-01    1.0047e+00
 1.2760e+00    1.5182e+02   -2.7211e-01    1.0036e+00
 1.2770e+00    1.5190e+02   -2.6622e-01    1.0020e+00
 1.2780e+00    1.5196e+02   -2.6129e-01    1.0006e+00
 1.2790e+00    1.5199e+02   -2.5891e-01    9.9819e-01
