PROFILES: ELECTRIC POTENTIAL phi, MACH NUMBER U_z/cs, MACH NUMBER U_Bdir/c_s 
distance(mm)    phi(V)      U_z/cs(-)      U_Bdir/c_s(-)
 0.0000e+00    8.9047e+00   -2.5090e+00    2.4453e+00
 1.0000e-03    1.7356e+01   -2.4366e+00    2.3824e+00
 2.0000e-03    2.5360e+01   -2.3658e+00    2.3212e+00
 3.0000e-03    3.2923e+01   -2.2970e+00    2.2615e+00
 4.0000e-03    4.0051e+01   -2.2302e+00    2.2036e+00
 5.0000e-03    4.6755e+01   -2.1654e+00    2.1474e+00
 6.0000e-03    5.3045e+01   -2.1029e+00    2.0932e+00
 7.0000e-03    5.8932e+01   -2.0426e+00    2.0410e+00
 8.0000e-03    6.4430e+01   -1.9846e+00    1.9907e+00
 9.0000e-03    6.9554e+01   -1.9291e+00    1.9426e+00
 1.0000e-02    7.4321e+01   -1.8759e+00    1.8965e+00
 1.1000e-02    7.8746e+01   -1.8251e+00    1.8524e+00
 1.2000e-02    8.2846e+01   -1.7767e+00    1.8105e+00
 1.3000e-02    8.6641e+01   -1.7308e+00    1.7706e+00
 1.4000e-02    9.0147e+01   -1.6872e+00    1.7328e+00
 1.5000e-02    9.3384e+01   -1.6459e+00    1.6970e+00
 1.6000e-02    9.6368e+01   -1.6070e+00    1.6632e+00
 1.7000e-02    9.9116e+01   -1.5702e+00    1.6314e+00
 1.8000e-02    1.0165e+02   -1.5356e+00    1.6014e+00
 1.9000e-02    1.0397e+02   -1.5030e+00    1.5731e+00
 2.0000e-02    1.0611e+02   -1.4725e+00    1.5466e+00
 2.1000e-02    1.0808e+02   -1.4438e+00    1.5217e+00
 2.2000e-02    1.0989e+02   -1.4169e+00    1.4984e+00
 2.3000e-02    1.1156e+02   -1.3918e+00    1.4765e+00
 2.4000e-02    1.1309e+02   -1.3682e+00    1.4560e+00
 2.5000e-02    1.1450e+02   -1.3462e+00    1.4369e+00
 2.6000e-02    1.1579e+02   -1.3256e+00    1.4190e+00
 2.7000e-02    1.1698e+02   -1.3063e+00    1.4023e+00
 2.8000e-02    1.1808e+02   -1.2883e+00    1.3866e+00
 2.9000e-02    1.1910e+02   -1.2715e+00    1.3720e+00
 3.0000e-02    1.2003e+02   -1.2558e+00    1.3583e+00
 3.1000e-02    1.2090e+02   -1.2411e+00    1.3455e+00
 3.2000e-02    1.2170e+02   -1.2273e+00    1.3335e+00
 3.3000e-02    1.2244e+02   -1.2145e+00    1.3223e+00
 3.4000e-02    1.2312e+02   -1.2024e+00    1.3119e+00
 3.5000e-02    1.2376e+02   -1.1912e+00    1.3020e+00
 3.6000e-02    1.2435e+02   -1.1806e+00    1.2928e+00
 3.7000e-02    1.2490e+02   -1.1707e+00    1.2842e+00
 3.8000e-02    1.2541e+02   -1.1615e+00    1.2762e+00
 3.9000e-02    1.2588e+02   -1.1528e+00    1.2686e+00
 4.0000e-02    1.2632e+02   -1.1446e+00    1.2614e+00
 4.1000e-02    1.2674e+02   -1.1369e+00    1.2548e+00
 4.2000e-02    1.2712e+02   -1.1297e+00    1.2484e+00
 4.3000e-02    1.2748e+02   -1.1229e+00    1.2425e+00
 4.4000e-02    1.2782e+02   -1.1165e+00    1.2369e+00
 4.5000e-02    1.2814e+02   -1.1105e+00    1.2317e+00
 4.6000e-02    1.2844e+02   -1.1048e+00    1.2266e+00
 4.7000e-02    1.2872e+02   -1.0995e+00    1.2220e+00
 4.8000e-02    1.2898e+02   -1.0944e+00    1.2175e+00
 4.9000e-02    1.2924e+02   -1.0895e+00    1.2133e+00
 5.0000e-02    1.2947e+02   -1.0849e+00    1.2093e+00
 5.1000e-02    1.2970e+02   -1.0805e+00    1.2054e+00
 5.2000e-02    1.2991e+02   -1.0763e+00    1.2017e+00
 5.3000e-02    1.3012e+02   -1.0723e+00    1.1981e+00
 5.4000e-02    1.3031e+02   -1.0685e+00    1.1947e+00
 5.5000e-02    1.3050e+02   -1.0648e+00    1.1915e+00
 5.6000e-02    1.3068e+02   -1.0612e+00    1.1884e+00
 5.7000e-02    1.3085e+02   -1.0579e+00    1.1854e+00
 5.8000e-02    1.3102e+02   -1.0546e+00    1.1826e+00
 5.9000e-02    1.3117e+02   -1.0515e+00    1.1798e+00
 6.0000e-02    1.3133e+02   -1.0485e+00    1.1771e+00
 6.1000e-02    1.3147e+02   -1.0456e+00    1.1746e+00
 6.2000e-02    1.3161e+02   -1.0428e+00    1.1721e+00
 6.3000e-02    1.3175e+02   -1.0400e+00    1.1696e+00
 6.4000e-02    1.3188e+02   -1.0374e+00    1.1673e+00
 6.5000e-02    1.3201e+02   -1.0347e+00    1.1649e+00
 6.6000e-02    1.3214e+02   -1.0322e+00    1.1627e+00
 6.7000e-02    1.3226e+02   -1.0297e+00    1.1605e+00
 6.8000e-02    1.3238e+02   -1.0273e+00    1.1584e+00
 6.9000e-02    1.3250e+02   -1.0249e+00    1.1563e+00
 7.0000e-02    1.3262e+02   -1.0226e+00    1.1542e+00
 7.1000e-02    1.3273e+02   -1.0203e+00    1.1522e+00
 7.2000e-02    1.3284e+02   -1.0180e+00    1.1502e+00
 7.3000e-02    1.3295e+02   -1.0158e+00    1.1482e+00
 7.4000e-02    1.3306e+02   -1.0136e+00    1.1462e+00
 7.5000e-02    1.3317e+02   -1.0114e+00    1.1443e+00
 7.6000e-02    1.3327e+02   -1.0093e+00    1.1424e+00
 7.7000e-02    1.3337e+02   -1.0072e+00    1.1405e+00
 7.8000e-02    1.3347e+02   -1.0051e+00    1.1387e+00
 7.9000e-02    1.3357e+02   -1.0031e+00    1.1369e+00
 8.0000e-02    1.3366e+02   -1.0012e+00    1.1352e+00
 8.1000e-02    1.3375e+02   -9.9937e-01    1.1336e+00
 8.2000e-02    1.3383e+02   -9.9756e-01    1.1319e+00
 8.3000e-02    1.3392e+02   -9.9582e-01    1.1304e+00
 8.4000e-02    1.3400e+02   -9.9412e-01    1.1289e+00
 8.5000e-02    1.3408e+02   -9.9244e-01    1.1273e+00
 8.6000e-02    1.3416e+02   -9.9080e-01    1.1259e+00
 8.7000e-02    1.3424e+02   -9.8918e-01    1.1244e+00
 8.8000e-02    1.3431e+02   -9.8761e-01    1.1230e+00
 8.9000e-02    1.3439e+02   -9.8607e-01    1.1217e+00
 9.0000e-02    1.3446e+02   -9.8456e-01    1.1203e+00
 9.1000e-02    1.3453e+02   -9.8309e-01    1.1190e+00
 9.2000e-02    1.3459e+02   -9.8165e-01    1.1177e+00
 9.3000e-02    1.3465e+02   -9.8028e-01    1.1165e+00
 9.4000e-02    1.3471e+02   -9.7897e-01    1.1153e+00
 9.5000e-02    1.3477e+02   -9.7773e-01    1.1142e+00
 9.6000e-02    1.3482e+02   -9.7655e-01    1.1131e+00
 9.7000e-02    1.3487e+02   -9.7544e-01    1.1121e+00
 9.8000e-02    1.3492e+02   -9.7441e-01    1.1112e+00
 9.9000e-02    1.3496e+02   -9.7345e-01    1.1103e+00
 1.0000e-01    1.3500e+02   -9.7255e-01    1.1095e+00
 1.0100e-01    1.3504e+02   -9.7171e-01    1.1087e+00
 1.0200e-01    1.3508e+02   -9.7092e-01    1.1079e+00
 1.0300e-01    1.3512e+02   -9.7017e-01    1.1072e+00
 1.0400e-01    1.3515e+02   -9.6946e-01    1.1066e+00
 1.0500e-01    1.3518e+02   -9.6879e-01    1.1060e+00
 1.0600e-01    1.3522e+02   -9.6815e-01    1.1055e+00
 1.0700e-01    1.3525e+02   -9.6755e-01    1.1048e+00
 1.0800e-01    1.3527e+02   -9.6698e-01    1.1043e+00
 1.0900e-01    1.3530e+02   -9.6644e-01    1.1037e+00
 1.1000e-01    1.3533e+02   -9.6593e-01    1.1033e+00
 1.1100e-01    1.3535e+02   -9.6548e-01    1.1029e+00
 1.1200e-01    1.3537e+02   -9.6506e-01    1.1025e+00
 1.1300e-01    1.3539e+02   -9.6468e-01    1.1021e+00
 1.1400e-01    1.3540e+02   -9.6434e-01    1.1017e+00
 1.1500e-01    1.3542e+02   -9.6403e-01    1.1014e+00
 1.1600e-01    1.3543e+02   -9.6376e-01    1.1012e+00
 1.1700e-01    1.3544e+02   -9.6353e-01    1.1009e+00
 1.1800e-01    1.3546e+02   -9.6332e-01    1.1007e+00
 1.1900e-01    1.3547e+02   -9.6312e-01    1.1005e+00
 1.2000e-01    1.3548e+02   -9.6295e-01    1.1003e+00
 1.2100e-01    1.3549e+02   -9.6277e-01    1.1001e+00
 1.2200e-01    1.3550e+02   -9.6262e-01    1.1000e+00
 1.2300e-01    1.3551e+02   -9.6246e-01    1.0998e+00
 1.2400e-01    1.3552e+02   -9.6230e-01    1.0996e+00
 1.2500e-01    1.3553e+02   -9.6213e-01    1.0994e+00
 1.2600e-01    1.3554e+02   -9.6196e-01    1.0992e+00
 1.2700e-01    1.3555e+02   -9.6177e-01    1.0989e+00
 1.2800e-01    1.3556e+02   -9.6157e-01    1.0987e+00
 1.2900e-01    1.3557e+02   -9.6136e-01    1.0985e+00
 1.3000e-01    1.3558e+02   -9.6113e-01    1.0983e+00
 1.3100e-01    1.3560e+02   -9.6086e-01    1.0980e+00
 1.3200e-01    1.3562e+02   -9.6056e-01    1.0977e+00
 1.3300e-01    1.3563e+02   -9.6021e-01    1.0974e+00
 1.3400e-01    1.3565e+02   -9.5982e-01    1.0970e+00
 1.3500e-01    1.3567e+02   -9.5941e-01    1.0966e+00
 1.3600e-01    1.3570e+02   -9.5896e-01    1.0962e+00
 1.3700e-01    1.3572e+02   -9.5848e-01    1.0957e+00
 1.3800e-01    1.3574e+02   -9.5796e-01    1.0952e+00
 1.3900e-01    1.3577e+02   -9.5741e-01    1.0947e+00
 1.4000e-01    1.3580e+02   -9.5685e-01    1.0942e+00
 1.4100e-01    1.3582e+02   -9.5625e-01    1.0936e+00
 1.4200e-01    1.3585e+02   -9.5563e-01    1.0931e+00
 1.4300e-01    1.3588e+02   -9.5501e-01    1.0925e+00
 1.4400e-01    1.3591e+02   -9.5439e-01    1.0919e+00
 1.4500e-01    1.3594e+02   -9.5376e-01    1.0913e+00
 1.4600e-01    1.3597e+02   -9.5313e-01    1.0907e+00
 1.4700e-01    1.3600e+02   -9.5249e-01    1.0901e+00
 1.4800e-01    1.3603e+02   -9.5186e-01    1.0895e+00
 1.4900e-01    1.3606e+02   -9.5124e-01    1.0889e+00
 1.5000e-01    1.3609e+02   -9.5064e-01    1.0884e+00
 1.5100e-01    1.3612e+02   -9.5004e-01    1.0878e+00
 1.5200e-01    1.3615e+02   -9.4944e-01    1.0873e+00
 1.5300e-01    1.3618e+02   -9.4883e-01    1.0868e+00
 1.5400e-01    1.3621e+02   -9.4822e-01    1.0862e+00
 1.5500e-01    1.3623e+02   -9.4762e-01    1.0856e+00
 1.5600e-01    1.3626e+02   -9.4701e-01    1.0851e+00
 1.5700e-01    1.3629e+02   -9.4641e-01    1.0845e+00
 1.5800e-01    1.3632e+02   -9.4581e-01    1.0840e+00
 1.5900e-01    1.3634e+02   -9.4524e-01    1.0834e+00
 1.6000e-01    1.3637e+02   -9.4469e-01    1.0829e+00
 1.6100e-01    1.3639e+02   -9.4416e-01    1.0824e+00
 1.6200e-01    1.3642e+02   -9.4365e-01    1.0819e+00
 1.6300e-01    1.3644e+02   -9.4316e-01    1.0815e+00
 1.6400e-01    1.3646e+02   -9.4268e-01    1.0810e+00
 1.6500e-01    1.3648e+02   -9.4220e-01    1.0806e+00
 1.6600e-01    1.3651e+02   -9.4173e-01    1.0801e+00
 1.6700e-01    1.3653e+02   -9.4127e-01    1.0797e+00
 1.6800e-01    1.3655e+02   -9.4082e-01    1.0792e+00
 1.6900e-01    1.3657e+02   -9.4040e-01    1.0789e+00
 1.7000e-01    1.3659e+02   -9.3999e-01    1.0785e+00
 1.7100e-01    1.3660e+02   -9.3959e-01    1.0781e+00
 1.7200e-01    1.3662e+02   -9.3920e-01    1.0778e+00
 1.7300e-01    1.3664e+02   -9.3884e-01    1.0774e+00
 1.7400e-01    1.3666e+02   -9.3851e-01    1.0770e+00
 1.7500e-01    1.3667e+02   -9.3820e-01    1.0768e+00
 1.7600e-01    1.3669e+02   -9.3791e-01    1.0765e+00
 1.7700e-01    1.3670e+02   -9.3764e-01    1.0762e+00
 1.7800e-01    1.3672e+02   -9.3736e-01    1.0759e+00
 1.7900e-01    1.3673e+02   -9.3708e-01    1.0756e+00
 1.8000e-01    1.3675e+02   -9.3680e-01    1.0754e+00
 1.8100e-01    1.3676e+02   -9.3654e-01    1.0751e+00
 1.8200e-01    1.3677e+02   -9.3630e-01    1.0749e+00
 1.8300e-01    1.3678e+02   -9.3608e-01    1.0746e+00
 1.8400e-01    1.3679e+02   -9.3587e-01    1.0744e+00
 1.8500e-01    1.3681e+02   -9.3568e-01    1.0742e+00
 1.8600e-01    1.3682e+02   -9.3550e-01    1.0741e+00
 1.8700e-01    1.3683e+02   -9.3533e-01    1.0739e+00
 1.8800e-01    1.3683e+02   -9.3516e-01    1.0737e+00
 1.8900e-01    1.3684e+02   -9.3498e-01    1.0735e+00
 1.9000e-01    1.3685e+02   -9.3479e-01    1.0733e+00
 1.9100e-01    1.3686e+02   -9.3461e-01    1.0731e+00
 1.9200e-01    1.3687e+02   -9.3443e-01    1.0730e+00
 1.9300e-01    1.3688e+02   -9.3425e-01    1.0728e+00
 1.9400e-01    1.3689e+02   -9.3408e-01    1.0726e+00
 1.9500e-01    1.3690e+02   -9.3391e-01    1.0724e+00
 1.9600e-01    1.3691e+02   -9.3376e-01    1.0722e+00
 1.9700e-01    1.3692e+02   -9.3360e-01    1.0720e+00
 1.9800e-01    1.3692e+02   -9.3344e-01    1.0718e+00
 1.9900e-01    1.3693e+02   -9.3327e-01    1.0717e+00
 2.0000e-01    1.3694e+02   -9.3311e-01    1.0715e+00
 2.0100e-01    1.3695e+02   -9.3296e-01    1.0713e+00
 2.0200e-01    1.3696e+02   -9.3280e-01    1.0712e+00
 2.0300e-01    1.3697e+02   -9.3266e-01    1.0711e+00
 2.0400e-01    1.3698e+02   -9.3249e-01    1.0709e+00
 2.0500e-01    1.3698e+02   -9.3231e-01    1.0707e+00
 2.0600e-01    1.3699e+02   -9.3210e-01    1.0705e+00
 2.0700e-01    1.3700e+02   -9.3189e-01    1.0702e+00
 2.0800e-01    1.3702e+02   -9.3169e-01    1.0700e+00
 2.0900e-01    1.3703e+02   -9.3147e-01    1.0698e+00
 2.1000e-01    1.3704e+02   -9.3126e-01    1.0696e+00
 2.1100e-01    1.3705e+02   -9.3105e-01    1.0694e+00
 2.1200e-01    1.3706e+02   -9.3083e-01    1.0691e+00
 2.1300e-01    1.3707e+02   -9.3061e-01    1.0689e+00
 2.1400e-01    1.3708e+02   -9.3036e-01    1.0687e+00
 2.1500e-01    1.3709e+02   -9.3011e-01    1.0684e+00
 2.1600e-01    1.3711e+02   -9.2986e-01    1.0681e+00
 2.1700e-01    1.3712e+02   -9.2959e-01    1.0679e+00
 2.1800e-01    1.3713e+02   -9.2932e-01    1.0677e+00
 2.1900e-01    1.3715e+02   -9.2904e-01    1.0674e+00
 2.2000e-01    1.3716e+02   -9.2874e-01    1.0671e+00
 2.2100e-01    1.3718e+02   -9.2843e-01    1.0668e+00
 2.2200e-01    1.3719e+02   -9.2812e-01    1.0665e+00
 2.2300e-01    1.3721e+02   -9.2780e-01    1.0662e+00
 2.2400e-01    1.3722e+02   -9.2749e-01    1.0659e+00
 2.2500e-01    1.3723e+02   -9.2719e-01    1.0656e+00
 2.2600e-01    1.3725e+02   -9.2688e-01    1.0653e+00
 2.2700e-01    1.3726e+02   -9.2657e-01    1.0650e+00
 2.2800e-01    1.3728e+02   -9.2624e-01    1.0646e+00
 2.2900e-01    1.3730e+02   -9.2590e-01    1.0643e+00
 2.3000e-01    1.3731e+02   -9.2555e-01    1.0640e+00
 2.3100e-01    1.3733e+02   -9.2520e-01    1.0637e+00
 2.3200e-01    1.3734e+02   -9.2484e-01    1.0633e+00
 2.3300e-01    1.3736e+02   -9.2447e-01    1.0630e+00
 2.3400e-01    1.3738e+02   -9.2408e-01    1.0626e+00
 2.3500e-01    1.3740e+02   -9.2368e-01    1.0623e+00
 2.3600e-01    1.3741e+02   -9.2328e-01    1.0619e+00
 2.3700e-01    1.3743e+02   -9.2290e-01    1.0615e+00
 2.3800e-01    1.3745e+02   -9.2254e-01    1.0612e+00
 2.3900e-01    1.3747e+02   -9.2220e-01    1.0609e+00
 2.4000e-01    1.3749e+02   -9.2189e-01    1.0605e+00
 2.4100e-01    1.3750e+02   -9.2158e-01    1.0602e+00
 2.4200e-01    1.3752e+02   -9.2128e-01    1.0599e+00
 2.4300e-01    1.3754e+02   -9.2098e-01    1.0597e+00
 2.4400e-01    1.3755e+02   -9.2067e-01    1.0593e+00
 2.4500e-01    1.3757e+02   -9.2036e-01    1.0591e+00
 2.4600e-01    1.3758e+02   -9.2004e-01    1.0587e+00
 2.4700e-01    1.3760e+02   -9.1971e-01    1.0584e+00
 2.4800e-01    1.3761e+02   -9.1935e-01    1.0581e+00
 2.4900e-01    1.3763e+02   -9.1896e-01    1.0578e+00
 2.5000e-01    1.3765e+02   -9.1856e-01    1.0574e+00
 2.5100e-01    1.3767e+02   -9.1815e-01    1.0570e+00
 2.5200e-01    1.3768e+02   -9.1775e-01    1.0566e+00
 2.5300e-01    1.3770e+02   -9.1737e-01    1.0562e+00
 2.5400e-01    1.3772e+02   -9.1702e-01    1.0559e+00
 2.5500e-01    1.3773e+02   -9.1669e-01    1.0556e+00
 2.5600e-01    1.3774e+02   -9.1638e-01    1.0553e+00
 2.5700e-01    1.3776e+02   -9.1610e-01    1.0550e+00
 2.5800e-01    1.3777e+02   -9.1584e-01    1.0547e+00
 2.5900e-01    1.3778e+02   -9.1562e-01    1.0545e+00
 2.6000e-01    1.3778e+02   -9.1546e-01    1.0543e+00
 2.6100e-01    1.3779e+02   -9.1534e-01    1.0542e+00
 2.6200e-01    1.3780e+02   -9.1525e-01    1.0541e+00
 2.6300e-01    1.3780e+02   -9.1520e-01    1.0540e+00
 2.6400e-01    1.3780e+02   -9.1516e-01    1.0540e+00
 2.6500e-01    1.3780e+02   -9.1515e-01    1.0539e+00
 2.6600e-01    1.3780e+02   -9.1515e-01    1.0539e+00
 2.6700e-01    1.3780e+02   -9.1519e-01    1.0539e+00
 2.6800e-01    1.3780e+02   -9.1524e-01    1.0539e+00
 2.6900e-01    1.3780e+02   -9.1533e-01    1.0540e+00
 2.7000e-01    1.3779e+02   -9.1547e-01    1.0541e+00
 2.7100e-01    1.3778e+02   -9.1565e-01    1.0542e+00
 2.7200e-01    1.3778e+02   -9.1589e-01    1.0544e+00
 2.7300e-01    1.3777e+02   -9.1616e-01    1.0546e+00
 2.7400e-01    1.3776e+02   -9.1648e-01    1.0549e+00
 2.7500e-01    1.3774e+02   -9.1681e-01    1.0551e+00
 2.7600e-01    1.3773e+02   -9.1716e-01    1.0554e+00
 2.7700e-01    1.3772e+02   -9.1751e-01    1.0557e+00
 2.7800e-01    1.3771e+02   -9.1785e-01    1.0559e+00
 2.7900e-01    1.3769e+02   -9.1819e-01    1.0562e+00
 2.8000e-01    1.3768e+02   -9.1853e-01    1.0565e+00
 2.8100e-01    1.3766e+02   -9.1888e-01    1.0567e+00
 2.8200e-01    1.3765e+02   -9.1922e-01    1.0570e+00
 2.8300e-01    1.3764e+02   -9.1955e-01    1.0573e+00
 2.8400e-01    1.3763e+02   -9.1986e-01    1.0575e+00
 2.8500e-01    1.3761e+02   -9.2016e-01    1.0577e+00
 2.8600e-01    1.3760e+02   -9.2045e-01    1.0579e+00
 2.8700e-01    1.3759e+02   -9.2074e-01    1.0581e+00
 2.8800e-01    1.3758e+02   -9.2100e-01    1.0584e+00
 2.8900e-01    1.3757e+02   -9.2125e-01    1.0586e+00
 2.9000e-01    1.3756e+02   -9.2145e-01    1.0587e+00
 2.9100e-01    1.3755e+02   -9.2162e-01    1.0588e+00
 2.9200e-01    1.3755e+02   -9.2177e-01    1.0589e+00
 2.9300e-01    1.3754e+02   -9.2190e-01    1.0590e+00
 2.9400e-01    1.3753e+02   -9.2201e-01    1.0591e+00
 2.9500e-01    1.3753e+02   -9.2213e-01    1.0592e+00
 2.9600e-01    1.3753e+02   -9.2223e-01    1.0592e+00
 2.9700e-01    1.3752e+02   -9.2232e-01    1.0593e+00
 2.9800e-01    1.3752e+02   -9.2240e-01    1.0594e+00
 2.9900e-01    1.3752e+02   -9.2244e-01    1.0594e+00
 3.0000e-01    1.3752e+02   -9.2246e-01    1.0593e+00
 3.0100e-01    1.3753e+02   -9.2243e-01    1.0593e+00
 3.0200e-01    1.3753e+02   -9.2236e-01    1.0591e+00
 3.0300e-01    1.3753e+02   -9.2224e-01    1.0590e+00
 3.0400e-01    1.3754e+02   -9.2210e-01    1.0589e+00
 3.0500e-01    1.3755e+02   -9.2194e-01    1.0587e+00
 3.0600e-01    1.3755e+02   -9.2177e-01    1.0586e+00
 3.0700e-01    1.3756e+02   -9.2156e-01    1.0584e+00
 3.0800e-01    1.3757e+02   -9.2133e-01    1.0581e+00
 3.0900e-01    1.3758e+02   -9.2107e-01    1.0579e+00
 3.1000e-01    1.3759e+02   -9.2078e-01    1.0577e+00
 3.1100e-01    1.3760e+02   -9.2048e-01    1.0574e+00
 3.1200e-01    1.3761e+02   -9.2018e-01    1.0571e+00
 3.1300e-01    1.3762e+02   -9.1986e-01    1.0568e+00
 3.1400e-01    1.3763e+02   -9.1956e-01    1.0565e+00
 3.1500e-01    1.3765e+02   -9.1927e-01    1.0563e+00
 3.1600e-01    1.3766e+02   -9.1901e-01    1.0560e+00
 3.1700e-01    1.3767e+02   -9.1879e-01    1.0558e+00
 3.1800e-01    1.3768e+02   -9.1863e-01    1.0556e+00
 3.1900e-01    1.3768e+02   -9.1851e-01    1.0554e+00
 3.2000e-01    1.3769e+02   -9.1842e-01    1.0554e+00
 3.2100e-01    1.3770e+02   -9.1834e-01    1.0553e+00
 3.2200e-01    1.3770e+02   -9.1827e-01    1.0552e+00
 3.2300e-01    1.3771e+02   -9.1820e-01    1.0551e+00
 3.2400e-01    1.3772e+02   -9.1814e-01    1.0550e+00
 3.2500e-01    1.3772e+02   -9.1808e-01    1.0550e+00
 3.2600e-01    1.3772e+02   -9.1803e-01    1.0549e+00
 3.2700e-01    1.3773e+02   -9.1798e-01    1.0548e+00
 3.2800e-01    1.3773e+02   -9.1795e-01    1.0548e+00
 3.2900e-01    1.3774e+02   -9.1792e-01    1.0547e+00
 3.3000e-01    1.3774e+02   -9.1789e-01    1.0546e+00
 3.3100e-01    1.3775e+02   -9.1785e-01    1.0546e+00
 3.3200e-01    1.3775e+02   -9.1780e-01    1.0546e+00
 3.3300e-01    1.3776e+02   -9.1773e-01    1.0545e+00
 3.3400e-01    1.3776e+02   -9.1763e-01    1.0544e+00
 3.3500e-01    1.3777e+02   -9.1751e-01    1.0543e+00
 3.3600e-01    1.3778e+02   -9.1736e-01    1.0541e+00
 3.3700e-01    1.3779e+02   -9.1719e-01    1.0539e+00
 3.3800e-01    1.3780e+02   -9.1701e-01    1.0538e+00
 3.3900e-01    1.3781e+02   -9.1683e-01    1.0536e+00
 3.4000e-01    1.3782e+02   -9.1664e-01    1.0534e+00
 3.4100e-01    1.3783e+02   -9.1644e-01    1.0532e+00
 3.4200e-01    1.3784e+02   -9.1622e-01    1.0530e+00
 3.4300e-01    1.3785e+02   -9.1597e-01    1.0527e+00
 3.4400e-01    1.3786e+02   -9.1570e-01    1.0525e+00
 3.4500e-01    1.3788e+02   -9.1540e-01    1.0522e+00
 3.4600e-01    1.3789e+02   -9.1508e-01    1.0519e+00
 3.4700e-01    1.3791e+02   -9.1473e-01    1.0516e+00
 3.4800e-01    1.3792e+02   -9.1437e-01    1.0512e+00
 3.4900e-01    1.3794e+02   -9.1401e-01    1.0509e+00
 3.5000e-01    1.3795e+02   -9.1364e-01    1.0505e+00
 3.5100e-01    1.3797e+02   -9.1328e-01    1.0502e+00
 3.5200e-01    1.3799e+02   -9.1292e-01    1.0499e+00
 3.5300e-01    1.3800e+02   -9.1256e-01    1.0495e+00
 3.5400e-01    1.3802e+02   -9.1222e-01    1.0492e+00
 3.5500e-01    1.3803e+02   -9.1189e-01    1.0489e+00
 3.5600e-01    1.3805e+02   -9.1157e-01    1.0486e+00
 3.5700e-01    1.3807e+02   -9.1124e-01    1.0483e+00
 3.5800e-01    1.3808e+02   -9.1091e-01    1.0480e+00
 3.5900e-01    1.3810e+02   -9.1059e-01    1.0477e+00
 3.6000e-01    1.3811e+02   -9.1027e-01    1.0474e+00
 3.6100e-01    1.3812e+02   -9.0997e-01    1.0471e+00
 3.6200e-01    1.3814e+02   -9.0969e-01    1.0468e+00
 3.6300e-01    1.3815e+02   -9.0940e-01    1.0466e+00
 3.6400e-01    1.3816e+02   -9.0911e-01    1.0463e+00
 3.6500e-01    1.3817e+02   -9.0881e-01    1.0460e+00
 3.6600e-01    1.3819e+02   -9.0852e-01    1.0457e+00
 3.6700e-01    1.3820e+02   -9.0823e-01    1.0455e+00
 3.6800e-01    1.3821e+02   -9.0795e-01    1.0452e+00
 3.6900e-01    1.3822e+02   -9.0769e-01    1.0450e+00
 3.7000e-01    1.3823e+02   -9.0746e-01    1.0448e+00
 3.7100e-01    1.3824e+02   -9.0727e-01    1.0446e+00
 3.7200e-01    1.3825e+02   -9.0709e-01    1.0444e+00
 3.7300e-01    1.3826e+02   -9.0692e-01    1.0442e+00
 3.7400e-01    1.3827e+02   -9.0677e-01    1.0441e+00
 3.7500e-01    1.3828e+02   -9.0662e-01    1.0439e+00
 3.7600e-01    1.3828e+02   -9.0648e-01    1.0438e+00
 3.7700e-01    1.3829e+02   -9.0636e-01    1.0437e+00
 3.7800e-01    1.3830e+02   -9.0625e-01    1.0435e+00
 3.7900e-01    1.3831e+02   -9.0614e-01    1.0434e+00
 3.8000e-01    1.3831e+02   -9.0605e-01    1.0433e+00
 3.8100e-01    1.3832e+02   -9.0597e-01    1.0432e+00
 3.8200e-01    1.3833e+02   -9.0589e-01    1.0431e+00
 3.8300e-01    1.3833e+02   -9.0580e-01    1.0430e+00
 3.8400e-01    1.3834e+02   -9.0569e-01    1.0429e+00
 3.8500e-01    1.3835e+02   -9.0558e-01    1.0427e+00
 3.8600e-01    1.3835e+02   -9.0545e-01    1.0426e+00
 3.8700e-01    1.3836e+02   -9.0531e-01    1.0425e+00
 3.8800e-01    1.3837e+02   -9.0516e-01    1.0423e+00
 3.8900e-01    1.3838e+02   -9.0498e-01    1.0422e+00
 3.9000e-01    1.3839e+02   -9.0478e-01    1.0420e+00
 3.9100e-01    1.3840e+02   -9.0457e-01    1.0418e+00
 3.9200e-01    1.3841e+02   -9.0433e-01    1.0415e+00
 3.9300e-01    1.3842e+02   -9.0409e-01    1.0413e+00
 3.9400e-01    1.3843e+02   -9.0384e-01    1.0411e+00
 3.9500e-01    1.3844e+02   -9.0358e-01    1.0408e+00
 3.9600e-01    1.3845e+02   -9.0333e-01    1.0406e+00
 3.9700e-01    1.3847e+02   -9.0307e-01    1.0403e+00
 3.9800e-01    1.3848e+02   -9.0282e-01    1.0401e+00
 3.9900e-01    1.3849e+02   -9.0257e-01    1.0398e+00
 4.0000e-01    1.3850e+02   -9.0233e-01    1.0396e+00
 4.0100e-01    1.3851e+02   -9.0209e-01    1.0394e+00
 4.0200e-01    1.3853e+02   -9.0184e-01    1.0392e+00
 4.0300e-01    1.3854e+02   -9.0158e-01    1.0390e+00
 4.0400e-01    1.3855e+02   -9.0131e-01    1.0387e+00
 4.0500e-01    1.3856e+02   -9.0106e-01    1.0384e+00
 4.0600e-01    1.3857e+02   -9.0081e-01    1.0383e+00
 4.0700e-01    1.3858e+02   -9.0059e-01    1.0380e+00
 4.0800e-01    1.3859e+02   -9.0038e-01    1.0378e+00
 4.0900e-01    1.3859e+02   -9.0019e-01    1.0376e+00
 4.1000e-01    1.3860e+02   -9.0002e-01    1.0374e+00
 4.1100e-01    1.3861e+02   -8.9987e-01    1.0373e+00
 4.1200e-01    1.3862e+02   -8.9974e-01    1.0372e+00
 4.1300e-01    1.3862e+02   -8.9962e-01    1.0371e+00
 4.1400e-01    1.3863e+02   -8.9954e-01    1.0370e+00
 4.1500e-01    1.3863e+02   -8.9946e-01    1.0369e+00
 4.1600e-01    1.3864e+02   -8.9939e-01    1.0368e+00
 4.1700e-01    1.3865e+02   -8.9931e-01    1.0367e+00
 4.1800e-01    1.3865e+02   -8.9922e-01    1.0366e+00
 4.1900e-01    1.3866e+02   -8.9912e-01    1.0365e+00
 4.2000e-01    1.3866e+02   -8.9902e-01    1.0364e+00
 4.2100e-01    1.3867e+02   -8.9891e-01    1.0363e+00
 4.2200e-01    1.3867e+02   -8.9881e-01    1.0362e+00
 4.2300e-01    1.3868e+02   -8.9874e-01    1.0361e+00
 4.2400e-01    1.3868e+02   -8.9870e-01    1.0360e+00
 4.2500e-01    1.3868e+02   -8.9868e-01    1.0359e+00
 4.2600e-01    1.3868e+02   -8.9870e-01    1.0360e+00
 4.2700e-01    1.3868e+02   -8.9874e-01    1.0360e+00
 4.2800e-01    1.3868e+02   -8.9880e-01    1.0360e+00
 4.2900e-01    1.3867e+02   -8.9888e-01    1.0361e+00
 4.3000e-01    1.3867e+02   -8.9899e-01    1.0362e+00
 4.3100e-01    1.3867e+02   -8.9914e-01    1.0363e+00
 4.3200e-01    1.3866e+02   -8.9933e-01    1.0364e+00
 4.3300e-01    1.3865e+02   -8.9955e-01    1.0366e+00
 4.3400e-01    1.3864e+02   -8.9978e-01    1.0368e+00
 4.3500e-01    1.3863e+02   -9.0004e-01    1.0370e+00
 4.3600e-01    1.3863e+02   -9.0030e-01    1.0372e+00
 4.3700e-01    1.3862e+02   -9.0056e-01    1.0375e+00
 4.3800e-01    1.3861e+02   -9.0081e-01    1.0376e+00
 4.3900e-01    1.3860e+02   -9.0105e-01    1.0378e+00
 4.4000e-01    1.3859e+02   -9.0128e-01    1.0380e+00
 4.4100e-01    1.3858e+02   -9.0148e-01    1.0381e+00
 4.4200e-01    1.3858e+02   -9.0167e-01    1.0382e+00
 4.4300e-01    1.3857e+02   -9.0183e-01    1.0384e+00
 4.4400e-01    1.3857e+02   -9.0197e-01    1.0385e+00
 4.4500e-01    1.3856e+02   -9.0208e-01    1.0386e+00
 4.4600e-01    1.3856e+02   -9.0219e-01    1.0387e+00
 4.4700e-01    1.3856e+02   -9.0227e-01    1.0387e+00
 4.4800e-01    1.3856e+02   -9.0233e-01    1.0387e+00
 4.4900e-01    1.3856e+02   -9.0236e-01    1.0388e+00
 4.5000e-01    1.3857e+02   -9.0235e-01    1.0387e+00
 4.5100e-01    1.3857e+02   -9.0232e-01    1.0387e+00
 4.5200e-01    1.3857e+02   -9.0226e-01    1.0387e+00
 4.5300e-01    1.3858e+02   -9.0217e-01    1.0386e+00
 4.5400e-01    1.3858e+02   -9.0205e-01    1.0384e+00
 4.5500e-01    1.3859e+02   -9.0190e-01    1.0382e+00
 4.5600e-01    1.3860e+02   -9.0175e-01    1.0381e+00
 4.5700e-01    1.3861e+02   -9.0157e-01    1.0379e+00
 4.5800e-01    1.3861e+02   -9.0137e-01    1.0378e+00
 4.5900e-01    1.3862e+02   -9.0114e-01    1.0375e+00
 4.6000e-01    1.3863e+02   -9.0090e-01    1.0372e+00
 4.6100e-01    1.3864e+02   -9.0065e-01    1.0370e+00
 4.6200e-01    1.3865e+02   -9.0040e-01    1.0368e+00
 4.6300e-01    1.3866e+02   -9.0014e-01    1.0365e+00
 4.6400e-01    1.3867e+02   -8.9990e-01    1.0364e+00
 4.6500e-01    1.3867e+02   -8.9966e-01    1.0361e+00
 4.6600e-01    1.3868e+02   -8.9943e-01    1.0359e+00
 4.6700e-01    1.3869e+02   -8.9921e-01    1.0357e+00
 4.6800e-01    1.3870e+02   -8.9901e-01    1.0355e+00
 4.6900e-01    1.3871e+02   -8.9884e-01    1.0353e+00
 4.7000e-01    1.3871e+02   -8.9869e-01    1.0352e+00
 4.7100e-01    1.3872e+02   -8.9855e-01    1.0351e+00
 4.7200e-01    1.3873e+02   -8.9842e-01    1.0349e+00
 4.7300e-01    1.3874e+02   -8.9831e-01    1.0348e+00
 4.7400e-01    1.3874e+02   -8.9822e-01    1.0347e+00
 4.7500e-01    1.3875e+02   -8.9813e-01    1.0346e+00
 4.7600e-01    1.3875e+02   -8.9805e-01    1.0345e+00
 4.7700e-01    1.3876e+02   -8.9798e-01    1.0345e+00
 4.7800e-01    1.3876e+02   -8.9791e-01    1.0344e+00
 4.7900e-01    1.3877e+02   -8.9784e-01    1.0343e+00
 4.8000e-01    1.3877e+02   -8.9777e-01    1.0342e+00
 4.8100e-01    1.3878e+02   -8.9769e-01    1.0341e+00
 4.8200e-01    1.3878e+02   -8.9762e-01    1.0340e+00
 4.8300e-01    1.3878e+02   -8.9753e-01    1.0339e+00
 4.8400e-01    1.3879e+02   -8.9743e-01    1.0338e+00
 4.8500e-01    1.3879e+02   -8.9733e-01    1.0337e+00
 4.8600e-01    1.3880e+02   -8.9722e-01    1.0336e+00
 4.8700e-01    1.3880e+02   -8.9711e-01    1.0335e+00
 4.8800e-01    1.3880e+02   -8.9701e-01    1.0334e+00
 4.8900e-01    1.3881e+02   -8.9694e-01    1.0333e+00
 4.9000e-01    1.3881e+02   -8.9687e-01    1.0332e+00
 4.9100e-01    1.3881e+02   -8.9682e-01    1.0331e+00
 4.9200e-01    1.3881e+02   -8.9676e-01    1.0331e+00
 4.9300e-01    1.3882e+02   -8.9672e-01    1.0330e+00
 4.9400e-01    1.3882e+02   -8.9670e-01    1.0330e+00
 4.9500e-01    1.3882e+02   -8.9670e-01    1.0330e+00
 4.9600e-01    1.3882e+02   -8.9672e-01    1.0330e+00
 4.9700e-01    1.3882e+02   -8.9675e-01    1.0330e+00
 4.9800e-01    1.3882e+02   -8.9680e-01    1.0330e+00
 4.9900e-01    1.3881e+02   -8.9686e-01    1.0330e+00
 5.0000e-01    1.3881e+02   -8.9695e-01    1.0331e+00
 5.0100e-01    1.3881e+02   -8.9704e-01    1.0332e+00
 5.0200e-01    1.3880e+02   -8.9716e-01    1.0333e+00
 5.0300e-01    1.3880e+02   -8.9728e-01    1.0333e+00
 5.0400e-01    1.3879e+02   -8.9738e-01    1.0334e+00
 5.0500e-01    1.3879e+02   -8.9747e-01    1.0335e+00
 5.0600e-01    1.3879e+02   -8.9755e-01    1.0335e+00
 5.0700e-01    1.3879e+02   -8.9763e-01    1.0336e+00
 5.0800e-01    1.3879e+02   -8.9769e-01    1.0337e+00
 5.0900e-01    1.3879e+02   -8.9773e-01    1.0337e+00
 5.1000e-01    1.3879e+02   -8.9774e-01    1.0337e+00
 5.1100e-01    1.3879e+02   -8.9773e-01    1.0337e+00
 5.1200e-01    1.3879e+02   -8.9769e-01    1.0336e+00
 5.1300e-01    1.3880e+02   -8.9760e-01    1.0335e+00
 5.1400e-01    1.3880e+02   -8.9747e-01    1.0334e+00
 5.1500e-01    1.3881e+02   -8.9731e-01    1.0332e+00
 5.1600e-01    1.3881e+02   -8.9712e-01    1.0330e+00
 5.1700e-01    1.3882e+02   -8.9690e-01    1.0328e+00
 5.1800e-01    1.3883e+02   -8.9667e-01    1.0327e+00
 5.1900e-01    1.3884e+02   -8.9641e-01    1.0324e+00
 5.2000e-01    1.3886e+02   -8.9614e-01    1.0321e+00
 5.2100e-01    1.3887e+02   -8.9584e-01    1.0319e+00
 5.2200e-01    1.3888e+02   -8.9552e-01    1.0316e+00
 5.2300e-01    1.3890e+02   -8.9519e-01    1.0313e+00
 5.2400e-01    1.3891e+02   -8.9485e-01    1.0310e+00
 5.2500e-01    1.3893e+02   -8.9451e-01    1.0307e+00
 5.2600e-01    1.3894e+02   -8.9419e-01    1.0304e+00
 5.2700e-01    1.3895e+02   -8.9389e-01    1.0301e+00
 5.2800e-01    1.3897e+02   -8.9359e-01    1.0298e+00
 5.2900e-01    1.3898e+02   -8.9331e-01    1.0295e+00
 5.3000e-01    1.3899e+02   -8.9305e-01    1.0293e+00
 5.3100e-01    1.3900e+02   -8.9283e-01    1.0291e+00
 5.3200e-01    1.3901e+02   -8.9264e-01    1.0289e+00
 5.3300e-01    1.3902e+02   -8.9248e-01    1.0288e+00
 5.3400e-01    1.3902e+02   -8.9235e-01    1.0286e+00
 5.3500e-01    1.3903e+02   -8.9223e-01    1.0285e+00
 5.3600e-01    1.3904e+02   -8.9212e-01    1.0284e+00
 5.3700e-01    1.3904e+02   -8.9200e-01    1.0283e+00
 5.3800e-01    1.3905e+02   -8.9189e-01    1.0282e+00
 5.3900e-01    1.3906e+02   -8.9180e-01    1.0281e+00
 5.4000e-01    1.3906e+02   -8.9170e-01    1.0279e+00
 5.4100e-01    1.3906e+02   -8.9161e-01    1.0279e+00
 5.4200e-01    1.3907e+02   -8.9152e-01    1.0278e+00
 5.4300e-01    1.3907e+02   -8.9145e-01    1.0277e+00
 5.4400e-01    1.3907e+02   -8.9141e-01    1.0276e+00
 5.4500e-01    1.3907e+02   -8.9137e-01    1.0276e+00
 5.4600e-01    1.3907e+02   -8.9134e-01    1.0276e+00
 5.4700e-01    1.3908e+02   -8.9131e-01    1.0275e+00
 5.4800e-01    1.3908e+02   -8.9128e-01    1.0275e+00
 5.4900e-01    1.3908e+02   -8.9125e-01    1.0275e+00
 5.5000e-01    1.3908e+02   -8.9120e-01    1.0274e+00
 5.5100e-01    1.3908e+02   -8.9113e-01    1.0273e+00
 5.5200e-01    1.3909e+02   -8.9106e-01    1.0272e+00
 5.5300e-01    1.3909e+02   -8.9098e-01    1.0272e+00
 5.5400e-01    1.3910e+02   -8.9089e-01    1.0271e+00
 5.5500e-01    1.3910e+02   -8.9079e-01    1.0270e+00
 5.5600e-01    1.3911e+02   -8.9069e-01    1.0268e+00
 5.5700e-01    1.3911e+02   -8.9060e-01    1.0267e+00
 5.5800e-01    1.3912e+02   -8.9050e-01    1.0267e+00
 5.5900e-01    1.3913e+02   -8.9039e-01    1.0266e+00
 5.6000e-01    1.3913e+02   -8.9028e-01    1.0264e+00
 5.6100e-01    1.3914e+02   -8.9014e-01    1.0263e+00
 5.6200e-01    1.3915e+02   -8.8998e-01    1.0261e+00
 5.6300e-01    1.3915e+02   -8.8980e-01    1.0260e+00
 5.6400e-01    1.3916e+02   -8.8962e-01    1.0258e+00
 5.6500e-01    1.3917e+02   -8.8943e-01    1.0256e+00
 5.6600e-01    1.3918e+02   -8.8926e-01    1.0255e+00
 5.6700e-01    1.3919e+02   -8.8909e-01    1.0253e+00
 5.6800e-01    1.3920e+02   -8.8894e-01    1.0252e+00
 5.6900e-01    1.3920e+02   -8.8880e-01    1.0250e+00
 5.7000e-01    1.3921e+02   -8.8865e-01    1.0249e+00
 5.7100e-01    1.3922e+02   -8.8852e-01    1.0247e+00
 5.7200e-01    1.3922e+02   -8.8838e-01    1.0246e+00
 5.7300e-01    1.3923e+02   -8.8824e-01    1.0245e+00
 5.7400e-01    1.3924e+02   -8.8810e-01    1.0243e+00
 5.7500e-01    1.3924e+02   -8.8796e-01    1.0242e+00
 5.7600e-01    1.3925e+02   -8.8781e-01    1.0241e+00
 5.7700e-01    1.3926e+02   -8.8766e-01    1.0239e+00
 5.7800e-01    1.3926e+02   -8.8749e-01    1.0238e+00
 5.7900e-01    1.3927e+02   -8.8730e-01    1.0236e+00
 5.8000e-01    1.3928e+02   -8.8711e-01    1.0234e+00
 5.8100e-01    1.3929e+02   -8.8691e-01    1.0232e+00
 5.8200e-01    1.3930e+02   -8.8671e-01    1.0230e+00
 5.8300e-01    1.3930e+02   -8.8652e-01    1.0228e+00
 5.8400e-01    1.3931e+02   -8.8633e-01    1.0227e+00
 5.8500e-01    1.3932e+02   -8.8613e-01    1.0225e+00
 5.8600e-01    1.3933e+02   -8.8593e-01    1.0223e+00
 5.8700e-01    1.3934e+02   -8.8574e-01    1.0221e+00
 5.8800e-01    1.3934e+02   -8.8557e-01    1.0219e+00
 5.8900e-01    1.3935e+02   -8.8542e-01    1.0218e+00
 5.9000e-01    1.3936e+02   -8.8527e-01    1.0216e+00
 5.9100e-01    1.3936e+02   -8.8515e-01    1.0216e+00
 5.9200e-01    1.3937e+02   -8.8504e-01    1.0214e+00
 5.9300e-01    1.3938e+02   -8.8494e-01    1.0213e+00
 5.9400e-01    1.3938e+02   -8.8486e-01    1.0212e+00
 5.9500e-01    1.3938e+02   -8.8478e-01    1.0212e+00
 5.9600e-01    1.3939e+02   -8.8471e-01    1.0211e+00
 5.9700e-01    1.3939e+02   -8.8466e-01    1.0210e+00
 5.9800e-01    1.3939e+02   -8.8463e-01    1.0210e+00
 5.9900e-01    1.3940e+02   -8.8460e-01    1.0209e+00
 6.0000e-01    1.3940e+02   -8.8455e-01    1.0209e+00
 6.0100e-01    1.3940e+02   -8.8449e-01    1.0208e+00
 6.0200e-01    1.3940e+02   -8.8443e-01    1.0208e+00
 6.0300e-01    1.3940e+02   -8.8439e-01    1.0207e+00
 6.0400e-01    1.3940e+02   -8.8437e-01    1.0206e+00
 6.0500e-01    1.3940e+02   -8.8439e-01    1.0207e+00
 6.0600e-01    1.3940e+02   -8.8443e-01    1.0207e+00
 6.0700e-01    1.3939e+02   -8.8450e-01    1.0208e+00
 6.0800e-01    1.3939e+02   -8.8460e-01    1.0208e+00
 6.0900e-01    1.3938e+02   -8.8472e-01    1.0209e+00
 6.1000e-01    1.3938e+02   -8.8485e-01    1.0211e+00
 6.1100e-01    1.3937e+02   -8.8500e-01    1.0211e+00
 6.1200e-01    1.3937e+02   -8.8517e-01    1.0213e+00
 6.1300e-01    1.3936e+02   -8.8535e-01    1.0215e+00
 6.1400e-01    1.3936e+02   -8.8552e-01    1.0216e+00
 6.1500e-01    1.3935e+02   -8.8568e-01    1.0217e+00
 6.1600e-01    1.3935e+02   -8.8584e-01    1.0218e+00
 6.1700e-01    1.3934e+02   -8.8599e-01    1.0220e+00
 6.1800e-01    1.3934e+02   -8.8614e-01    1.0221e+00
 6.1900e-01    1.3934e+02   -8.8627e-01    1.0222e+00
 6.2000e-01    1.3934e+02   -8.8638e-01    1.0222e+00
 6.2100e-01    1.3933e+02   -8.8645e-01    1.0223e+00
 6.2200e-01    1.3933e+02   -8.8646e-01    1.0223e+00
 6.2300e-01    1.3933e+02   -8.8644e-01    1.0222e+00
 6.2400e-01    1.3933e+02   -8.8638e-01    1.0222e+00
 6.2500e-01    1.3934e+02   -8.8629e-01    1.0221e+00
 6.2600e-01    1.3934e+02   -8.8616e-01    1.0220e+00
 6.2700e-01    1.3935e+02   -8.8601e-01    1.0218e+00
 6.2800e-01    1.3935e+02   -8.8586e-01    1.0216e+00
 6.2900e-01    1.3936e+02   -8.8572e-01    1.0215e+00
 6.3000e-01    1.3937e+02   -8.8557e-01    1.0214e+00
 6.3100e-01    1.3937e+02   -8.8542e-01    1.0212e+00
 6.3200e-01    1.3938e+02   -8.8528e-01    1.0211e+00
 6.3300e-01    1.3939e+02   -8.8516e-01    1.0210e+00
 6.3400e-01    1.3939e+02   -8.8504e-01    1.0209e+00
 6.3500e-01    1.3940e+02   -8.8492e-01    1.0207e+00
 6.3600e-01    1.3941e+02   -8.8479e-01    1.0206e+00
 6.3700e-01    1.3941e+02   -8.8466e-01    1.0205e+00
 6.3800e-01    1.3942e+02   -8.8453e-01    1.0204e+00
 6.3900e-01    1.3942e+02   -8.8439e-01    1.0203e+00
 6.4000e-01    1.3943e+02   -8.8425e-01    1.0201e+00
 6.4100e-01    1.3944e+02   -8.8412e-01    1.0200e+00
 6.4200e-01    1.3944e+02   -8.8399e-01    1.0199e+00
 6.4300e-01    1.3945e+02   -8.8385e-01    1.0198e+00
 6.4400e-01    1.3946e+02   -8.8372e-01    1.0196e+00
 6.4500e-01    1.3946e+02   -8.8360e-01    1.0195e+00
 6.4600e-01    1.3947e+02   -8.8348e-01    1.0194e+00
 6.4700e-01    1.3948e+02   -8.8335e-01    1.0193e+00
 6.4800e-01    1.3948e+02   -8.8325e-01    1.0192e+00
 6.4900e-01    1.3948e+02   -8.8317e-01    1.0191e+00
 6.5000e-01    1.3949e+02   -8.8310e-01    1.0190e+00
 6.5100e-01    1.3949e+02   -8.8304e-01    1.0189e+00
 6.5200e-01    1.3950e+02   -8.8300e-01    1.0188e+00
 6.5300e-01    1.3950e+02   -8.8297e-01    1.0188e+00
 6.5400e-01    1.3950e+02   -8.8294e-01    1.0188e+00
 6.5500e-01    1.3950e+02   -8.8291e-01    1.0188e+00
 6.5600e-01    1.3951e+02   -8.8288e-01    1.0188e+00
 6.5700e-01    1.3951e+02   -8.8285e-01    1.0187e+00
 6.5800e-01    1.3951e+02   -8.8281e-01    1.0187e+00
 6.5900e-01    1.3952e+02   -8.8275e-01    1.0186e+00
 6.6000e-01    1.3952e+02   -8.8267e-01    1.0185e+00
 6.6100e-01    1.3952e+02   -8.8257e-01    1.0184e+00
 6.6200e-01    1.3953e+02   -8.8246e-01    1.0183e+00
 6.6300e-01    1.3953e+02   -8.8236e-01    1.0182e+00
 6.6400e-01    1.3954e+02   -8.8228e-01    1.0181e+00
 6.6500e-01    1.3954e+02   -8.8223e-01    1.0180e+00
 6.6600e-01    1.3954e+02   -8.8220e-01    1.0180e+00
 6.6700e-01    1.3954e+02   -8.8217e-01    1.0180e+00
 6.6800e-01    1.3954e+02   -8.8215e-01    1.0179e+00
 6.6900e-01    1.3954e+02   -8.8213e-01    1.0179e+00
 6.7000e-01    1.3954e+02   -8.8211e-01    1.0179e+00
 6.7100e-01    1.3954e+02   -8.8210e-01    1.0178e+00
 6.7200e-01    1.3954e+02   -8.8209e-01    1.0178e+00
 6.7300e-01    1.3954e+02   -8.8209e-01    1.0178e+00
 6.7400e-01    1.3954e+02   -8.8210e-01    1.0178e+00
 6.7500e-01    1.3953e+02   -8.8213e-01    1.0179e+00
 6.7600e-01    1.3953e+02   -8.8218e-01    1.0179e+00
 6.7700e-01    1.3953e+02   -8.8224e-01    1.0179e+00
 6.7800e-01    1.3952e+02   -8.8232e-01    1.0180e+00
 6.7900e-01    1.3952e+02   -8.8242e-01    1.0180e+00
 6.8000e-01    1.3951e+02   -8.8253e-01    1.0182e+00
 6.8100e-01    1.3951e+02   -8.8267e-01    1.0183e+00
 6.8200e-01    1.3950e+02   -8.8283e-01    1.0184e+00
 6.8300e-01    1.3949e+02   -8.8300e-01    1.0185e+00
 6.8400e-01    1.3948e+02   -8.8319e-01    1.0187e+00
 6.8500e-01    1.3948e+02   -8.8340e-01    1.0188e+00
 6.8600e-01    1.3947e+02   -8.8362e-01    1.0191e+00
 6.8700e-01    1.3946e+02   -8.8388e-01    1.0193e+00
 6.8800e-01    1.3945e+02   -8.8416e-01    1.0195e+00
 6.8900e-01    1.3944e+02   -8.8445e-01    1.0197e+00
 6.9000e-01    1.3943e+02   -8.8475e-01    1.0199e+00
 6.9100e-01    1.3942e+02   -8.8503e-01    1.0201e+00
 6.9200e-01    1.3941e+02   -8.8529e-01    1.0204e+00
 6.9300e-01    1.3941e+02   -8.8553e-01    1.0206e+00
 6.9400e-01    1.3940e+02   -8.8574e-01    1.0208e+00
 6.9500e-01    1.3939e+02   -8.8590e-01    1.0209e+00
 6.9600e-01    1.3939e+02   -8.8600e-01    1.0210e+00
 6.9700e-01    1.3938e+02   -8.8605e-01    1.0210e+00
 6.9800e-01    1.3938e+02   -8.8605e-01    1.0210e+00
 6.9900e-01    1.3938e+02   -8.8601e-01    1.0209e+00
 7.0000e-01    1.3939e+02   -8.8594e-01    1.0208e+00
 7.0100e-01    1.3939e+02   -8.8585e-01    1.0208e+00
 7.0200e-01    1.3939e+02   -8.8575e-01    1.0207e+00
 7.0300e-01    1.3940e+02   -8.8563e-01    1.0205e+00
 7.0400e-01    1.3941e+02   -8.8551e-01    1.0205e+00
 7.0500e-01    1.3941e+02   -8.8538e-01    1.0203e+00
 7.0600e-01    1.3942e+02   -8.8525e-01    1.0202e+00
 7.0700e-01    1.3942e+02   -8.8512e-01    1.0201e+00
 7.0800e-01    1.3943e+02   -8.8501e-01    1.0200e+00
 7.0900e-01    1.3943e+02   -8.8492e-01    1.0199e+00
 7.1000e-01    1.3944e+02   -8.8483e-01    1.0198e+00
 7.1100e-01    1.3944e+02   -8.8474e-01    1.0197e+00
 7.1200e-01    1.3944e+02   -8.8465e-01    1.0196e+00
 7.1300e-01    1.3945e+02   -8.8455e-01    1.0195e+00
 7.1400e-01    1.3945e+02   -8.8444e-01    1.0194e+00
 7.1500e-01    1.3946e+02   -8.8433e-01    1.0193e+00
 7.1600e-01    1.3946e+02   -8.8422e-01    1.0192e+00
 7.1700e-01    1.3947e+02   -8.8410e-01    1.0191e+00
 7.1800e-01    1.3948e+02   -8.8398e-01    1.0190e+00
 7.1900e-01    1.3948e+02   -8.8388e-01    1.0189e+00
 7.2000e-01    1.3949e+02   -8.8377e-01    1.0188e+00
 7.2100e-01    1.3949e+02   -8.8366e-01    1.0187e+00
 7.2200e-01    1.3950e+02   -8.8356e-01    1.0185e+00
 7.2300e-01    1.3950e+02   -8.8346e-01    1.0184e+00
 7.2400e-01    1.3951e+02   -8.8334e-01    1.0183e+00
 7.2500e-01    1.3952e+02   -8.8321e-01    1.0182e+00
 7.2600e-01    1.3952e+02   -8.8307e-01    1.0181e+00
 7.2700e-01    1.3953e+02   -8.8291e-01    1.0179e+00
 7.2800e-01    1.3953e+02   -8.8275e-01    1.0178e+00
 7.2900e-01    1.3954e+02   -8.8257e-01    1.0176e+00
 7.3000e-01    1.3955e+02   -8.8241e-01    1.0175e+00
 7.3100e-01    1.3955e+02   -8.8226e-01    1.0173e+00
 7.3200e-01    1.3956e+02   -8.8212e-01    1.0172e+00
 7.3300e-01    1.3957e+02   -8.8199e-01    1.0171e+00
 7.3400e-01    1.3957e+02   -8.8187e-01    1.0169e+00
 7.3500e-01    1.3958e+02   -8.8175e-01    1.0168e+00
 7.3600e-01    1.3958e+02   -8.8162e-01    1.0167e+00
 7.3700e-01    1.3959e+02   -8.8148e-01    1.0166e+00
 7.3800e-01    1.3960e+02   -8.8134e-01    1.0164e+00
 7.3900e-01    1.3960e+02   -8.8119e-01    1.0163e+00
 7.4000e-01    1.3961e+02   -8.8106e-01    1.0162e+00
 7.4100e-01    1.3962e+02   -8.8093e-01    1.0161e+00
 7.4200e-01    1.3962e+02   -8.8082e-01    1.0160e+00
 7.4300e-01    1.3963e+02   -8.8070e-01    1.0158e+00
 7.4400e-01    1.3964e+02   -8.8058e-01    1.0157e+00
 7.4500e-01    1.3964e+02   -8.8046e-01    1.0156e+00
 7.4600e-01    1.3965e+02   -8.8034e-01    1.0155e+00
 7.4700e-01    1.3965e+02   -8.8021e-01    1.0154e+00
 7.4800e-01    1.3966e+02   -8.8008e-01    1.0152e+00
 7.4900e-01    1.3966e+02   -8.7994e-01    1.0151e+00
 7.5000e-01    1.3967e+02   -8.7980e-01    1.0150e+00
 7.5100e-01    1.3968e+02   -8.7967e-01    1.0149e+00
 7.5200e-01    1.3968e+02   -8.7953e-01    1.0147e+00
 7.5300e-01    1.3969e+02   -8.7938e-01    1.0146e+00
 7.5400e-01    1.3969e+02   -8.7924e-01    1.0144e+00
 7.5500e-01    1.3970e+02   -8.7910e-01    1.0143e+00
 7.5600e-01    1.3970e+02   -8.7898e-01    1.0142e+00
 7.5700e-01    1.3970e+02   -8.7886e-01    1.0141e+00
 7.5800e-01    1.3971e+02   -8.7876e-01    1.0140e+00
 7.5900e-01    1.3971e+02   -8.7868e-01    1.0139e+00
 7.6000e-01    1.3971e+02   -8.7861e-01    1.0138e+00
 7.6100e-01    1.3972e+02   -8.7855e-01    1.0138e+00
 7.6200e-01    1.3972e+02   -8.7849e-01    1.0137e+00
 7.6300e-01    1.3972e+02   -8.7843e-01    1.0137e+00
 7.6400e-01    1.3973e+02   -8.7835e-01    1.0136e+00
 7.6500e-01    1.3973e+02   -8.7827e-01    1.0135e+00
 7.6600e-01    1.3973e+02   -8.7819e-01    1.0134e+00
 7.6700e-01    1.3974e+02   -8.7810e-01    1.0133e+00
 7.6800e-01    1.3974e+02   -8.7802e-01    1.0132e+00
 7.6900e-01    1.3974e+02   -8.7795e-01    1.0132e+00
 7.7000e-01    1.3975e+02   -8.7789e-01    1.0131e+00
 7.7100e-01    1.3975e+02   -8.7785e-01    1.0130e+00
 7.7200e-01    1.3975e+02   -8.7782e-01    1.0130e+00
 7.7300e-01    1.3976e+02   -8.7781e-01    1.0129e+00
 7.7400e-01    1.3976e+02   -8.7780e-01    1.0129e+00
 7.7500e-01    1.3976e+02   -8.7780e-01    1.0129e+00
 7.7600e-01    1.3976e+02   -8.7782e-01    1.0130e+00
 7.7700e-01    1.3976e+02   -8.7785e-01    1.0130e+00
 7.7800e-01    1.3976e+02   -8.7790e-01    1.0130e+00
 7.7900e-01    1.3976e+02   -8.7796e-01    1.0130e+00
 7.8000e-01    1.3975e+02   -8.7805e-01    1.0131e+00
 7.8100e-01    1.3975e+02   -8.7814e-01    1.0132e+00
 7.8200e-01    1.3975e+02   -8.7823e-01    1.0133e+00
 7.8300e-01    1.3974e+02   -8.7832e-01    1.0134e+00
 7.8400e-01    1.3974e+02   -8.7841e-01    1.0134e+00
 7.8500e-01    1.3974e+02   -8.7851e-01    1.0134e+00
 7.8600e-01    1.3974e+02   -8.7860e-01    1.0135e+00
 7.8700e-01    1.3973e+02   -8.7870e-01    1.0136e+00
 7.8800e-01    1.3973e+02   -8.7878e-01    1.0137e+00
 7.8900e-01    1.3973e+02   -8.7886e-01    1.0138e+00
 7.9000e-01    1.3973e+02   -8.7893e-01    1.0138e+00
 7.9100e-01    1.3973e+02   -8.7899e-01    1.0139e+00
 7.9200e-01    1.3972e+02   -8.7904e-01    1.0139e+00
 7.9300e-01    1.3972e+02   -8.7910e-01    1.0139e+00
 7.9400e-01    1.3972e+02   -8.7916e-01    1.0139e+00
 7.9500e-01    1.3972e+02   -8.7921e-01    1.0140e+00
 7.9600e-01    1.3972e+02   -8.7927e-01    1.0140e+00
 7.9700e-01    1.3972e+02   -8.7933e-01    1.0140e+00
 7.9800e-01    1.3972e+02   -8.7938e-01    1.0141e+00
 7.9900e-01    1.3971e+02   -8.7941e-01    1.0141e+00
 8.0000e-01    1.3971e+02   -8.7941e-01    1.0141e+00
 8.0100e-01    1.3972e+02   -8.7938e-01    1.0141e+00
 8.0200e-01    1.3972e+02   -8.7932e-01    1.0140e+00
 8.0300e-01    1.3972e+02   -8.7925e-01    1.0139e+00
 8.0400e-01    1.3972e+02   -8.7917e-01    1.0139e+00
 8.0500e-01    1.3972e+02   -8.7910e-01    1.0138e+00
 8.0600e-01    1.3972e+02   -8.7904e-01    1.0138e+00
 8.0700e-01    1.3972e+02   -8.7898e-01    1.0137e+00
 8.0800e-01    1.3972e+02   -8.7892e-01    1.0136e+00
 8.0900e-01    1.3972e+02   -8.7888e-01    1.0135e+00
 8.1000e-01    1.3972e+02   -8.7883e-01    1.0135e+00
 8.1100e-01    1.3973e+02   -8.7879e-01    1.0134e+00
 8.1200e-01    1.3973e+02   -8.7874e-01    1.0134e+00
 8.1300e-01    1.3973e+02   -8.7868e-01    1.0133e+00
 8.1400e-01    1.3973e+02   -8.7860e-01    1.0132e+00
 8.1500e-01    1.3974e+02   -8.7850e-01    1.0131e+00
 8.1600e-01    1.3974e+02   -8.7838e-01    1.0130e+00
 8.1700e-01    1.3975e+02   -8.7826e-01    1.0129e+00
 8.1800e-01    1.3975e+02   -8.7814e-01    1.0128e+00
 8.1900e-01    1.3976e+02   -8.7803e-01    1.0127e+00
 8.2000e-01    1.3976e+02   -8.7792e-01    1.0126e+00
 8.2100e-01    1.3976e+02   -8.7782e-01    1.0125e+00
 8.2200e-01    1.3977e+02   -8.7773e-01    1.0124e+00
 8.2300e-01    1.3977e+02   -8.7764e-01    1.0123e+00
 8.2400e-01    1.3977e+02   -8.7758e-01    1.0123e+00
 8.2500e-01    1.3977e+02   -8.7756e-01    1.0123e+00
 8.2600e-01    1.3977e+02   -8.7758e-01    1.0123e+00
 8.2700e-01    1.3977e+02   -8.7765e-01    1.0123e+00
 8.2800e-01    1.3977e+02   -8.7774e-01    1.0124e+00
 8.2900e-01    1.3977e+02   -8.7785e-01    1.0124e+00
 8.3000e-01    1.3976e+02   -8.7796e-01    1.0125e+00
 8.3100e-01    1.3976e+02   -8.7805e-01    1.0126e+00
 8.3200e-01    1.3976e+02   -8.7814e-01    1.0127e+00
 8.3300e-01    1.3976e+02   -8.7821e-01    1.0128e+00
 8.3400e-01    1.3975e+02   -8.7828e-01    1.0128e+00
 8.3500e-01    1.3975e+02   -8.7835e-01    1.0128e+00
 8.3600e-01    1.3975e+02   -8.7842e-01    1.0129e+00
 8.3700e-01    1.3974e+02   -8.7850e-01    1.0129e+00
 8.3800e-01    1.3974e+02   -8.7857e-01    1.0130e+00
 8.3900e-01    1.3974e+02   -8.7863e-01    1.0130e+00
 8.4000e-01    1.3974e+02   -8.7869e-01    1.0131e+00
 8.4100e-01    1.3973e+02   -8.7876e-01    1.0131e+00
 8.4200e-01    1.3973e+02   -8.7884e-01    1.0132e+00
 8.4300e-01    1.3973e+02   -8.7892e-01    1.0133e+00
 8.4400e-01    1.3973e+02   -8.7900e-01    1.0133e+00
 8.4500e-01    1.3973e+02   -8.7909e-01    1.0133e+00
 8.4600e-01    1.3973e+02   -8.7916e-01    1.0134e+00
 8.4700e-01    1.3972e+02   -8.7922e-01    1.0135e+00
 8.4800e-01    1.3972e+02   -8.7927e-01    1.0135e+00
 8.4900e-01    1.3972e+02   -8.7932e-01    1.0135e+00
 8.5000e-01    1.3972e+02   -8.7934e-01    1.0136e+00
 8.5100e-01    1.3972e+02   -8.7936e-01    1.0136e+00
 8.5200e-01    1.3972e+02   -8.7934e-01    1.0135e+00
 8.5300e-01    1.3972e+02   -8.7931e-01    1.0135e+00
 8.5400e-01    1.3973e+02   -8.7927e-01    1.0134e+00
 8.5500e-01    1.3973e+02   -8.7921e-01    1.0134e+00
 8.5600e-01    1.3974e+02   -8.7912e-01    1.0133e+00
 8.5700e-01    1.3974e+02   -8.7902e-01    1.0132e+00
 8.5800e-01    1.3975e+02   -8.7891e-01    1.0131e+00
 8.5900e-01    1.3975e+02   -8.7876e-01    1.0130e+00
 8.6000e-01    1.3976e+02   -8.7858e-01    1.0128e+00
 8.6100e-01    1.3977e+02   -8.7838e-01    1.0127e+00
 8.6200e-01    1.3978e+02   -8.7817e-01    1.0125e+00
 8.6300e-01    1.3979e+02   -8.7794e-01    1.0122e+00
 8.6400e-01    1.3980e+02   -8.7771e-01    1.0120e+00
 8.6500e-01    1.3981e+02   -8.7747e-01    1.0118e+00
 8.6600e-01    1.3982e+02   -8.7722e-01    1.0115e+00
 8.6700e-01    1.3983e+02   -8.7696e-01    1.0113e+00
 8.6800e-01    1.3985e+02   -8.7668e-01    1.0111e+00
 8.6900e-01    1.3986e+02   -8.7640e-01    1.0109e+00
 8.7000e-01    1.3987e+02   -8.7611e-01    1.0106e+00
 8.7100e-01    1.3988e+02   -8.7582e-01    1.0103e+00
 8.7200e-01    1.3989e+02   -8.7553e-01    1.0100e+00
 8.7300e-01    1.3990e+02   -8.7525e-01    1.0098e+00
 8.7400e-01    1.3991e+02   -8.7499e-01    1.0096e+00
 8.7500e-01    1.3992e+02   -8.7474e-01    1.0094e+00
 8.7600e-01    1.3993e+02   -8.7452e-01    1.0092e+00
 8.7700e-01    1.3994e+02   -8.7433e-01    1.0090e+00
 8.7800e-01    1.3995e+02   -8.7417e-01    1.0088e+00
 8.7900e-01    1.3995e+02   -8.7404e-01    1.0087e+00
 8.8000e-01    1.3996e+02   -8.7395e-01    1.0086e+00
 8.8100e-01    1.3997e+02   -8.7387e-01    1.0085e+00
 8.8200e-01    1.3997e+02   -8.7382e-01    1.0085e+00
 8.8300e-01    1.3997e+02   -8.7377e-01    1.0085e+00
 8.8400e-01    1.3998e+02   -8.7371e-01    1.0084e+00
 8.8500e-01    1.3998e+02   -8.7364e-01    1.0083e+00
 8.8600e-01    1.3998e+02   -8.7357e-01    1.0082e+00
 8.8700e-01    1.3999e+02   -8.7350e-01    1.0082e+00
 8.8800e-01    1.3999e+02   -8.7345e-01    1.0081e+00
 8.8900e-01    1.3999e+02   -8.7342e-01    1.0081e+00
 8.9000e-01    1.3999e+02   -8.7340e-01    1.0081e+00
 8.9100e-01    1.3999e+02   -8.7338e-01    1.0080e+00
 8.9200e-01    1.3998e+02   -8.7338e-01    1.0080e+00
 8.9300e-01    1.3998e+02   -8.7338e-01    1.0080e+00
 8.9400e-01    1.3998e+02   -8.7340e-01    1.0081e+00
 8.9500e-01    1.3998e+02   -8.7344e-01    1.0081e+00
 8.9600e-01    1.3997e+02   -8.7352e-01    1.0081e+00
 8.9700e-01    1.3997e+02   -8.7363e-01    1.0082e+00
 8.9800e-01    1.3996e+02   -8.7374e-01    1.0083e+00
 8.9900e-01    1.3995e+02   -8.7386e-01    1.0084e+00
 9.0000e-01    1.3995e+02   -8.7400e-01    1.0085e+00
 9.0100e-01    1.3994e+02   -8.7415e-01    1.0087e+00
 9.0200e-01    1.3993e+02   -8.7430e-01    1.0088e+00
 9.0300e-01    1.3993e+02   -8.7447e-01    1.0089e+00
 9.0400e-01    1.3992e+02   -8.7463e-01    1.0090e+00
 9.0500e-01    1.3991e+02   -8.7480e-01    1.0092e+00
 9.0600e-01    1.3990e+02   -8.7497e-01    1.0093e+00
 9.0700e-01    1.3990e+02   -8.7514e-01    1.0094e+00
 9.0800e-01    1.3989e+02   -8.7531e-01    1.0096e+00
 9.0900e-01    1.3988e+02   -8.7549e-01    1.0097e+00
 9.1000e-01    1.3988e+02   -8.7565e-01    1.0098e+00
 9.1100e-01    1.3987e+02   -8.7580e-01    1.0099e+00
 9.1200e-01    1.3987e+02   -8.7593e-01    1.0100e+00
 9.1300e-01    1.3986e+02   -8.7604e-01    1.0101e+00
 9.1400e-01    1.3986e+02   -8.7612e-01    1.0102e+00
 9.1500e-01    1.3986e+02   -8.7620e-01    1.0103e+00
 9.1600e-01    1.3985e+02   -8.7628e-01    1.0103e+00
 9.1700e-01    1.3985e+02   -8.7636e-01    1.0105e+00
 9.1800e-01    1.3984e+02   -8.7645e-01    1.0105e+00
 9.1900e-01    1.3984e+02   -8.7653e-01    1.0105e+00
 9.2000e-01    1.3984e+02   -8.7659e-01    1.0106e+00
 9.2100e-01    1.3983e+02   -8.7665e-01    1.0106e+00
 9.2200e-01    1.3983e+02   -8.7670e-01    1.0106e+00
 9.2300e-01    1.3983e+02   -8.7675e-01    1.0107e+00
 9.2400e-01    1.3983e+02   -8.7681e-01    1.0107e+00
 9.2500e-01    1.3982e+02   -8.7686e-01    1.0107e+00
 9.2600e-01    1.3982e+02   -8.7691e-01    1.0108e+00
 9.2700e-01    1.3982e+02   -8.7696e-01    1.0109e+00
 9.2800e-01    1.3982e+02   -8.7702e-01    1.0109e+00
 9.2900e-01    1.3981e+02   -8.7709e-01    1.0109e+00
 9.3000e-01    1.3981e+02   -8.7716e-01    1.0110e+00
 9.3100e-01    1.3981e+02   -8.7721e-01    1.0111e+00
 9.3200e-01    1.3981e+02   -8.7724e-01    1.0111e+00
 9.3300e-01    1.3981e+02   -8.7726e-01    1.0111e+00
 9.3400e-01    1.3980e+02   -8.7729e-01    1.0111e+00
 9.3500e-01    1.3980e+02   -8.7733e-01    1.0111e+00
 9.3600e-01    1.3980e+02   -8.7736e-01    1.0111e+00
 9.3700e-01    1.3981e+02   -8.7737e-01    1.0111e+00
 9.3800e-01    1.3981e+02   -8.7736e-01    1.0111e+00
 9.3900e-01    1.3981e+02   -8.7733e-01    1.0111e+00
 9.4000e-01    1.3981e+02   -8.7730e-01    1.0111e+00
 9.4100e-01    1.3981e+02   -8.7725e-01    1.0110e+00
 9.4200e-01    1.3982e+02   -8.7719e-01    1.0109e+00
 9.4300e-01    1.3982e+02   -8.7711e-01    1.0108e+00
 9.4400e-01    1.3983e+02   -8.7702e-01    1.0107e+00
 9.4500e-01    1.3983e+02   -8.7690e-01    1.0106e+00
 9.4600e-01    1.3984e+02   -8.7677e-01    1.0105e+00
 9.4700e-01    1.3985e+02   -8.7661e-01    1.0104e+00
 9.4800e-01    1.3986e+02   -8.7642e-01    1.0102e+00
 9.4900e-01    1.3987e+02   -8.7621e-01    1.0100e+00
 9.5000e-01    1.3988e+02   -8.7597e-01    1.0098e+00
 9.5100e-01    1.3989e+02   -8.7571e-01    1.0096e+00
 9.5200e-01    1.3990e+02   -8.7543e-01    1.0093e+00
 9.5300e-01    1.3991e+02   -8.7514e-01    1.0091e+00
 9.5400e-01    1.3992e+02   -8.7485e-01    1.0088e+00
 9.5500e-01    1.3993e+02   -8.7458e-01    1.0086e+00
 9.5600e-01    1.3994e+02   -8.7431e-01    1.0083e+00
 9.5700e-01    1.3995e+02   -8.7408e-01    1.0081e+00
 9.5800e-01    1.3996e+02   -8.7387e-01    1.0080e+00
 9.5900e-01    1.3997e+02   -8.7369e-01    1.0078e+00
 9.6000e-01    1.3998e+02   -8.7351e-01    1.0076e+00
 9.6100e-01    1.3999e+02   -8.7334e-01    1.0075e+00
 9.6200e-01    1.4000e+02   -8.7318e-01    1.0073e+00
 9.6300e-01    1.4000e+02   -8.7301e-01    1.0072e+00
 9.6400e-01    1.4001e+02   -8.7285e-01    1.0071e+00
 9.6500e-01    1.4002e+02   -8.7269e-01    1.0069e+00
 9.6600e-01    1.4002e+02   -8.7254e-01    1.0068e+00
 9.6700e-01    1.4003e+02   -8.7241e-01    1.0067e+00
 9.6800e-01    1.4003e+02   -8.7232e-01    1.0066e+00
 9.6900e-01    1.4004e+02   -8.7224e-01    1.0065e+00
 9.7000e-01    1.4004e+02   -8.7221e-01    1.0065e+00
 9.7100e-01    1.4004e+02   -8.7220e-01    1.0065e+00
 9.7200e-01    1.4004e+02   -8.7221e-01    1.0065e+00
 9.7300e-01    1.4004e+02   -8.7224e-01    1.0065e+00
 9.7400e-01    1.4004e+02   -8.7229e-01    1.0065e+00
 9.7500e-01    1.4004e+02   -8.7234e-01    1.0065e+00
 9.7600e-01    1.4004e+02   -8.7242e-01    1.0066e+00
 9.7700e-01    1.4004e+02   -8.7250e-01    1.0067e+00
 9.7800e-01    1.4003e+02   -8.7259e-01    1.0068e+00
 9.7900e-01    1.4003e+02   -8.7268e-01    1.0068e+00
 9.8000e-01    1.4003e+02   -8.7279e-01    1.0069e+00
 9.8100e-01    1.4002e+02   -8.7289e-01    1.0070e+00
 9.8200e-01    1.4002e+02   -8.7300e-01    1.0071e+00
 9.8300e-01    1.4001e+02   -8.7310e-01    1.0071e+00
 9.8400e-01    1.4001e+02   -8.7321e-01    1.0072e+00
 9.8500e-01    1.4000e+02   -8.7334e-01    1.0073e+00
 9.8600e-01    1.4000e+02   -8.7348e-01    1.0075e+00
 9.8700e-01    1.3999e+02   -8.7363e-01    1.0076e+00
 9.8800e-01    1.3999e+02   -8.7377e-01    1.0077e+00
 9.8900e-01    1.3998e+02   -8.7388e-01    1.0078e+00
 9.9000e-01    1.3998e+02   -8.7398e-01    1.0078e+00
 9.9100e-01    1.3998e+02   -8.7406e-01    1.0080e+00
 9.9200e-01    1.3997e+02   -8.7410e-01    1.0080e+00
 9.9300e-01    1.3997e+02   -8.7411e-01    1.0079e+00
 9.9400e-01    1.3997e+02   -8.7411e-01    1.0079e+00
 9.9500e-01    1.3998e+02   -8.7407e-01    1.0079e+00
 9.9600e-01    1.3998e+02   -8.7400e-01    1.0079e+00
 9.9700e-01    1.3999e+02   -8.7390e-01    1.0078e+00
 9.9800e-01    1.3999e+02   -8.7379e-01    1.0077e+00
 9.9900e-01    1.4000e+02   -8.7367e-01    1.0075e+00
 1.0000e+00    1.4000e+02   -8.7356e-01    1.0074e+00
 1.0010e+00    1.4000e+02   -8.7346e-01    1.0074e+00
 1.0020e+00    1.4001e+02   -8.7336e-01    1.0073e+00
 1.0030e+00    1.4001e+02   -8.7326e-01    1.0072e+00
 1.0040e+00    1.4002e+02   -8.7315e-01    1.0070e+00
 1.0050e+00    1.4002e+02   -8.7303e-01    1.0069e+00
 1.0060e+00    1.4003e+02   -8.7289e-01    1.0068e+00
 1.0070e+00    1.4003e+02   -8.7276e-01    1.0067e+00
 1.0080e+00    1.4004e+02   -8.7264e-01    1.0066e+00
 1.0090e+00    1.4004e+02   -8.7252e-01    1.0065e+00
 1.0100e+00    1.4005e+02   -8.7240e-01    1.0064e+00
 1.0110e+00    1.4005e+02   -8.7229e-01    1.0063e+00
 1.0120e+00    1.4006e+02   -8.7218e-01    1.0062e+00
 1.0130e+00    1.4006e+02   -8.7207e-01    1.0060e+00
 1.0140e+00    1.4007e+02   -8.7197e-01    1.0059e+00
 1.0150e+00    1.4007e+02   -8.7187e-01    1.0058e+00
 1.0160e+00    1.4008e+02   -8.7176e-01    1.0057e+00
 1.0170e+00    1.4008e+02   -8.7164e-01    1.0057e+00
 1.0180e+00    1.4009e+02   -8.7151e-01    1.0055e+00
 1.0190e+00    1.4009e+02   -8.7139e-01    1.0054e+00
 1.0200e+00    1.4010e+02   -8.7128e-01    1.0053e+00
 1.0210e+00    1.4010e+02   -8.7118e-01    1.0052e+00
 1.0220e+00    1.4011e+02   -8.7110e-01    1.0052e+00
 1.0230e+00    1.4011e+02   -8.7102e-01    1.0051e+00
 1.0240e+00    1.4011e+02   -8.7095e-01    1.0050e+00
 1.0250e+00    1.4011e+02   -8.7089e-01    1.0050e+00
 1.0260e+00    1.4011e+02   -8.7085e-01    1.0049e+00
 1.0270e+00    1.4012e+02   -8.7082e-01    1.0049e+00
 1.0280e+00    1.4012e+02   -8.7081e-01    1.0049e+00
 1.0290e+00    1.4012e+02   -8.7081e-01    1.0049e+00
 1.0300e+00    1.4012e+02   -8.7082e-01    1.0049e+00
 1.0310e+00    1.4012e+02   -8.7085e-01    1.0049e+00
 1.0320e+00    1.4012e+02   -8.7089e-01    1.0049e+00
 1.0330e+00    1.4012e+02   -8.7093e-01    1.0050e+00
 1.0340e+00    1.4011e+02   -8.7098e-01    1.0050e+00
 1.0350e+00    1.4011e+02   -8.7103e-01    1.0050e+00
 1.0360e+00    1.4011e+02   -8.7108e-01    1.0051e+00
 1.0370e+00    1.4011e+02   -8.7112e-01    1.0051e+00
 1.0380e+00    1.4011e+02   -8.7116e-01    1.0051e+00
 1.0390e+00    1.4010e+02   -8.7119e-01    1.0052e+00
 1.0400e+00    1.4010e+02   -8.7123e-01    1.0052e+00
 1.0410e+00    1.4010e+02   -8.7126e-01    1.0052e+00
 1.0420e+00    1.4010e+02   -8.7130e-01    1.0052e+00
 1.0430e+00    1.4010e+02   -8.7134e-01    1.0053e+00
 1.0440e+00    1.4010e+02   -8.7139e-01    1.0053e+00
 1.0450e+00    1.4010e+02   -8.7145e-01    1.0054e+00
 1.0460e+00    1.4010e+02   -8.7151e-01    1.0054e+00
 1.0470e+00    1.4009e+02   -8.7158e-01    1.0054e+00
 1.0480e+00    1.4009e+02   -8.7163e-01    1.0055e+00
 1.0490e+00    1.4009e+02   -8.7167e-01    1.0055e+00
 1.0500e+00    1.4009e+02   -8.7168e-01    1.0055e+00
 1.0510e+00    1.4009e+02   -8.7171e-01    1.0055e+00
 1.0520e+00    1.4008e+02   -8.7173e-01    1.0056e+00
 1.0530e+00    1.4008e+02   -8.7174e-01    1.0056e+00
 1.0540e+00    1.4008e+02   -8.7176e-01    1.0056e+00
 1.0550e+00    1.4008e+02   -8.7176e-01    1.0056e+00
 1.0560e+00    1.4008e+02   -8.7176e-01    1.0055e+00
 1.0570e+00    1.4008e+02   -8.7177e-01    1.0056e+00
 1.0580e+00    1.4008e+02   -8.7176e-01    1.0056e+00
 1.0590e+00    1.4008e+02   -8.7174e-01    1.0056e+00
 1.0600e+00    1.4008e+02   -8.7171e-01    1.0055e+00
 1.0610e+00    1.4008e+02   -8.7166e-01    1.0055e+00
 1.0620e+00    1.4009e+02   -8.7160e-01    1.0054e+00
 1.0630e+00    1.4009e+02   -8.7151e-01    1.0054e+00
 1.0640e+00    1.4010e+02   -8.7141e-01    1.0053e+00
 1.0650e+00    1.4010e+02   -8.7129e-01    1.0052e+00
 1.0660e+00    1.4011e+02   -8.7117e-01    1.0050e+00
 1.0670e+00    1.4011e+02   -8.7105e-01    1.0050e+00
 1.0680e+00    1.4012e+02   -8.7093e-01    1.0048e+00
 1.0690e+00    1.4012e+02   -8.7081e-01    1.0047e+00
 1.0700e+00    1.4013e+02   -8.7069e-01    1.0046e+00
 1.0710e+00    1.4013e+02   -8.7057e-01    1.0045e+00
 1.0720e+00    1.4014e+02   -8.7046e-01    1.0044e+00
 1.0730e+00    1.4015e+02   -8.7036e-01    1.0043e+00
 1.0740e+00    1.4015e+02   -8.7027e-01    1.0042e+00
 1.0750e+00    1.4016e+02   -8.7019e-01    1.0042e+00
 1.0760e+00    1.4016e+02   -8.7011e-01    1.0041e+00
 1.0770e+00    1.4016e+02   -8.7005e-01    1.0040e+00
 1.0780e+00    1.4017e+02   -8.7000e-01    1.0040e+00
 1.0790e+00    1.4017e+02   -8.6995e-01    1.0039e+00
 1.0800e+00    1.4017e+02   -8.6991e-01    1.0039e+00
 1.0810e+00    1.4017e+02   -8.6989e-01    1.0039e+00
 1.0820e+00    1.4017e+02   -8.6989e-01    1.0039e+00
 1.0830e+00    1.4017e+02   -8.6990e-01    1.0039e+00
 1.0840e+00    1.4017e+02   -8.6993e-01    1.0039e+00
 1.0850e+00    1.4017e+02   -8.6999e-01    1.0039e+00
 1.0860e+00    1.4017e+02   -8.7007e-01    1.0040e+00
 1.0870e+00    1.4017e+02   -8.7017e-01    1.0041e+00
 1.0880e+00    1.4016e+02   -8.7032e-01    1.0042e+00
 1.0890e+00    1.4015e+02   -8.7050e-01    1.0044e+00
 1.0900e+00    1.4015e+02   -8.7071e-01    1.0045e+00
 1.0910e+00    1.4014e+02   -8.7096e-01    1.0047e+00
 1.0920e+00    1.4013e+02   -8.7122e-01    1.0050e+00
 1.0930e+00    1.4012e+02   -8.7149e-01    1.0052e+00
 1.0940e+00    1.4011e+02   -8.7175e-01    1.0054e+00
 1.0950e+00    1.4010e+02   -8.7200e-01    1.0056e+00
 1.0960e+00    1.4009e+02   -8.7225e-01    1.0058e+00
 1.0970e+00    1.4008e+02   -8.7249e-01    1.0061e+00
 1.0980e+00    1.4007e+02   -8.7272e-01    1.0063e+00
 1.0990e+00    1.4006e+02   -8.7294e-01    1.0064e+00
 1.1000e+00    1.4006e+02   -8.7314e-01    1.0066e+00
 1.1010e+00    1.4005e+02   -8.7334e-01    1.0068e+00
 1.1020e+00    1.4004e+02   -8.7351e-01    1.0069e+00
 1.1030e+00    1.4003e+02   -8.7366e-01    1.0071e+00
 1.1040e+00    1.4003e+02   -8.7379e-01    1.0072e+00
 1.1050e+00    1.4002e+02   -8.7391e-01    1.0072e+00
 1.1060e+00    1.4001e+02   -8.7401e-01    1.0073e+00
 1.1070e+00    1.4001e+02   -8.7409e-01    1.0074e+00
 1.1080e+00    1.4001e+02   -8.7415e-01    1.0074e+00
 1.1090e+00    1.4000e+02   -8.7420e-01    1.0074e+00
 1.1100e+00    1.4000e+02   -8.7425e-01    1.0075e+00
 1.1110e+00    1.4000e+02   -8.7428e-01    1.0076e+00
 1.1120e+00    1.4000e+02   -8.7430e-01    1.0075e+00
 1.1130e+00    1.4000e+02   -8.7430e-01    1.0075e+00
 1.1140e+00    1.4000e+02   -8.7428e-01    1.0075e+00
 1.1150e+00    1.4000e+02   -8.7424e-01    1.0074e+00
 1.1160e+00    1.4001e+02   -8.7418e-01    1.0074e+00
 1.1170e+00    1.4001e+02   -8.7410e-01    1.0074e+00
 1.1180e+00    1.4001e+02   -8.7402e-01    1.0073e+00
 1.1190e+00    1.4002e+02   -8.7393e-01    1.0072e+00
 1.1200e+00    1.4002e+02   -8.7383e-01    1.0071e+00
 1.1210e+00    1.4003e+02   -8.7371e-01    1.0069e+00
 1.1220e+00    1.4003e+02   -8.7356e-01    1.0068e+00
 1.1230e+00    1.4004e+02   -8.7339e-01    1.0067e+00
 1.1240e+00    1.4005e+02   -8.7319e-01    1.0065e+00
 1.1250e+00    1.4006e+02   -8.7297e-01    1.0063e+00
 1.1260e+00    1.4006e+02   -8.7275e-01    1.0061e+00
 1.1270e+00    1.4007e+02   -8.7252e-01    1.0059e+00
 1.1280e+00    1.4008e+02   -8.7227e-01    1.0057e+00
 1.1290e+00    1.4009e+02   -8.7201e-01    1.0055e+00
 1.1300e+00    1.4011e+02   -8.7175e-01    1.0053e+00
 1.1310e+00    1.4011e+02   -8.7149e-01    1.0051e+00
 1.1320e+00    1.4012e+02   -8.7124e-01    1.0048e+00
 1.1330e+00    1.4013e+02   -8.7102e-01    1.0046e+00
 1.1340e+00    1.4014e+02   -8.7084e-01    1.0044e+00
 1.1350e+00    1.4015e+02   -8.7067e-01    1.0043e+00
 1.1360e+00    1.4015e+02   -8.7053e-01    1.0042e+00
 1.1370e+00    1.4016e+02   -8.7041e-01    1.0041e+00
 1.1380e+00    1.4016e+02   -8.7031e-01    1.0040e+00
 1.1390e+00    1.4017e+02   -8.7022e-01    1.0039e+00
 1.1400e+00    1.4017e+02   -8.7016e-01    1.0039e+00
 1.1410e+00    1.4017e+02   -8.7013e-01    1.0038e+00
 1.1420e+00    1.4017e+02   -8.7013e-01    1.0039e+00
 1.1430e+00    1.4017e+02   -8.7014e-01    1.0038e+00
 1.1440e+00    1.4017e+02   -8.7017e-01    1.0038e+00
 1.1450e+00    1.4017e+02   -8.7020e-01    1.0039e+00
 1.1460e+00    1.4016e+02   -8.7024e-01    1.0039e+00
 1.1470e+00    1.4016e+02   -8.7029e-01    1.0039e+00
 1.1480e+00    1.4016e+02   -8.7036e-01    1.0040e+00
 1.1490e+00    1.4016e+02   -8.7044e-01    1.0041e+00
 1.1500e+00    1.4015e+02   -8.7054e-01    1.0042e+00
 1.1510e+00    1.4015e+02   -8.7066e-01    1.0043e+00
 1.1520e+00    1.4014e+02   -8.7079e-01    1.0044e+00
 1.1530e+00    1.4014e+02   -8.7095e-01    1.0045e+00
 1.1540e+00    1.4013e+02   -8.7111e-01    1.0046e+00
 1.1550e+00    1.4013e+02   -8.7128e-01    1.0048e+00
 1.1560e+00    1.4012e+02   -8.7143e-01    1.0049e+00
 1.1570e+00    1.4012e+02   -8.7159e-01    1.0050e+00
 1.1580e+00    1.4011e+02   -8.7174e-01    1.0052e+00
 1.1590e+00    1.4011e+02   -8.7188e-01    1.0053e+00
 1.1600e+00    1.4010e+02   -8.7200e-01    1.0054e+00
 1.1610e+00    1.4010e+02   -8.7210e-01    1.0055e+00
 1.1620e+00    1.4010e+02   -8.7219e-01    1.0055e+00
 1.1630e+00    1.4009e+02   -8.7226e-01    1.0056e+00
 1.1640e+00    1.4009e+02   -8.7232e-01    1.0057e+00
 1.1650e+00    1.4009e+02   -8.7238e-01    1.0057e+00
 1.1660e+00    1.4009e+02   -8.7242e-01    1.0058e+00
 1.1670e+00    1.4009e+02   -8.7246e-01    1.0058e+00
 1.1680e+00    1.4008e+02   -8.7249e-01    1.0058e+00
 1.1690e+00    1.4008e+02   -8.7252e-01    1.0058e+00
 1.1700e+00    1.4008e+02   -8.7253e-01    1.0059e+00
 1.1710e+00    1.4008e+02   -8.7255e-01    1.0058e+00
 1.1720e+00    1.4008e+02   -8.7254e-01    1.0058e+00
 1.1730e+00    1.4009e+02   -8.7251e-01    1.0058e+00
 1.1740e+00    1.4009e+02   -8.7246e-01    1.0057e+00
 1.1750e+00    1.4009e+02   -8.7239e-01    1.0057e+00
 1.1760e+00    1.4010e+02   -8.7228e-01    1.0056e+00
 1.1770e+00    1.4010e+02   -8.7215e-01    1.0055e+00
 1.1780e+00    1.4011e+02   -8.7198e-01    1.0053e+00
 1.1790e+00    1.4012e+02   -8.7180e-01    1.0052e+00
 1.1800e+00    1.4013e+02   -8.7160e-01    1.0050e+00
 1.1810e+00    1.4014e+02   -8.7140e-01    1.0048e+00
 1.1820e+00    1.4015e+02   -8.7118e-01    1.0046e+00
 1.1830e+00    1.4016e+02   -8.7096e-01    1.0044e+00
 1.1840e+00    1.4017e+02   -8.7072e-01    1.0042e+00
 1.1850e+00    1.4018e+02   -8.7048e-01    1.0040e+00
 1.1860e+00    1.4019e+02   -8.7023e-01    1.0038e+00
 1.1870e+00    1.4020e+02   -8.6997e-01    1.0036e+00
 1.1880e+00    1.4021e+02   -8.6969e-01    1.0033e+00
 1.1890e+00    1.4022e+02   -8.6942e-01    1.0031e+00
 1.1900e+00    1.4023e+02   -8.6914e-01    1.0028e+00
 1.1910e+00    1.4024e+02   -8.6886e-01    1.0026e+00
 1.1920e+00    1.4025e+02   -8.6858e-01    1.0023e+00
 1.1930e+00    1.4027e+02   -8.6829e-01    1.0021e+00
 1.1940e+00    1.4028e+02   -8.6800e-01    1.0018e+00
 1.1950e+00    1.4029e+02   -8.6770e-01    1.0016e+00
 1.1960e+00    1.4030e+02   -8.6739e-01    1.0013e+00
 1.1970e+00    1.4032e+02   -8.6708e-01    1.0011e+00
 1.1980e+00    1.4033e+02   -8.6679e-01    1.0008e+00
 1.1990e+00    1.4034e+02   -8.6653e-01    1.0006e+00
 1.2000e+00    1.4035e+02   -8.6628e-01    1.0004e+00
 1.2010e+00    1.4036e+02   -8.6606e-01    1.0002e+00
 1.2020e+00    1.4037e+02   -8.6586e-01    9.9997e-01
 1.2030e+00    1.4038e+02   -8.6568e-01    9.9983e-01
 1.2040e+00    1.4038e+02   -8.6552e-01    9.9965e-01
 1.2050e+00    1.4039e+02   -8.6539e-01    9.9955e-01
 1.2060e+00    1.4040e+02   -8.6526e-01    9.9945e-01
 1.2070e+00    1.4040e+02   -8.6514e-01    9.9932e-01
 1.2080e+00    1.4040e+02   -8.6505e-01    9.9926e-01
 1.2090e+00    1.4041e+02   -8.6499e-01    9.9921e-01
 1.2100e+00    1.4041e+02   -8.6495e-01    9.9917e-01
 1.2110e+00    1.4041e+02   -8.6495e-01    9.9916e-01
 1.2120e+00    1.4041e+02   -8.6498e-01    9.9921e-01
 1.2130e+00    1.4041e+02   -8.6504e-01    9.9924e-01
 1.2140e+00    1.4040e+02   -8.6514e-01    9.9936e-01
 1.2150e+00    1.4040e+02   -8.6528e-01    9.9946e-01
 1.2160e+00    1.4039e+02   -8.6544e-01    9.9960e-01
 1.2170e+00    1.4038e+02   -8.6564e-01    9.9980e-01
 1.2180e+00    1.4037e+02   -8.6586e-01    9.9998e-01
 1.2190e+00    1.4036e+02   -8.6611e-01    1.0002e+00
 1.2200e+00    1.4035e+02   -8.6639e-01    1.0004e+00
 1.2210e+00    1.4034e+02   -8.6669e-01    1.0006e+00
 1.2220e+00    1.4033e+02   -8.6701e-01    1.0009e+00
 1.2230e+00    1.4031e+02   -8.6735e-01    1.0012e+00
 1.2240e+00    1.4030e+02   -8.6770e-01    1.0015e+00
 1.2250e+00    1.4028e+02   -8.6807e-01    1.0019e+00
 1.2260e+00    1.4027e+02   -8.6848e-01    1.0022e+00
 1.2270e+00    1.4025e+02   -8.6895e-01    1.0026e+00
 1.2280e+00    1.4023e+02   -8.6946e-01    1.0030e+00
 1.2290e+00    1.4021e+02   -8.6999e-01    1.0035e+00
 1.2300e+00    1.4018e+02   -8.7055e-01    1.0040e+00
 1.2310e+00    1.4016e+02   -8.7111e-01    1.0045e+00
 1.2320e+00    1.4014e+02   -8.7170e-01    1.0050e+00
 1.2330e+00    1.4011e+02   -8.7229e-01    1.0055e+00
 1.2340e+00    1.4009e+02   -8.7289e-01    1.0060e+00
 1.2350e+00    1.4006e+02   -8.7347e-01    1.0065e+00
 1.2360e+00    1.4004e+02   -8.7404e-01    1.0070e+00
 1.2370e+00    1.4002e+02   -8.7459e-01    1.0075e+00
 1.2380e+00    1.3999e+02   -8.7511e-01    1.0079e+00
 1.2390e+00    1.3997e+02   -8.7558e-01    1.0084e+00
 1.2400e+00    1.3995e+02   -8.7601e-01    1.0087e+00
 1.2410e+00    1.3994e+02   -8.7639e-01    1.0090e+00
 1.2420e+00    1.3992e+02   -8.7672e-01    1.0093e+00
 1.2430e+00    1.3991e+02   -8.7698e-01    1.0095e+00
 1.2440e+00    1.3991e+02   -8.7718e-01    1.0097e+00
 1.2450e+00    1.3990e+02   -8.7732e-01    1.0098e+00
 1.2460e+00    1.3989e+02   -8.7740e-01    1.0099e+00
 1.2470e+00    1.3989e+02   -8.7743e-01    1.0099e+00
 1.2480e+00    1.3989e+02   -8.7740e-01    1.0099e+00
 1.2490e+00    1.3990e+02   -8.7731e-01    1.0098e+00
 1.2500e+00    1.3990e+02   -8.7717e-01    1.0097e+00
 1.2510e+00    1.3991e+02   -8.7697e-01    1.0095e+00
 1.2520e+00    1.3992e+02   -8.7671e-01    1.0094e+00
 1.2530e+00    1.3993e+02   -8.7642e-01    1.0091e+00
 1.2540e+00    1.3994e+02   -8.7609e-01    1.0088e+00
 1.2550e+00    1.3996e+02   -8.7573e-01    1.0084e+00
 1.2560e+00    1.3998e+02   -8.7534e-01    1.0081e+00
 1.2570e+00    1.4000e+02   -8.7491e-01    1.0077e+00
 1.2580e+00    1.4002e+02   -8.7444e-01    1.0073e+00
 1.2590e+00    1.4004e+02   -8.7392e-01    1.0069e+00
 1.2600e+00    1.4006e+02   -8.7339e-01    1.0064e+00
 1.2610e+00    1.4009e+02   -8.7284e-01    1.0059e+00
 1.2620e+00    1.4011e+02   -8.7228e-01    1.0054e+00
 1.2630e+00    1.4013e+02   -8.7171e-01    1.0049e+00
 1.2640e+00    1.4015e+02   -8.7114e-01    1.0045e+00
 1.2650e+00    1.4018e+02   -8.7058e-01    1.0040e+00
 1.2660e+00    1.4020e+02   -8.7002e-01    1.0035e+00
 1.2670e+00    1.4022e+02   -8.6946e-01    1.0030e+00
 1.2680e+00    1.4024e+02   -8.6894e-01    1.0025e+00
 1.2690e+00    1.4026e+02   -8.6845e-01    1.0021e+00
 1.2700e+00    1.4027e+02   -8.6799e-01    1.0017e+00
 1.2710e+00    1.4029e+02   -8.6759e-01    1.0014e+00
 1.2720e+00    1.4031e+02   -8.6724e-01    1.0011e+00
 1.2730e+00    1.4032e+02   -8.6693e-01    1.0008e+00
 1.2740e+00    1.4033e+02   -8.6665e-01    1.0006e+00
 1.2750e+00    1.4034e+02   -8.6642e-01    1.0004e+00
 1.2760e+00    1.4035e+02   -8.6625e-01    1.0002e+00
 1.2770e+00    1.4035e+02   -8.6613e-01    1.0001e+00
 1.2780e+00    1.4035e+02   -8.6605e-01    1.0000e+00
 1.2790e+00    1.4035e+02   -8.6202e-01    9.9840e-01
