PROFILES: ELECTRIC POTENTIAL phi, MACH NUMBER U_z/cs, MACH NUMBER U_Bdir/c_s 
distance(mm)    phi(V)      U_z/cs(-)      U_Bdir/c_s(-)
 0.0000e+00    1.9224e+00   -1.3818e+00    1.9153e+00
 1.0000e-03    3.7672e+00   -1.3574e+00    1.9134e+00
 2.0000e-03    5.5383e+00   -1.3336e+00    1.9104e+00
 3.0000e-03    7.2387e+00   -1.3106e+00    1.9077e+00
 4.0000e-03    8.8717e+00   -1.2883e+00    1.9058e+00
 5.0000e-03    1.0440e+01   -1.2666e+00    1.9034e+00
 6.0000e-03    1.1948e+01   -1.2456e+00    1.9009e+00
 7.0000e-03    1.3398e+01   -1.2252e+00    1.8993e+00
 8.0000e-03    1.4792e+01   -1.2054e+00    1.8966e+00
 9.0000e-03    1.6134e+01   -1.1862e+00    1.8943e+00
 1.0000e-02    1.7427e+01   -1.1676e+00    1.8930e+00
 1.1000e-02    1.8673e+01   -1.1495e+00    1.8909e+00
 1.2000e-02    1.9874e+01   -1.1320e+00    1.8881e+00
 1.3000e-02    2.1033e+01   -1.1150e+00    1.8867e+00
 1.4000e-02    2.2153e+01   -1.0985e+00    1.8849e+00
 1.5000e-02    2.3235e+01   -1.0825e+00    1.8831e+00
 1.6000e-02    2.4281e+01   -1.0669e+00    1.8812e+00
 1.7000e-02    2.5293e+01   -1.0518e+00    1.8794e+00
 1.8000e-02    2.6273e+01   -1.0371e+00    1.8777e+00
 1.9000e-02    2.7224e+01   -1.0228e+00    1.8760e+00
 2.0000e-02    2.8145e+01   -1.0089e+00    1.8747e+00
 2.1000e-02    2.9039e+01   -9.9536e-01    1.8727e+00
 2.2000e-02    2.9907e+01   -9.8217e-01    1.8711e+00
 2.3000e-02    3.0751e+01   -9.6933e-01    1.8696e+00
 2.4000e-02    3.1571e+01   -9.5684e-01    1.8676e+00
 2.5000e-02    3.2369e+01   -9.4468e-01    1.8661e+00
 2.6000e-02    3.3146e+01   -9.3282e-01    1.8650e+00
 2.7000e-02    3.3902e+01   -9.2126e-01    1.8637e+00
 2.8000e-02    3.4639e+01   -9.1000e-01    1.8617e+00
 2.9000e-02    3.5356e+01   -8.9904e-01    1.8601e+00
 3.0000e-02    3.6056e+01   -8.8836e-01    1.8590e+00
 3.1000e-02    3.6738e+01   -8.7793e-01    1.8571e+00
 3.2000e-02    3.7404e+01   -8.6778e-01    1.8556e+00
 3.3000e-02    3.8054e+01   -8.5787e-01    1.8546e+00
 3.4000e-02    3.8689e+01   -8.4819e-01    1.8538e+00
 3.5000e-02    3.9309e+01   -8.3874e-01    1.8515e+00
 3.6000e-02    3.9916e+01   -8.2951e-01    1.8502e+00
 3.7000e-02    4.0509e+01   -8.2049e-01    1.8494e+00
 3.8000e-02    4.1091e+01   -8.1172e-01    1.8478e+00
 3.9000e-02    4.1660e+01   -8.0312e-01    1.8461e+00
 4.0000e-02    4.2217e+01   -7.9472e-01    1.8450e+00
 4.1000e-02    4.2763e+01   -7.8651e-01    1.8435e+00
 4.2000e-02    4.3299e+01   -7.7849e-01    1.8428e+00
 4.3000e-02    4.3824e+01   -7.7067e-01    1.8412e+00
 4.4000e-02    4.4339e+01   -7.6302e-01    1.8398e+00
 4.5000e-02    4.4844e+01   -7.5555e-01    1.8389e+00
 4.6000e-02    4.5341e+01   -7.4825e-01    1.8375e+00
 4.7000e-02    4.5828e+01   -7.4108e-01    1.8368e+00
 4.8000e-02    4.6308e+01   -7.3408e-01    1.8346e+00
 4.9000e-02    4.6779e+01   -7.2721e-01    1.8342e+00
 5.0000e-02    4.7243e+01   -7.2051e-01    1.8326e+00
 5.1000e-02    4.7700e+01   -7.1395e-01    1.8314e+00
 5.2000e-02    4.8151e+01   -7.0751e-01    1.8304e+00
 5.3000e-02    4.8595e+01   -7.0118e-01    1.8294e+00
 5.4000e-02    4.9032e+01   -6.9496e-01    1.8281e+00
 5.5000e-02    4.9464e+01   -6.8885e-01    1.8264e+00
 5.6000e-02    4.9890e+01   -6.8286e-01    1.8257e+00
 5.7000e-02    5.0310e+01   -6.7698e-01    1.8247e+00
 5.8000e-02    5.0726e+01   -6.7119e-01    1.8234e+00
 5.9000e-02    5.1136e+01   -6.6548e-01    1.8220e+00
 6.0000e-02    5.1541e+01   -6.5988e-01    1.8216e+00
 6.1000e-02    5.1942e+01   -6.5433e-01    1.8202e+00
 6.2000e-02    5.2337e+01   -6.4886e-01    1.8181e+00
 6.3000e-02    5.2729e+01   -6.4349e-01    1.8177e+00
 6.4000e-02    5.3115e+01   -6.3819e-01    1.8167e+00
 6.5000e-02    5.3498e+01   -6.3297e-01    1.8158e+00
 6.6000e-02    5.3876e+01   -6.2783e-01    1.8139e+00
 6.7000e-02    5.4250e+01   -6.2273e-01    1.8132e+00
 6.8000e-02    5.4620e+01   -6.1773e-01    1.8120e+00
 6.9000e-02    5.4987e+01   -6.1282e-01    1.8111e+00
 7.0000e-02    5.5349e+01   -6.0797e-01    1.8097e+00
 7.1000e-02    5.5708e+01   -6.0321e-01    1.8086e+00
 7.2000e-02    5.6063e+01   -5.9854e-01    1.8077e+00
 7.3000e-02    5.6414e+01   -5.9392e-01    1.8067e+00
 7.4000e-02    5.6762e+01   -5.8937e-01    1.8051e+00
 7.5000e-02    5.7106e+01   -5.8492e-01    1.8048e+00
 7.6000e-02    5.7446e+01   -5.8053e-01    1.8025e+00
 7.7000e-02    5.7783e+01   -5.7621e-01    1.8026e+00
 7.8000e-02    5.8117e+01   -5.7196e-01    1.8011e+00
 7.9000e-02    5.8447e+01   -5.6773e-01    1.7998e+00
 8.0000e-02    5.8774e+01   -5.6357e-01    1.7989e+00
 8.1000e-02    5.9099e+01   -5.5944e-01    1.7974e+00
 8.2000e-02    5.9421e+01   -5.5538e-01    1.7966e+00
 8.3000e-02    5.9740e+01   -5.5136e-01    1.7959e+00
 8.4000e-02    6.0057e+01   -5.4741e-01    1.7948e+00
 8.5000e-02    6.0371e+01   -5.4353e-01    1.7934e+00
 8.6000e-02    6.0682e+01   -5.3971e-01    1.7924e+00
 8.7000e-02    6.0991e+01   -5.3596e-01    1.7916e+00
 8.8000e-02    6.1297e+01   -5.3224e-01    1.7901e+00
 8.9000e-02    6.1601e+01   -5.2857e-01    1.7892e+00
 9.0000e-02    6.1902e+01   -5.2496e-01    1.7882e+00
 9.1000e-02    6.2201e+01   -5.2141e-01    1.7868e+00
 9.2000e-02    6.2498e+01   -5.1792e-01    1.7860e+00
 9.3000e-02    6.2792e+01   -5.1451e-01    1.7848e+00
 9.4000e-02    6.3083e+01   -5.1115e-01    1.7840e+00
 9.5000e-02    6.3372e+01   -5.0781e-01    1.7827e+00
 9.6000e-02    6.3658e+01   -5.0451e-01    1.7817e+00
 9.7000e-02    6.3943e+01   -5.0127e-01    1.7806e+00
 9.8000e-02    6.4225e+01   -4.9808e-01    1.7799e+00
 9.9000e-02    6.4505e+01   -4.9491e-01    1.7785e+00
 1.0000e-01    6.4783e+01   -4.9180e-01    1.7775e+00
 1.0100e-01    6.5059e+01   -4.8874e-01    1.7764e+00
 1.0200e-01    6.5333e+01   -4.8575e-01    1.7755e+00
 1.0300e-01    6.5604e+01   -4.8280e-01    1.7746e+00
 1.0400e-01    6.5873e+01   -4.7990e-01    1.7733e+00
 1.0500e-01    6.6141e+01   -4.7704e-01    1.7724e+00
 1.0600e-01    6.6406e+01   -4.7420e-01    1.7712e+00
 1.0700e-01    6.6668e+01   -4.7141e-01    1.7702e+00
 1.0800e-01    6.6929e+01   -4.6865e-01    1.7690e+00
 1.0900e-01    6.7188e+01   -4.6594e-01    1.7682e+00
 1.1000e-01    6.7445e+01   -4.6327e-01    1.7670e+00
 1.1100e-01    6.7700e+01   -4.6062e-01    1.7658e+00
 1.1200e-01    6.7953e+01   -4.5804e-01    1.7651e+00
 1.1300e-01    6.8205e+01   -4.5548e-01    1.7639e+00
 1.1400e-01    6.8455e+01   -4.5298e-01    1.7631e+00
 1.1500e-01    6.8704e+01   -4.5050e-01    1.7621e+00
 1.1600e-01    6.8952e+01   -4.4807e-01    1.7610e+00
 1.1700e-01    6.9198e+01   -4.4563e-01    1.7595e+00
 1.1800e-01    6.9444e+01   -4.4317e-01    1.7589e+00
 1.1900e-01    6.9689e+01   -4.4074e-01    1.7575e+00
 1.2000e-01    6.9931e+01   -4.3838e-01    1.7566e+00
 1.2100e-01    7.0173e+01   -4.3596e-01    1.7558e+00
 1.2200e-01    7.0414e+01   -4.3356e-01    1.7549e+00
 1.2300e-01    7.0653e+01   -4.3118e-01    1.7531e+00
 1.2400e-01    7.0891e+01   -4.2883e-01    1.7525e+00
 1.2500e-01    7.1128e+01   -4.2644e-01    1.7516e+00
 1.2600e-01    7.1364e+01   -4.2409e-01    1.7503e+00
 1.2700e-01    7.1599e+01   -4.2174e-01    1.7494e+00
 1.2800e-01    7.1834e+01   -4.1936e-01    1.7485e+00
 1.2900e-01    7.2067e+01   -4.1701e-01    1.7472e+00
 1.3000e-01    7.2300e+01   -4.1470e-01    1.7463e+00
 1.3100e-01    7.2532e+01   -4.1238e-01    1.7452e+00
 1.3200e-01    7.2762e+01   -4.1011e-01    1.7441e+00
 1.3300e-01    7.2992e+01   -4.0783e-01    1.7430e+00
 1.3400e-01    7.3220e+01   -4.0560e-01    1.7418e+00
 1.3500e-01    7.3446e+01   -4.0342e-01    1.7411e+00
 1.3600e-01    7.3671e+01   -4.0127e-01    1.7399e+00
 1.3700e-01    7.3894e+01   -3.9920e-01    1.7388e+00
 1.3800e-01    7.4115e+01   -3.9718e-01    1.7379e+00
 1.3900e-01    7.4333e+01   -3.9524e-01    1.7366e+00
 1.4000e-01    7.4550e+01   -3.9335e-01    1.7357e+00
 1.4100e-01    7.4764e+01   -3.9157e-01    1.7348e+00
 1.4200e-01    7.4977e+01   -3.8975e-01    1.7335e+00
 1.4300e-01    7.5188e+01   -3.8808e-01    1.7329e+00
 1.4400e-01    7.5398e+01   -3.8655e-01    1.7315e+00
 1.4500e-01    7.5606e+01   -3.8504e-01    1.7306e+00
 1.4600e-01    7.5813e+01   -3.8358e-01    1.7297e+00
 1.4700e-01    7.6018e+01   -3.8222e-01    1.7286e+00
 1.4800e-01    7.6222e+01   -3.8087e-01    1.7276e+00
 1.4900e-01    7.6425e+01   -3.7951e-01    1.7262e+00
 1.5000e-01    7.6627e+01   -3.7818e-01    1.7256e+00
 1.5100e-01    7.6829e+01   -3.7678e-01    1.7248e+00
 1.5200e-01    7.7031e+01   -3.7536e-01    1.7232e+00
 1.5300e-01    7.7232e+01   -3.7386e-01    1.7224e+00
 1.5400e-01    7.7434e+01   -3.7244e-01    1.7215e+00
 1.5500e-01    7.7636e+01   -3.7088e-01    1.7202e+00
 1.5600e-01    7.7839e+01   -3.6917e-01    1.7196e+00
 1.5700e-01    7.8042e+01   -3.6745e-01    1.7183e+00
 1.5800e-01    7.8245e+01   -3.6569e-01    1.7173e+00
 1.5900e-01    7.8448e+01   -3.6392e-01    1.7164e+00
 1.6000e-01    7.8651e+01   -3.6210e-01    1.7153e+00
 1.6100e-01    7.8854e+01   -3.6025e-01    1.7138e+00
 1.6200e-01    7.9056e+01   -3.5840e-01    1.7133e+00
 1.6300e-01    7.9256e+01   -3.5665e-01    1.7122e+00
 1.6400e-01    7.9456e+01   -3.5489e-01    1.7108e+00
 1.6500e-01    7.9654e+01   -3.5311e-01    1.7100e+00
 1.6600e-01    7.9850e+01   -3.5139e-01    1.7087e+00
 1.6700e-01    8.0046e+01   -3.4974e-01    1.7079e+00
 1.6800e-01    8.0240e+01   -3.4811e-01    1.7068e+00
 1.6900e-01    8.0432e+01   -3.4659e-01    1.7057e+00
 1.7000e-01    8.0622e+01   -3.4517e-01    1.7048e+00
 1.7100e-01    8.0810e+01   -3.4385e-01    1.7037e+00
 1.7200e-01    8.0996e+01   -3.4251e-01    1.7026e+00
 1.7300e-01    8.1180e+01   -3.4138e-01    1.7013e+00
 1.7400e-01    8.1364e+01   -3.4021e-01    1.7007e+00
 1.7500e-01    8.1546e+01   -3.3896e-01    1.6996e+00
 1.7600e-01    8.1729e+01   -3.3769e-01    1.6982e+00
 1.7700e-01    8.1910e+01   -3.3653e-01    1.6974e+00
 1.7800e-01    8.2092e+01   -3.3529e-01    1.6964e+00
 1.7900e-01    8.2274e+01   -3.3392e-01    1.6952e+00
 1.8000e-01    8.2455e+01   -3.3251e-01    1.6941e+00
 1.8100e-01    8.2636e+01   -3.3113e-01    1.6933e+00
 1.8200e-01    8.2816e+01   -3.2966e-01    1.6923e+00
 1.8300e-01    8.2996e+01   -3.2825e-01    1.6910e+00
 1.8400e-01    8.3176e+01   -3.2685e-01    1.6902e+00
 1.8500e-01    8.3355e+01   -3.2542e-01    1.6888e+00
 1.8600e-01    8.3533e+01   -3.2403e-01    1.6878e+00
 1.8700e-01    8.3711e+01   -3.2263e-01    1.6870e+00
 1.8800e-01    8.3888e+01   -3.2125e-01    1.6857e+00
 1.8900e-01    8.4063e+01   -3.1997e-01    1.6846e+00
 1.9000e-01    8.4237e+01   -3.1871e-01    1.6836e+00
 1.9100e-01    8.4410e+01   -3.1752e-01    1.6825e+00
 1.9200e-01    8.4582e+01   -3.1646e-01    1.6814e+00
 1.9300e-01    8.4753e+01   -3.1548e-01    1.6808e+00
 1.9400e-01    8.4923e+01   -3.1446e-01    1.6794e+00
 1.9500e-01    8.5093e+01   -3.1346e-01    1.6784e+00
 1.9600e-01    8.5263e+01   -3.1249e-01    1.6775e+00
 1.9700e-01    8.5433e+01   -3.1139e-01    1.6763e+00
 1.9800e-01    8.5603e+01   -3.1017e-01    1.6753e+00
 1.9900e-01    8.5773e+01   -3.0887e-01    1.6742e+00
 2.0000e-01    8.5943e+01   -3.0762e-01    1.6732e+00
 2.0100e-01    8.6112e+01   -3.0628e-01    1.6720e+00
 2.0200e-01    8.6281e+01   -3.0492e-01    1.6711e+00
 2.0300e-01    8.6448e+01   -3.0367e-01    1.6701e+00
 2.0400e-01    8.6615e+01   -3.0235e-01    1.6686e+00
 2.0500e-01    8.6780e+01   -3.0111e-01    1.6679e+00
 2.0600e-01    8.6944e+01   -3.0011e-01    1.6670e+00
 2.0700e-01    8.7107e+01   -2.9910e-01    1.6658e+00
 2.0800e-01    8.7269e+01   -2.9826e-01    1.6648e+00
 2.0900e-01    8.7430e+01   -2.9758e-01    1.6638e+00
 2.1000e-01    8.7591e+01   -2.9692e-01    1.6626e+00
 2.1100e-01    8.7752e+01   -2.9625e-01    1.6618e+00
 2.1200e-01    8.7914e+01   -2.9562e-01    1.6607e+00
 2.1300e-01    8.8078e+01   -2.9478e-01    1.6597e+00
 2.1400e-01    8.8243e+01   -2.9382e-01    1.6586e+00
 2.1500e-01    8.8409e+01   -2.9276e-01    1.6574e+00
 2.1600e-01    8.8577e+01   -2.9152e-01    1.6565e+00
 2.1700e-01    8.8745e+01   -2.9032e-01    1.6554e+00
 2.1800e-01    8.8914e+01   -2.8909e-01    1.6542e+00
 2.1900e-01    8.9082e+01   -2.8769e-01    1.6532e+00
 2.2000e-01    8.9250e+01   -2.8629e-01    1.6520e+00
 2.2100e-01    8.9416e+01   -2.8494e-01    1.6511e+00
 2.2200e-01    8.9581e+01   -2.8358e-01    1.6497e+00
 2.2300e-01    8.9744e+01   -2.8227e-01    1.6486e+00
 2.2400e-01    8.9905e+01   -2.8114e-01    1.6476e+00
 2.2500e-01    9.0063e+01   -2.8007e-01    1.6464e+00
 2.2600e-01    9.0219e+01   -2.7919e-01    1.6455e+00
 2.2700e-01    9.0371e+01   -2.7846e-01    1.6445e+00
 2.2800e-01    9.0522e+01   -2.7781e-01    1.6433e+00
 2.2900e-01    9.0672e+01   -2.7716e-01    1.6423e+00
 2.3000e-01    9.0821e+01   -2.7668e-01    1.6415e+00
 2.3100e-01    9.0970e+01   -2.7622e-01    1.6404e+00
 2.3200e-01    9.1119e+01   -2.7564e-01    1.6394e+00
 2.3300e-01    9.1268e+01   -2.7490e-01    1.6381e+00
 2.3400e-01    9.1419e+01   -2.7422e-01    1.6375e+00
 2.3500e-01    9.1571e+01   -2.7339e-01    1.6362e+00
 2.3600e-01    9.1725e+01   -2.7234e-01    1.6352e+00
 2.3700e-01    9.1880e+01   -2.7117e-01    1.6341e+00
 2.3800e-01    9.2035e+01   -2.6987e-01    1.6331e+00
 2.3900e-01    9.2191e+01   -2.6867e-01    1.6320e+00
 2.4000e-01    9.2346e+01   -2.6741e-01    1.6309e+00
 2.4100e-01    9.2500e+01   -2.6629e-01    1.6300e+00
 2.4200e-01    9.2652e+01   -2.6513e-01    1.6287e+00
 2.4300e-01    9.2803e+01   -2.6424e-01    1.6277e+00
 2.4400e-01    9.2951e+01   -2.6352e-01    1.6265e+00
 2.4500e-01    9.3096e+01   -2.6289e-01    1.6257e+00
 2.4600e-01    9.3241e+01   -2.6239e-01    1.6245e+00
 2.4700e-01    9.3384e+01   -2.6202e-01    1.6234e+00
 2.4800e-01    9.3527e+01   -2.6142e-01    1.6223e+00
 2.4900e-01    9.3671e+01   -2.6081e-01    1.6215e+00
 2.5000e-01    9.3816e+01   -2.6010e-01    1.6205e+00
 2.5100e-01    9.3963e+01   -2.5927e-01    1.6193e+00
 2.5200e-01    9.4111e+01   -2.5811e-01    1.6184e+00
 2.5300e-01    9.4261e+01   -2.5686e-01    1.6173e+00
 2.5400e-01    9.4411e+01   -2.5571e-01    1.6161e+00
 2.5500e-01    9.4560e+01   -2.5457e-01    1.6150e+00
 2.5600e-01    9.4708e+01   -2.5337e-01    1.6139e+00
 2.5700e-01    9.4855e+01   -2.5235e-01    1.6129e+00
 2.5800e-01    9.4999e+01   -2.5144e-01    1.6118e+00
 2.5900e-01    9.5142e+01   -2.5065e-01    1.6107e+00
 2.6000e-01    9.5283e+01   -2.5004e-01    1.6095e+00
 2.6100e-01    9.5422e+01   -2.4955e-01    1.6089e+00
 2.6200e-01    9.5559e+01   -2.4914e-01    1.6077e+00
 2.6300e-01    9.5695e+01   -2.4871e-01    1.6064e+00
 2.6400e-01    9.5831e+01   -2.4826e-01    1.6056e+00
 2.6500e-01    9.5967e+01   -2.4766e-01    1.6044e+00
 2.6600e-01    9.6104e+01   -2.4713e-01    1.6035e+00
 2.6700e-01    9.6241e+01   -2.4642e-01    1.6025e+00
 2.6800e-01    9.6380e+01   -2.4551e-01    1.6013e+00
 2.6900e-01    9.6519e+01   -2.4457e-01    1.6003e+00
 2.7000e-01    9.6659e+01   -2.4345e-01    1.5992e+00
 2.7100e-01    9.6798e+01   -2.4230e-01    1.5982e+00
 2.7200e-01    9.6936e+01   -2.4122e-01    1.5972e+00
 2.7300e-01    9.7071e+01   -2.4034e-01    1.5962e+00
 2.7400e-01    9.7205e+01   -2.3955e-01    1.5950e+00
 2.7500e-01    9.7336e+01   -2.3896e-01    1.5939e+00
 2.7600e-01    9.7466e+01   -2.3857e-01    1.5931e+00
 2.7700e-01    9.7594e+01   -2.3826e-01    1.5918e+00
 2.7800e-01    9.7721e+01   -2.3800e-01    1.5907e+00
 2.7900e-01    9.7850e+01   -2.3768e-01    1.5897e+00
 2.8000e-01    9.7979e+01   -2.3731e-01    1.5887e+00
 2.8100e-01    9.8109e+01   -2.3675e-01    1.5876e+00
 2.8200e-01    9.8241e+01   -2.3606e-01    1.5866e+00
 2.8300e-01    9.8374e+01   -2.3522e-01    1.5856e+00
 2.8400e-01    9.8507e+01   -2.3440e-01    1.5846e+00
 2.8500e-01    9.8640e+01   -2.3349e-01    1.5833e+00
 2.8600e-01    9.8772e+01   -2.3265e-01    1.5824e+00
 2.8700e-01    9.8903e+01   -2.3182e-01    1.5811e+00
 2.8800e-01    9.9031e+01   -2.3104e-01    1.5801e+00
 2.8900e-01    9.9156e+01   -2.3058e-01    1.5791e+00
 2.9000e-01    9.9280e+01   -2.3010e-01    1.5782e+00
 2.9100e-01    9.9402e+01   -2.2984e-01    1.5769e+00
 2.9200e-01    9.9525e+01   -2.2957e-01    1.5760e+00
 2.9300e-01    9.9648e+01   -2.2915e-01    1.5748e+00
 2.9400e-01    9.9773e+01   -2.2865e-01    1.5740e+00
 2.9500e-01    9.9900e+01   -2.2804e-01    1.5729e+00
 2.9600e-01    1.0003e+02   -2.2724e-01    1.5719e+00
 2.9700e-01    1.0016e+02   -2.2654e-01    1.5706e+00
 2.9800e-01    1.0028e+02   -2.2572e-01    1.5699e+00
 2.9900e-01    1.0041e+02   -2.2488e-01    1.5687e+00
 3.0000e-01    1.0054e+02   -2.2400e-01    1.5676e+00
 3.0100e-01    1.0067e+02   -2.2323e-01    1.5665e+00
 3.0200e-01    1.0079e+02   -2.2248e-01    1.5655e+00
 3.0300e-01    1.0091e+02   -2.2178e-01    1.5644e+00
 3.0400e-01    1.0104e+02   -2.2120e-01    1.5634e+00
 3.0500e-01    1.0116e+02   -2.2063e-01    1.5623e+00
 3.0600e-01    1.0127e+02   -2.2031e-01    1.5613e+00
 3.0700e-01    1.0139e+02   -2.1992e-01    1.5601e+00
 3.0800e-01    1.0151e+02   -2.1948e-01    1.5594e+00
 3.0900e-01    1.0163e+02   -2.1902e-01    1.5581e+00
 3.1000e-01    1.0175e+02   -2.1829e-01    1.5570e+00
 3.1100e-01    1.0187e+02   -2.1757e-01    1.5562e+00
 3.1200e-01    1.0199e+02   -2.1676e-01    1.5551e+00
 3.1300e-01    1.0211e+02   -2.1596e-01    1.5540e+00
 3.1400e-01    1.0223e+02   -2.1536e-01    1.5530e+00
 3.1500e-01    1.0235e+02   -2.1486e-01    1.5519e+00
 3.1600e-01    1.0246e+02   -2.1442e-01    1.5510e+00
 3.1700e-01    1.0258e+02   -2.1398e-01    1.5500e+00
 3.1800e-01    1.0269e+02   -2.1353e-01    1.5489e+00
 3.1900e-01    1.0280e+02   -2.1310e-01    1.5479e+00
 3.2000e-01    1.0292e+02   -2.1259e-01    1.5467e+00
 3.2100e-01    1.0303e+02   -2.1191e-01    1.5458e+00
 3.2200e-01    1.0315e+02   -2.1109e-01    1.5447e+00
 3.2300e-01    1.0326e+02   -2.1039e-01    1.5438e+00
 3.2400e-01    1.0337e+02   -2.0967e-01    1.5426e+00
 3.2500e-01    1.0349e+02   -2.0920e-01    1.5417e+00
 3.2600e-01    1.0360e+02   -2.0899e-01    1.5409e+00
 3.2700e-01    1.0371e+02   -2.0876e-01    1.5399e+00
 3.2800e-01    1.0382e+02   -2.0843e-01    1.5387e+00
 3.2900e-01    1.0393e+02   -2.0790e-01    1.5377e+00
 3.3000e-01    1.0404e+02   -2.0737e-01    1.5367e+00
 3.3100e-01    1.0415e+02   -2.0686e-01    1.5355e+00
 3.3200e-01    1.0426e+02   -2.0637e-01    1.5348e+00
 3.3300e-01    1.0438e+02   -2.0568e-01    1.5335e+00
 3.3400e-01    1.0449e+02   -2.0497e-01    1.5325e+00
 3.3500e-01    1.0460e+02   -2.0435e-01    1.5315e+00
 3.3600e-01    1.0471e+02   -2.0374e-01    1.5305e+00
 3.3700e-01    1.0482e+02   -2.0307e-01    1.5294e+00
 3.3800e-01    1.0492e+02   -2.0241e-01    1.5284e+00
 3.3900e-01    1.0503e+02   -2.0188e-01    1.5273e+00
 3.4000e-01    1.0514e+02   -2.0156e-01    1.5264e+00
 3.4100e-01    1.0524e+02   -2.0136e-01    1.5251e+00
 3.4200e-01    1.0534e+02   -2.0114e-01    1.5243e+00
 3.4300e-01    1.0544e+02   -2.0093e-01    1.5233e+00
 3.4400e-01    1.0555e+02   -2.0049e-01    1.5223e+00
 3.4500e-01    1.0565e+02   -1.9995e-01    1.5212e+00
 3.4600e-01    1.0576e+02   -1.9930e-01    1.5201e+00
 3.4700e-01    1.0586e+02   -1.9864e-01    1.5193e+00
 3.4800e-01    1.0597e+02   -1.9804e-01    1.5181e+00
 3.4900e-01    1.0607e+02   -1.9767e-01    1.5171e+00
 3.5000e-01    1.0617e+02   -1.9737e-01    1.5163e+00
 3.5100e-01    1.0628e+02   -1.9725e-01    1.5152e+00
 3.5200e-01    1.0638e+02   -1.9714e-01    1.5142e+00
 3.5300e-01    1.0648e+02   -1.9709e-01    1.5131e+00
 3.5400e-01    1.0658e+02   -1.9693e-01    1.5122e+00
 3.5500e-01    1.0668e+02   -1.9658e-01    1.5111e+00
 3.5600e-01    1.0679e+02   -1.9607e-01    1.5102e+00
 3.5700e-01    1.0689e+02   -1.9539e-01    1.5091e+00
 3.5800e-01    1.0700e+02   -1.9473e-01    1.5081e+00
 3.5900e-01    1.0710e+02   -1.9414e-01    1.5069e+00
 3.6000e-01    1.0721e+02   -1.9366e-01    1.5060e+00
 3.6100e-01    1.0731e+02   -1.9305e-01    1.5049e+00
 3.6200e-01    1.0742e+02   -1.9255e-01    1.5040e+00
 3.6300e-01    1.0752e+02   -1.9201e-01    1.5028e+00
 3.6400e-01    1.0762e+02   -1.9149e-01    1.5018e+00
 3.6500e-01    1.0773e+02   -1.9096e-01    1.5008e+00
 3.6600e-01    1.0783e+02   -1.9055e-01    1.4995e+00
 3.6700e-01    1.0793e+02   -1.9021e-01    1.4988e+00
 3.6800e-01    1.0803e+02   -1.8978e-01    1.4978e+00
 3.6900e-01    1.0813e+02   -1.8933e-01    1.4967e+00
 3.7000e-01    1.0823e+02   -1.8883e-01    1.4957e+00
 3.7100e-01    1.0834e+02   -1.8839e-01    1.4947e+00
 3.7200e-01    1.0844e+02   -1.8794e-01    1.4935e+00
 3.7300e-01    1.0854e+02   -1.8753e-01    1.4927e+00
 3.7400e-01    1.0864e+02   -1.8715e-01    1.4914e+00
 3.7500e-01    1.0873e+02   -1.8679e-01    1.4904e+00
 3.7600e-01    1.0883e+02   -1.8644e-01    1.4894e+00
 3.7700e-01    1.0893e+02   -1.8615e-01    1.4884e+00
 3.7800e-01    1.0903e+02   -1.8557e-01    1.4872e+00
 3.7900e-01    1.0913e+02   -1.8509e-01    1.4863e+00
 3.8000e-01    1.0923e+02   -1.8456e-01    1.4853e+00
 3.8100e-01    1.0932e+02   -1.8412e-01    1.4842e+00
 3.8200e-01    1.0942e+02   -1.8375e-01    1.4833e+00
 3.8300e-01    1.0952e+02   -1.8342e-01    1.4824e+00
 3.8400e-01    1.0961e+02   -1.8319e-01    1.4812e+00
 3.8500e-01    1.0970e+02   -1.8295e-01    1.4803e+00
 3.8600e-01    1.0980e+02   -1.8265e-01    1.4793e+00
 3.8700e-01    1.0989e+02   -1.8237e-01    1.4782e+00
 3.8800e-01    1.0998e+02   -1.8207e-01    1.4772e+00
 3.8900e-01    1.1008e+02   -1.8153e-01    1.4763e+00
 3.9000e-01    1.1017e+02   -1.8098e-01    1.4752e+00
 3.9100e-01    1.1027e+02   -1.8039e-01    1.4741e+00
 3.9200e-01    1.1037e+02   -1.7989e-01    1.4732e+00
 3.9300e-01    1.1046e+02   -1.7954e-01    1.4721e+00
 3.9400e-01    1.1055e+02   -1.7941e-01    1.4711e+00
 3.9500e-01    1.1064e+02   -1.7936e-01    1.4702e+00
 3.9600e-01    1.1073e+02   -1.7941e-01    1.4693e+00
 3.9700e-01    1.1083e+02   -1.7925e-01    1.4683e+00
 3.9800e-01    1.1092e+02   -1.7879e-01    1.4672e+00
 3.9900e-01    1.1102e+02   -1.7801e-01    1.4663e+00
 4.0000e-01    1.1111e+02   -1.7709e-01    1.4652e+00
 4.0100e-01    1.1120e+02   -1.7639e-01    1.4642e+00
 4.0200e-01    1.1129e+02   -1.7601e-01    1.4632e+00
 4.0300e-01    1.1138e+02   -1.7597e-01    1.4622e+00
 4.0400e-01    1.1147e+02   -1.7609e-01    1.4614e+00
 4.0500e-01    1.1155e+02   -1.7609e-01    1.4603e+00
 4.0600e-01    1.1164e+02   -1.7605e-01    1.4593e+00
 4.0700e-01    1.1172e+02   -1.7567e-01    1.4583e+00
 4.0800e-01    1.1181e+02   -1.7500e-01    1.4572e+00
 4.0900e-01    1.1191e+02   -1.7417e-01    1.4562e+00
 4.1000e-01    1.1200e+02   -1.7364e-01    1.4551e+00
 4.1100e-01    1.1209e+02   -1.7336e-01    1.4543e+00
 4.1200e-01    1.1218e+02   -1.7315e-01    1.4534e+00
 4.1300e-01    1.1227e+02   -1.7295e-01    1.4524e+00
 4.1400e-01    1.1235e+02   -1.7262e-01    1.4513e+00
 4.1500e-01    1.1244e+02   -1.7231e-01    1.4504e+00
 4.1600e-01    1.1253e+02   -1.7205e-01    1.4492e+00
 4.1700e-01    1.1262e+02   -1.7167e-01    1.4485e+00
 4.1800e-01    1.1270e+02   -1.7132e-01    1.4473e+00
 4.1900e-01    1.1279e+02   -1.7095e-01    1.4463e+00
 4.2000e-01    1.1288e+02   -1.7054e-01    1.4453e+00
 4.2100e-01    1.1296e+02   -1.7024e-01    1.4444e+00
 4.2200e-01    1.1305e+02   -1.7009e-01    1.4435e+00
 4.2300e-01    1.1313e+02   -1.6983e-01    1.4423e+00
 4.2400e-01    1.1321e+02   -1.6977e-01    1.4414e+00
 4.2500e-01    1.1329e+02   -1.6984e-01    1.4407e+00
 4.2600e-01    1.1338e+02   -1.6950e-01    1.4396e+00
 4.2700e-01    1.1346e+02   -1.6883e-01    1.4387e+00
 4.2800e-01    1.1355e+02   -1.6832e-01    1.4376e+00
 4.2900e-01    1.1363e+02   -1.6802e-01    1.4366e+00
 4.3000e-01    1.1371e+02   -1.6784e-01    1.4356e+00
 4.3100e-01    1.1379e+02   -1.6782e-01    1.4346e+00
 4.3200e-01    1.1387e+02   -1.6773e-01    1.4339e+00
 4.3300e-01    1.1396e+02   -1.6732e-01    1.4328e+00
 4.3400e-01    1.1404e+02   -1.6682e-01    1.4319e+00
 4.3500e-01    1.1412e+02   -1.6640e-01    1.4309e+00
 4.3600e-01    1.1421e+02   -1.6606e-01    1.4299e+00
 4.3700e-01    1.1429e+02   -1.6589e-01    1.4289e+00
 4.3800e-01    1.1437e+02   -1.6595e-01    1.4279e+00
 4.3900e-01    1.1444e+02   -1.6606e-01    1.4271e+00
 4.4000e-01    1.1452e+02   -1.6587e-01    1.4262e+00
 4.4100e-01    1.1461e+02   -1.6531e-01    1.4252e+00
 4.4200e-01    1.1469e+02   -1.6467e-01    1.4242e+00
 4.4300e-01    1.1477e+02   -1.6421e-01    1.4233e+00
 4.4400e-01    1.1485e+02   -1.6393e-01    1.4224e+00
 4.4500e-01    1.1493e+02   -1.6383e-01    1.4214e+00
 4.4600e-01    1.1501e+02   -1.6361e-01    1.4205e+00
 4.4700e-01    1.1509e+02   -1.6319e-01    1.4196e+00
 4.4800e-01    1.1517e+02   -1.6259e-01    1.4184e+00
 4.4900e-01    1.1525e+02   -1.6201e-01    1.4176e+00
 4.5000e-01    1.1533e+02   -1.6166e-01    1.4166e+00
 4.5100e-01    1.1541e+02   -1.6160e-01    1.4155e+00
 4.5200e-01    1.1549e+02   -1.6164e-01    1.4145e+00
 4.5300e-01    1.1557e+02   -1.6172e-01    1.4136e+00
 4.5400e-01    1.1564e+02   -1.6160e-01    1.4126e+00
 4.5500e-01    1.1572e+02   -1.6126e-01    1.4119e+00
 4.5600e-01    1.1580e+02   -1.6095e-01    1.4110e+00
 4.5700e-01    1.1588e+02   -1.6059e-01    1.4100e+00
 4.5800e-01    1.1596e+02   -1.6033e-01    1.4090e+00
 4.5900e-01    1.1604e+02   -1.6024e-01    1.4081e+00
 4.6000e-01    1.1611e+02   -1.6021e-01    1.4071e+00
 4.6100e-01    1.1619e+02   -1.6011e-01    1.4062e+00
 4.6200e-01    1.1627e+02   -1.5981e-01    1.4053e+00
 4.6300e-01    1.1635e+02   -1.5940e-01    1.4043e+00
 4.6400e-01    1.1643e+02   -1.5888e-01    1.4035e+00
 4.6500e-01    1.1650e+02   -1.5857e-01    1.4025e+00
 4.6600e-01    1.1658e+02   -1.5869e-01    1.4016e+00
 4.6700e-01    1.1666e+02   -1.5879e-01    1.4007e+00
 4.6800e-01    1.1673e+02   -1.5869e-01    1.3998e+00
 4.6900e-01    1.1681e+02   -1.5830e-01    1.3989e+00
 4.7000e-01    1.1689e+02   -1.5771e-01    1.3980e+00
 4.7100e-01    1.1697e+02   -1.5698e-01    1.3969e+00
 4.7200e-01    1.1705e+02   -1.5656e-01    1.3959e+00
 4.7300e-01    1.1713e+02   -1.5658e-01    1.3949e+00
 4.7400e-01    1.1720e+02   -1.5680e-01    1.3941e+00
 4.7500e-01    1.1727e+02   -1.5678e-01    1.3931e+00
 4.7600e-01    1.1735e+02   -1.5650e-01    1.3923e+00
 4.7700e-01    1.1743e+02   -1.5595e-01    1.3913e+00
 4.7800e-01    1.1751e+02   -1.5536e-01    1.3904e+00
 4.7900e-01    1.1758e+02   -1.5494e-01    1.3896e+00
 4.8000e-01    1.1766e+02   -1.5488e-01    1.3885e+00
 4.8100e-01    1.1773e+02   -1.5506e-01    1.3876e+00
 4.8200e-01    1.1780e+02   -1.5515e-01    1.3866e+00
 4.8300e-01    1.1788e+02   -1.5465e-01    1.3858e+00
 4.8400e-01    1.1796e+02   -1.5397e-01    1.3848e+00
 4.8500e-01    1.1803e+02   -1.5337e-01    1.3839e+00
 4.8600e-01    1.1811e+02   -1.5319e-01    1.3829e+00
 4.8700e-01    1.1818e+02   -1.5330e-01    1.3821e+00
 4.8800e-01    1.1825e+02   -1.5335e-01    1.3812e+00
 4.8900e-01    1.1832e+02   -1.5332e-01    1.3802e+00
 4.9000e-01    1.1839e+02   -1.5309e-01    1.3794e+00
 4.9100e-01    1.1846e+02   -1.5262e-01    1.3785e+00
 4.9200e-01    1.1854e+02   -1.5237e-01    1.3774e+00
 4.9300e-01    1.1861e+02   -1.5228e-01    1.3767e+00
 4.9400e-01    1.1868e+02   -1.5233e-01    1.3758e+00
 4.9500e-01    1.1875e+02   -1.5214e-01    1.3750e+00
 4.9600e-01    1.1882e+02   -1.5174e-01    1.3739e+00
 4.9700e-01    1.1889e+02   -1.5142e-01    1.3730e+00
 4.9800e-01    1.1896e+02   -1.5104e-01    1.3720e+00
 4.9900e-01    1.1903e+02   -1.5101e-01    1.3711e+00
 5.0000e-01    1.1910e+02   -1.5101e-01    1.3701e+00
 5.0100e-01    1.1917e+02   -1.5078e-01    1.3693e+00
 5.0200e-01    1.1924e+02   -1.5061e-01    1.3684e+00
 5.0300e-01    1.1931e+02   -1.5029e-01    1.3675e+00
 5.0400e-01    1.1938e+02   -1.5001e-01    1.3665e+00
 5.0500e-01    1.1945e+02   -1.4976e-01    1.3657e+00
 5.0600e-01    1.1952e+02   -1.4947e-01    1.3649e+00
 5.0700e-01    1.1958e+02   -1.4945e-01    1.3640e+00
 5.0800e-01    1.1965e+02   -1.4943e-01    1.3631e+00
 5.0900e-01    1.1972e+02   -1.4919e-01    1.3623e+00
 5.1000e-01    1.1979e+02   -1.4886e-01    1.3612e+00
 5.1100e-01    1.1985e+02   -1.4872e-01    1.3604e+00
 5.1200e-01    1.1992e+02   -1.4844e-01    1.3595e+00
 5.1300e-01    1.1999e+02   -1.4813e-01    1.3586e+00
 5.1400e-01    1.2006e+02   -1.4804e-01    1.3578e+00
 5.1500e-01    1.2013e+02   -1.4791e-01    1.3570e+00
 5.1600e-01    1.2019e+02   -1.4749e-01    1.3561e+00
 5.1700e-01    1.2026e+02   -1.4698e-01    1.3551e+00
 5.1800e-01    1.2033e+02   -1.4651e-01    1.3543e+00
 5.1900e-01    1.2040e+02   -1.4601e-01    1.3533e+00
 5.2000e-01    1.2047e+02   -1.4582e-01    1.3526e+00
 5.2100e-01    1.2053e+02   -1.4573e-01    1.3518e+00
 5.2200e-01    1.2060e+02   -1.4567e-01    1.3508e+00
 5.2300e-01    1.2066e+02   -1.4547e-01    1.3499e+00
 5.2400e-01    1.2073e+02   -1.4531e-01    1.3490e+00
 5.2500e-01    1.2079e+02   -1.4481e-01    1.3482e+00
 5.2600e-01    1.2086e+02   -1.4416e-01    1.3473e+00
 5.2700e-01    1.2092e+02   -1.4408e-01    1.3463e+00
 5.2800e-01    1.2098e+02   -1.4451e-01    1.3454e+00
 5.2900e-01    1.2104e+02   -1.4461e-01    1.3445e+00
 5.3000e-01    1.2110e+02   -1.4421e-01    1.3434e+00
 5.3100e-01    1.2117e+02   -1.4370e-01    1.3427e+00
 5.3200e-01    1.2123e+02   -1.4336e-01    1.3418e+00
 5.3300e-01    1.2130e+02   -1.4327e-01    1.3410e+00
 5.3400e-01    1.2136e+02   -1.4325e-01    1.3401e+00
 5.3500e-01    1.2142e+02   -1.4328e-01    1.3394e+00
 5.3600e-01    1.2149e+02   -1.4306e-01    1.3384e+00
 5.3700e-01    1.2155e+02   -1.4290e-01    1.3376e+00
 5.3800e-01    1.2161e+02   -1.4269e-01    1.3367e+00
 5.3900e-01    1.2168e+02   -1.4261e-01    1.3358e+00
 5.4000e-01    1.2174e+02   -1.4240e-01    1.3349e+00
 5.4100e-01    1.2180e+02   -1.4208e-01    1.3339e+00
 5.4200e-01    1.2187e+02   -1.4168e-01    1.3331e+00
 5.4300e-01    1.2193e+02   -1.4142e-01    1.3321e+00
 5.4400e-01    1.2199e+02   -1.4123e-01    1.3311e+00
 5.4500e-01    1.2205e+02   -1.4115e-01    1.3303e+00
 5.4600e-01    1.2211e+02   -1.4105e-01    1.3293e+00
 5.4700e-01    1.2217e+02   -1.4081e-01    1.3283e+00
 5.4800e-01    1.2224e+02   -1.4057e-01    1.3277e+00
 5.4900e-01    1.2230e+02   -1.4018e-01    1.3267e+00
 5.5000e-01    1.2236e+02   -1.3978e-01    1.3258e+00
 5.5100e-01    1.2243e+02   -1.3954e-01    1.3250e+00
 5.5200e-01    1.2249e+02   -1.3963e-01    1.3241e+00
 5.5300e-01    1.2255e+02   -1.3955e-01    1.3232e+00
 5.5400e-01    1.2261e+02   -1.3897e-01    1.3225e+00
 5.5500e-01    1.2267e+02   -1.3852e-01    1.3215e+00
 5.5600e-01    1.2273e+02   -1.3867e-01    1.3207e+00
 5.5700e-01    1.2279e+02   -1.3878e-01    1.3200e+00
 5.5800e-01    1.2284e+02   -1.3852e-01    1.3192e+00
 5.5900e-01    1.2290e+02   -1.3834e-01    1.3182e+00
 5.6000e-01    1.2296e+02   -1.3808e-01    1.3174e+00
 5.6100e-01    1.2302e+02   -1.3805e-01    1.3166e+00
 5.6200e-01    1.2308e+02   -1.3822e-01    1.3159e+00
 5.6300e-01    1.2313e+02   -1.3836e-01    1.3149e+00
 5.6400e-01    1.2319e+02   -1.3822e-01    1.3141e+00
 5.6500e-01    1.2325e+02   -1.3778e-01    1.3132e+00
 5.6600e-01    1.2331e+02   -1.3756e-01    1.3124e+00
 5.6700e-01    1.2337e+02   -1.3749e-01    1.3117e+00
 5.6800e-01    1.2343e+02   -1.3740e-01    1.3108e+00
 5.6900e-01    1.2349e+02   -1.3730e-01    1.3102e+00
 5.7000e-01    1.2355e+02   -1.3708e-01    1.3092e+00
 5.7100e-01    1.2361e+02   -1.3688e-01    1.3084e+00
 5.7200e-01    1.2367e+02   -1.3694e-01    1.3077e+00
 5.7300e-01    1.2373e+02   -1.3653e-01    1.3068e+00
 5.7400e-01    1.2379e+02   -1.3652e-01    1.3060e+00
 5.7500e-01    1.2385e+02   -1.3666e-01    1.3052e+00
 5.7600e-01    1.2390e+02   -1.3644e-01    1.3044e+00
 5.7700e-01    1.2396e+02   -1.3617e-01    1.3035e+00
 5.7800e-01    1.2402e+02   -1.3617e-01    1.3026e+00
 5.7900e-01    1.2408e+02   -1.3600e-01    1.3018e+00
 5.8000e-01    1.2413e+02   -1.3563e-01    1.3011e+00
 5.8100e-01    1.2419e+02   -1.3551e-01    1.3001e+00
 5.8200e-01    1.2425e+02   -1.3506e-01    1.2993e+00
 5.8300e-01    1.2431e+02   -1.3476e-01    1.2986e+00
 5.8400e-01    1.2437e+02   -1.3493e-01    1.2979e+00
 5.8500e-01    1.2442e+02   -1.3504e-01    1.2970e+00
 5.8600e-01    1.2448e+02   -1.3477e-01    1.2964e+00
 5.8700e-01    1.2454e+02   -1.3430e-01    1.2956e+00
 5.8800e-01    1.2459e+02   -1.3434e-01    1.2947e+00
 5.8900e-01    1.2465e+02   -1.3456e-01    1.2940e+00
 5.9000e-01    1.2470e+02   -1.3423e-01    1.2930e+00
 5.9100e-01    1.2476e+02   -1.3394e-01    1.2920e+00
 5.9200e-01    1.2481e+02   -1.3372e-01    1.2912e+00
 5.9300e-01    1.2487e+02   -1.3356e-01    1.2905e+00
 5.9400e-01    1.2492e+02   -1.3360e-01    1.2897e+00
 5.9500e-01    1.2498e+02   -1.3336e-01    1.2890e+00
 5.9600e-01    1.2503e+02   -1.3323e-01    1.2880e+00
 5.9700e-01    1.2509e+02   -1.3306e-01    1.2873e+00
 5.9800e-01    1.2515e+02   -1.3279e-01    1.2864e+00
 5.9900e-01    1.2520e+02   -1.3270e-01    1.2857e+00
 6.0000e-01    1.2526e+02   -1.3280e-01    1.2850e+00
 6.0100e-01    1.2531e+02   -1.3273e-01    1.2842e+00
 6.0200e-01    1.2537e+02   -1.3241e-01    1.2834e+00
 6.0300e-01    1.2543e+02   -1.3213e-01    1.2826e+00
 6.0400e-01    1.2548e+02   -1.3190e-01    1.2816e+00
 6.0500e-01    1.2554e+02   -1.3194e-01    1.2809e+00
 6.0600e-01    1.2559e+02   -1.3188e-01    1.2801e+00
 6.0700e-01    1.2564e+02   -1.3166e-01    1.2792e+00
 6.0800e-01    1.2570e+02   -1.3146e-01    1.2784e+00
 6.0900e-01    1.2575e+02   -1.3101e-01    1.2777e+00
 6.1000e-01    1.2581e+02   -1.3096e-01    1.2769e+00
 6.1100e-01    1.2586e+02   -1.3094e-01    1.2761e+00
 6.1200e-01    1.2591e+02   -1.3070e-01    1.2752e+00
 6.1300e-01    1.2597e+02   -1.3056e-01    1.2745e+00
 6.1400e-01    1.2602e+02   -1.3025e-01    1.2736e+00
 6.1500e-01    1.2607e+02   -1.3001e-01    1.2729e+00
 6.1600e-01    1.2613e+02   -1.2998e-01    1.2722e+00
 6.1700e-01    1.2618e+02   -1.2994e-01    1.2714e+00
 6.1800e-01    1.2623e+02   -1.2976e-01    1.2705e+00
 6.1900e-01    1.2629e+02   -1.2956e-01    1.2699e+00
 6.2000e-01    1.2634e+02   -1.2953e-01    1.2690e+00
 6.2100e-01    1.2639e+02   -1.2937e-01    1.2682e+00
 6.2200e-01    1.2644e+02   -1.2933e-01    1.2677e+00
 6.2300e-01    1.2649e+02   -1.2916e-01    1.2669e+00
 6.2400e-01    1.2654e+02   -1.2861e-01    1.2659e+00
 6.2500e-01    1.2659e+02   -1.2841e-01    1.2651e+00
 6.2600e-01    1.2664e+02   -1.2833e-01    1.2645e+00
 6.2700e-01    1.2669e+02   -1.2835e-01    1.2637e+00
 6.2800e-01    1.2674e+02   -1.2810e-01    1.2628e+00
 6.2900e-01    1.2679e+02   -1.2768e-01    1.2620e+00
 6.3000e-01    1.2684e+02   -1.2746e-01    1.2611e+00
 6.3100e-01    1.2689e+02   -1.2744e-01    1.2606e+00
 6.3200e-01    1.2694e+02   -1.2764e-01    1.2599e+00
 6.3300e-01    1.2699e+02   -1.2746e-01    1.2591e+00
 6.3400e-01    1.2704e+02   -1.2729e-01    1.2584e+00
 6.3500e-01    1.2709e+02   -1.2723e-01    1.2576e+00
 6.3600e-01    1.2714e+02   -1.2710e-01    1.2567e+00
 6.3700e-01    1.2719e+02   -1.2714e-01    1.2560e+00
 6.3800e-01    1.2725e+02   -1.2695e-01    1.2553e+00
 6.3900e-01    1.2730e+02   -1.2667e-01    1.2545e+00
 6.4000e-01    1.2735e+02   -1.2659e-01    1.2537e+00
 6.4100e-01    1.2740e+02   -1.2645e-01    1.2529e+00
 6.4200e-01    1.2744e+02   -1.2635e-01    1.2521e+00
 6.4300e-01    1.2749e+02   -1.2622e-01    1.2514e+00
 6.4400e-01    1.2754e+02   -1.2607e-01    1.2507e+00
 6.4500e-01    1.2759e+02   -1.2593e-01    1.2497e+00
 6.4600e-01    1.2764e+02   -1.2564e-01    1.2490e+00
 6.4700e-01    1.2768e+02   -1.2560e-01    1.2483e+00
 6.4800e-01    1.2773e+02   -1.2549e-01    1.2477e+00
 6.4900e-01    1.2778e+02   -1.2530e-01    1.2469e+00
 6.5000e-01    1.2783e+02   -1.2519e-01    1.2463e+00
 6.5100e-01    1.2788e+02   -1.2499e-01    1.2454e+00
 6.5200e-01    1.2793e+02   -1.2494e-01    1.2449e+00
 6.5300e-01    1.2797e+02   -1.2506e-01    1.2441e+00
 6.5400e-01    1.2802e+02   -1.2517e-01    1.2433e+00
 6.5500e-01    1.2807e+02   -1.2463e-01    1.2425e+00
 6.5600e-01    1.2812e+02   -1.2450e-01    1.2417e+00
 6.5700e-01    1.2817e+02   -1.2452e-01    1.2410e+00
 6.5800e-01    1.2822e+02   -1.2442e-01    1.2400e+00
 6.5900e-01    1.2827e+02   -1.2426e-01    1.2393e+00
 6.6000e-01    1.2832e+02   -1.2430e-01    1.2386e+00
 6.6100e-01    1.2836e+02   -1.2436e-01    1.2379e+00
 6.6200e-01    1.2841e+02   -1.2408e-01    1.2372e+00
 6.6300e-01    1.2846e+02   -1.2391e-01    1.2366e+00
 6.6400e-01    1.2851e+02   -1.2387e-01    1.2359e+00
 6.6500e-01    1.2855e+02   -1.2383e-01    1.2352e+00
 6.6600e-01    1.2860e+02   -1.2368e-01    1.2344e+00
 6.6700e-01    1.2864e+02   -1.2376e-01    1.2336e+00
 6.6800e-01    1.2869e+02   -1.2379e-01    1.2328e+00
 6.6900e-01    1.2873e+02   -1.2351e-01    1.2321e+00
 6.7000e-01    1.2878e+02   -1.2308e-01    1.2314e+00
 6.7100e-01    1.2883e+02   -1.2311e-01    1.2306e+00
 6.7200e-01    1.2887e+02   -1.2297e-01    1.2297e+00
 6.7300e-01    1.2892e+02   -1.2282e-01    1.2290e+00
 6.7400e-01    1.2897e+02   -1.2255e-01    1.2283e+00
 6.7500e-01    1.2902e+02   -1.2216e-01    1.2275e+00
 6.7600e-01    1.2906e+02   -1.2205e-01    1.2269e+00
 6.7700e-01    1.2911e+02   -1.2212e-01    1.2262e+00
 6.7800e-01    1.2915e+02   -1.2224e-01    1.2254e+00
 6.7900e-01    1.2920e+02   -1.2208e-01    1.2247e+00
 6.8000e-01    1.2925e+02   -1.2207e-01    1.2239e+00
 6.8100e-01    1.2929e+02   -1.2182e-01    1.2232e+00
 6.8200e-01    1.2934e+02   -1.2145e-01    1.2224e+00
 6.8300e-01    1.2939e+02   -1.2130e-01    1.2217e+00
 6.8400e-01    1.2943e+02   -1.2133e-01    1.2210e+00
 6.8500e-01    1.2948e+02   -1.2113e-01    1.2204e+00
 6.8600e-01    1.2953e+02   -1.2065e-01    1.2198e+00
 6.8700e-01    1.2957e+02   -1.2053e-01    1.2190e+00
 6.8800e-01    1.2961e+02   -1.2055e-01    1.2183e+00
 6.8900e-01    1.2966e+02   -1.2027e-01    1.2176e+00
 6.9000e-01    1.2971e+02   -1.1996e-01    1.2170e+00
 6.9100e-01    1.2975e+02   -1.2001e-01    1.2163e+00
 6.9200e-01    1.2979e+02   -1.2023e-01    1.2156e+00
 6.9300e-01    1.2984e+02   -1.2006e-01    1.2149e+00
 6.9400e-01    1.2988e+02   -1.1968e-01    1.2141e+00
 6.9500e-01    1.2993e+02   -1.1971e-01    1.2134e+00
 6.9600e-01    1.2997e+02   -1.1989e-01    1.2127e+00
 6.9700e-01    1.3001e+02   -1.1982e-01    1.2120e+00
 6.9800e-01    1.3006e+02   -1.1958e-01    1.2113e+00
 6.9900e-01    1.3010e+02   -1.1943e-01    1.2105e+00
 7.0000e-01    1.3014e+02   -1.1936e-01    1.2098e+00
 7.0100e-01    1.3018e+02   -1.1931e-01    1.2091e+00
 7.0200e-01    1.3023e+02   -1.1905e-01    1.2083e+00
 7.0300e-01    1.3027e+02   -1.1896e-01    1.2076e+00
 7.0400e-01    1.3031e+02   -1.1894e-01    1.2071e+00
 7.0500e-01    1.3035e+02   -1.1895e-01    1.2064e+00
 7.0600e-01    1.3039e+02   -1.1890e-01    1.2058e+00
 7.0700e-01    1.3043e+02   -1.1881e-01    1.2051e+00
 7.0800e-01    1.3047e+02   -1.1876e-01    1.2044e+00
 7.0900e-01    1.3051e+02   -1.1873e-01    1.2038e+00
 7.1000e-01    1.3055e+02   -1.1853e-01    1.2031e+00
 7.1100e-01    1.3059e+02   -1.1845e-01    1.2022e+00
 7.1200e-01    1.3063e+02   -1.1851e-01    1.2015e+00
 7.1300e-01    1.3067e+02   -1.1858e-01    1.2009e+00
 7.1400e-01    1.3071e+02   -1.1827e-01    1.2003e+00
 7.1500e-01    1.3075e+02   -1.1800e-01    1.1994e+00
 7.1600e-01    1.3079e+02   -1.1814e-01    1.1987e+00
 7.1700e-01    1.3082e+02   -1.1810e-01    1.1981e+00
 7.1800e-01    1.3086e+02   -1.1771e-01    1.1973e+00
 7.1900e-01    1.3090e+02   -1.1758e-01    1.1968e+00
 7.2000e-01    1.3094e+02   -1.1750e-01    1.1961e+00
 7.2100e-01    1.3098e+02   -1.1756e-01    1.1955e+00
 7.2200e-01    1.3102e+02   -1.1756e-01    1.1948e+00
 7.2300e-01    1.3106e+02   -1.1704e-01    1.1939e+00
 7.2400e-01    1.3110e+02   -1.1698e-01    1.1934e+00
 7.2500e-01    1.3113e+02   -1.1739e-01    1.1927e+00
 7.2600e-01    1.3117e+02   -1.1719e-01    1.1920e+00
 7.2700e-01    1.3121e+02   -1.1704e-01    1.1913e+00
 7.2800e-01    1.3125e+02   -1.1708e-01    1.1908e+00
 7.2900e-01    1.3129e+02   -1.1728e-01    1.1899e+00
 7.3000e-01    1.3133e+02   -1.1699e-01    1.1892e+00
 7.3100e-01    1.3137e+02   -1.1685e-01    1.1886e+00
 7.3200e-01    1.3141e+02   -1.1682e-01    1.1880e+00
 7.3300e-01    1.3145e+02   -1.1652e-01    1.1874e+00
 7.3400e-01    1.3148e+02   -1.1634e-01    1.1869e+00
 7.3500e-01    1.3152e+02   -1.1633e-01    1.1860e+00
 7.3600e-01    1.3156e+02   -1.1611e-01    1.1854e+00
 7.3700e-01    1.3160e+02   -1.1579e-01    1.1847e+00
 7.3800e-01    1.3163e+02   -1.1589e-01    1.1840e+00
 7.3900e-01    1.3167e+02   -1.1598e-01    1.1834e+00
 7.4000e-01    1.3171e+02   -1.1616e-01    1.1827e+00
 7.4100e-01    1.3174e+02   -1.1579e-01    1.1820e+00
 7.4200e-01    1.3178e+02   -1.1573e-01    1.1813e+00
 7.4300e-01    1.3182e+02   -1.1567e-01    1.1806e+00
 7.4400e-01    1.3185e+02   -1.1551e-01    1.1799e+00
 7.4500e-01    1.3189e+02   -1.1533e-01    1.1793e+00
 7.4600e-01    1.3193e+02   -1.1550e-01    1.1787e+00
 7.4700e-01    1.3196e+02   -1.1552e-01    1.1781e+00
 7.4800e-01    1.3200e+02   -1.1529e-01    1.1773e+00
 7.4900e-01    1.3204e+02   -1.1511e-01    1.1767e+00
 7.5000e-01    1.3207e+02   -1.1523e-01    1.1761e+00
 7.5100e-01    1.3211e+02   -1.1528e-01    1.1756e+00
 7.5200e-01    1.3214e+02   -1.1515e-01    1.1749e+00
 7.5300e-01    1.3218e+02   -1.1501e-01    1.1743e+00
 7.5400e-01    1.3221e+02   -1.1504e-01    1.1736e+00
 7.5500e-01    1.3225e+02   -1.1495e-01    1.1729e+00
 7.5600e-01    1.3229e+02   -1.1474e-01    1.1724e+00
 7.5700e-01    1.3232e+02   -1.1446e-01    1.1715e+00
 7.5800e-01    1.3236e+02   -1.1404e-01    1.1708e+00
 7.5900e-01    1.3239e+02   -1.1406e-01    1.1702e+00
 7.6000e-01    1.3243e+02   -1.1417e-01    1.1696e+00
 7.6100e-01    1.3247e+02   -1.1386e-01    1.1691e+00
 7.6200e-01    1.3250e+02   -1.1342e-01    1.1684e+00
 7.6300e-01    1.3254e+02   -1.1340e-01    1.1677e+00
 7.6400e-01    1.3258e+02   -1.1338e-01    1.1669e+00
 7.6500e-01    1.3261e+02   -1.1331e-01    1.1663e+00
 7.6600e-01    1.3265e+02   -1.1304e-01    1.1658e+00
 7.6700e-01    1.3268e+02   -1.1318e-01    1.1649e+00
 7.6800e-01    1.3272e+02   -1.1331e-01    1.1645e+00
 7.6900e-01    1.3275e+02   -1.1348e-01    1.1639e+00
 7.7000e-01    1.3279e+02   -1.1331e-01    1.1632e+00
 7.7100e-01    1.3283e+02   -1.1314e-01    1.1627e+00
 7.7200e-01    1.3286e+02   -1.1318e-01    1.1619e+00
 7.7300e-01    1.3290e+02   -1.1322e-01    1.1615e+00
 7.7400e-01    1.3294e+02   -1.1300e-01    1.1609e+00
 7.7500e-01    1.3297e+02   -1.1301e-01    1.1604e+00
 7.7600e-01    1.3301e+02   -1.1287e-01    1.1597e+00
 7.7700e-01    1.3304e+02   -1.1250e-01    1.1589e+00
 7.7800e-01    1.3308e+02   -1.1237e-01    1.1583e+00
 7.7900e-01    1.3311e+02   -1.1235e-01    1.1576e+00
 7.8000e-01    1.3314e+02   -1.1227e-01    1.1570e+00
 7.8100e-01    1.3318e+02   -1.1221e-01    1.1562e+00
 7.8200e-01    1.3321e+02   -1.1192e-01    1.1556e+00
 7.8300e-01    1.3325e+02   -1.1178e-01    1.1550e+00
 7.8400e-01    1.3328e+02   -1.1194e-01    1.1543e+00
 7.8500e-01    1.3332e+02   -1.1170e-01    1.1536e+00
 7.8600e-01    1.3336e+02   -1.1160e-01    1.1530e+00
 7.8700e-01    1.3339e+02   -1.1155e-01    1.1525e+00
 7.8800e-01    1.3342e+02   -1.1168e-01    1.1519e+00
 7.8900e-01    1.3346e+02   -1.1164e-01    1.1514e+00
 7.9000e-01    1.3349e+02   -1.1145e-01    1.1509e+00
 7.9100e-01    1.3352e+02   -1.1135e-01    1.1501e+00
 7.9200e-01    1.3355e+02   -1.1159e-01    1.1497e+00
 7.9300e-01    1.3358e+02   -1.1139e-01    1.1490e+00
 7.9400e-01    1.3362e+02   -1.1103e-01    1.1486e+00
 7.9500e-01    1.3365e+02   -1.1123e-01    1.1480e+00
 7.9600e-01    1.3368e+02   -1.1123e-01    1.1474e+00
 7.9700e-01    1.3371e+02   -1.1115e-01    1.1468e+00
 7.9800e-01    1.3374e+02   -1.1127e-01    1.1462e+00
 7.9900e-01    1.3377e+02   -1.1124e-01    1.1456e+00
 8.0000e-01    1.3381e+02   -1.1117e-01    1.1449e+00
 8.0100e-01    1.3384e+02   -1.1130e-01    1.1444e+00
 8.0200e-01    1.3387e+02   -1.1106e-01    1.1439e+00
 8.0300e-01    1.3390e+02   -1.1109e-01    1.1431e+00
 8.0400e-01    1.3393e+02   -1.1083e-01    1.1425e+00
 8.0500e-01    1.3397e+02   -1.1066e-01    1.1420e+00
 8.0600e-01    1.3400e+02   -1.1058e-01    1.1413e+00
 8.0700e-01    1.3403e+02   -1.1053e-01    1.1408e+00
 8.0800e-01    1.3406e+02   -1.1061e-01    1.1402e+00
 8.0900e-01    1.3409e+02   -1.1052e-01    1.1396e+00
 8.1000e-01    1.3413e+02   -1.1047e-01    1.1390e+00
 8.1100e-01    1.3416e+02   -1.1055e-01    1.1384e+00
 8.1200e-01    1.3419e+02   -1.1049e-01    1.1378e+00
 8.1300e-01    1.3423e+02   -1.1064e-01    1.1374e+00
 8.1400e-01    1.3426e+02   -1.1072e-01    1.1368e+00
 8.1500e-01    1.3430e+02   -1.1051e-01    1.1362e+00
 8.1600e-01    1.3433e+02   -1.1035e-01    1.1357e+00
 8.1700e-01    1.3436e+02   -1.1048e-01    1.1351e+00
 8.1800e-01    1.3439e+02   -1.1037e-01    1.1345e+00
 8.1900e-01    1.3443e+02   -1.1042e-01    1.1339e+00
 8.2000e-01    1.3446e+02   -1.1012e-01    1.1334e+00
 8.2100e-01    1.3449e+02   -1.1035e-01    1.1328e+00
 8.2200e-01    1.3452e+02   -1.1043e-01    1.1321e+00
 8.2300e-01    1.3455e+02   -1.1024e-01    1.1315e+00
 8.2400e-01    1.3458e+02   -1.1016e-01    1.1309e+00
 8.2500e-01    1.3461e+02   -1.1019e-01    1.1304e+00
 8.2600e-01    1.3464e+02   -1.1018e-01    1.1299e+00
 8.2700e-01    1.3467e+02   -1.0991e-01    1.1292e+00
 8.2800e-01    1.3470e+02   -1.0966e-01    1.1287e+00
 8.2900e-01    1.3473e+02   -1.0949e-01    1.1282e+00
 8.3000e-01    1.3476e+02   -1.0952e-01    1.1275e+00
 8.3100e-01    1.3479e+02   -1.0933e-01    1.1270e+00
 8.3200e-01    1.3482e+02   -1.0917e-01    1.1267e+00
 8.3300e-01    1.3485e+02   -1.0909e-01    1.1259e+00
 8.3400e-01    1.3488e+02   -1.0904e-01    1.1255e+00
 8.3500e-01    1.3491e+02   -1.0913e-01    1.1249e+00
 8.3600e-01    1.3494e+02   -1.0894e-01    1.1243e+00
 8.3700e-01    1.3497e+02   -1.0884e-01    1.1237e+00
 8.3800e-01    1.3500e+02   -1.0867e-01    1.1233e+00
 8.3900e-01    1.3503e+02   -1.0879e-01    1.1226e+00
 8.4000e-01    1.3506e+02   -1.0875e-01    1.1219e+00
 8.4100e-01    1.3509e+02   -1.0850e-01    1.1215e+00
 8.4200e-01    1.3512e+02   -1.0890e-01    1.1209e+00
 8.4300e-01    1.3514e+02   -1.0887e-01    1.1204e+00
 8.4400e-01    1.3517e+02   -1.0845e-01    1.1199e+00
 8.4500e-01    1.3520e+02   -1.0863e-01    1.1194e+00
 8.4600e-01    1.3522e+02   -1.0874e-01    1.1188e+00
 8.4700e-01    1.3525e+02   -1.0840e-01    1.1182e+00
 8.4800e-01    1.3528e+02   -1.0824e-01    1.1177e+00
 8.4900e-01    1.3531e+02   -1.0849e-01    1.1172e+00
 8.5000e-01    1.3533e+02   -1.0820e-01    1.1166e+00
 8.5100e-01    1.3536e+02   -1.0809e-01    1.1161e+00
 8.5200e-01    1.3539e+02   -1.0828e-01    1.1156e+00
 8.5300e-01    1.3542e+02   -1.0817e-01    1.1149e+00
 8.5400e-01    1.3545e+02   -1.0793e-01    1.1144e+00
 8.5500e-01    1.3547e+02   -1.0809e-01    1.1140e+00
 8.5600e-01    1.3550e+02   -1.0800e-01    1.1134e+00
 8.5700e-01    1.3553e+02   -1.0811e-01    1.1129e+00
 8.5800e-01    1.3556e+02   -1.0823e-01    1.1123e+00
 8.5900e-01    1.3558e+02   -1.0820e-01    1.1118e+00
 8.6000e-01    1.3561e+02   -1.0814e-01    1.1113e+00
 8.6100e-01    1.3564e+02   -1.0817e-01    1.1109e+00
 8.6200e-01    1.3567e+02   -1.0810e-01    1.1104e+00
 8.6300e-01    1.3570e+02   -1.0807e-01    1.1096e+00
 8.6400e-01    1.3572e+02   -1.0798e-01    1.1093e+00
 8.6500e-01    1.3575e+02   -1.0799e-01    1.1087e+00
 8.6600e-01    1.3578e+02   -1.0793e-01    1.1082e+00
 8.6700e-01    1.3581e+02   -1.0770e-01    1.1077e+00
 8.6800e-01    1.3584e+02   -1.0753e-01    1.1072e+00
 8.6900e-01    1.3587e+02   -1.0768e-01    1.1067e+00
 8.7000e-01    1.3590e+02   -1.0750e-01    1.1062e+00
 8.7100e-01    1.3593e+02   -1.0742e-01    1.1057e+00
 8.7200e-01    1.3596e+02   -1.0757e-01    1.1051e+00
 8.7300e-01    1.3599e+02   -1.0720e-01    1.1047e+00
 8.7400e-01    1.3602e+02   -1.0713e-01    1.1042e+00
 8.7500e-01    1.3605e+02   -1.0698e-01    1.1036e+00
 8.7600e-01    1.3607e+02   -1.0690e-01    1.1031e+00
 8.7700e-01    1.3610e+02   -1.0676e-01    1.1026e+00
 8.7800e-01    1.3613e+02   -1.0665e-01    1.1021e+00
 8.7900e-01    1.3616e+02   -1.0655e-01    1.1014e+00
 8.8000e-01    1.3619e+02   -1.0630e-01    1.1008e+00
 8.8100e-01    1.3622e+02   -1.0618e-01    1.1004e+00
 8.8200e-01    1.3625e+02   -1.0633e-01    1.1000e+00
 8.8300e-01    1.3628e+02   -1.0625e-01    1.0993e+00
 8.8400e-01    1.3631e+02   -1.0603e-01    1.0988e+00
 8.8500e-01    1.3634e+02   -1.0583e-01    1.0981e+00
 8.8600e-01    1.3636e+02   -1.0584e-01    1.0977e+00
 8.8700e-01    1.3639e+02   -1.0601e-01    1.0972e+00
 8.8800e-01    1.3641e+02   -1.0592e-01    1.0969e+00
 8.8900e-01    1.3644e+02   -1.0565e-01    1.0964e+00
 8.9000e-01    1.3647e+02   -1.0564e-01    1.0959e+00
 8.9100e-01    1.3650e+02   -1.0581e-01    1.0954e+00
 8.9200e-01    1.3652e+02   -1.0576e-01    1.0949e+00
 8.9300e-01    1.3655e+02   -1.0569e-01    1.0944e+00
 8.9400e-01    1.3658e+02   -1.0563e-01    1.0940e+00
 8.9500e-01    1.3661e+02   -1.0565e-01    1.0934e+00
 8.9600e-01    1.3664e+02   -1.0557e-01    1.0930e+00
 8.9700e-01    1.3667e+02   -1.0562e-01    1.0924e+00
 8.9800e-01    1.3670e+02   -1.0545e-01    1.0919e+00
 8.9900e-01    1.3673e+02   -1.0535e-01    1.0916e+00
 9.0000e-01    1.3676e+02   -1.0541e-01    1.0909e+00
 9.0100e-01    1.3678e+02   -1.0531e-01    1.0905e+00
 9.0200e-01    1.3681e+02   -1.0530e-01    1.0900e+00
 9.0300e-01    1.3684e+02   -1.0514e-01    1.0896e+00
 9.0400e-01    1.3687e+02   -1.0516e-01    1.0892e+00
 9.0500e-01    1.3690e+02   -1.0520e-01    1.0888e+00
 9.0600e-01    1.3693e+02   -1.0502e-01    1.0882e+00
 9.0700e-01    1.3696e+02   -1.0466e-01    1.0877e+00
 9.0800e-01    1.3699e+02   -1.0491e-01    1.0872e+00
 9.0900e-01    1.3702e+02   -1.0485e-01    1.0868e+00
 9.1000e-01    1.3704e+02   -1.0476e-01    1.0864e+00
 9.1100e-01    1.3707e+02   -1.0458e-01    1.0859e+00
 9.1200e-01    1.3710e+02   -1.0459e-01    1.0854e+00
 9.1300e-01    1.3713e+02   -1.0472e-01    1.0850e+00
 9.1400e-01    1.3715e+02   -1.0456e-01    1.0845e+00
 9.1500e-01    1.3718e+02   -1.0447e-01    1.0839e+00
 9.1600e-01    1.3721e+02   -1.0437e-01    1.0836e+00
 9.1700e-01    1.3723e+02   -1.0418e-01    1.0831e+00
 9.1800e-01    1.3726e+02   -1.0410e-01    1.0825e+00
 9.1900e-01    1.3728e+02   -1.0404e-01    1.0823e+00
 9.2000e-01    1.3731e+02   -1.0398e-01    1.0819e+00
 9.2100e-01    1.3733e+02   -1.0386e-01    1.0814e+00
 9.2200e-01    1.3735e+02   -1.0410e-01    1.0809e+00
 9.2300e-01    1.3738e+02   -1.0413e-01    1.0804e+00
 9.2400e-01    1.3740e+02   -1.0397e-01    1.0799e+00
 9.2500e-01    1.3743e+02   -1.0384e-01    1.0794e+00
 9.2600e-01    1.3745e+02   -1.0389e-01    1.0790e+00
 9.2700e-01    1.3747e+02   -1.0403e-01    1.0787e+00
 9.2800e-01    1.3750e+02   -1.0376e-01    1.0783e+00
 9.2900e-01    1.3752e+02   -1.0364e-01    1.0779e+00
 9.3000e-01    1.3755e+02   -1.0364e-01    1.0774e+00
 9.3100e-01    1.3758e+02   -1.0340e-01    1.0769e+00
 9.3200e-01    1.3760e+02   -1.0330e-01    1.0766e+00
 9.3300e-01    1.3763e+02   -1.0328e-01    1.0763e+00
 9.3400e-01    1.3765e+02   -1.0341e-01    1.0758e+00
 9.3500e-01    1.3768e+02   -1.0328e-01    1.0755e+00
 9.3600e-01    1.3770e+02   -1.0329e-01    1.0751e+00
 9.3700e-01    1.3773e+02   -1.0328e-01    1.0747e+00
 9.3800e-01    1.3775e+02   -1.0341e-01    1.0743e+00
 9.3900e-01    1.3777e+02   -1.0342e-01    1.0737e+00
 9.4000e-01    1.3780e+02   -1.0346e-01    1.0734e+00
 9.4100e-01    1.3782e+02   -1.0332e-01    1.0730e+00
 9.4200e-01    1.3784e+02   -1.0334e-01    1.0725e+00
 9.4300e-01    1.3787e+02   -1.0319e-01    1.0721e+00
 9.4400e-01    1.3789e+02   -1.0312e-01    1.0718e+00
 9.4500e-01    1.3792e+02   -1.0295e-01    1.0715e+00
 9.4600e-01    1.3794e+02   -1.0307e-01    1.0712e+00
 9.4700e-01    1.3796e+02   -1.0282e-01    1.0709e+00
 9.4800e-01    1.3799e+02   -1.0297e-01    1.0704e+00
 9.4900e-01    1.3801e+02   -1.0313e-01    1.0700e+00
 9.5000e-01    1.3803e+02   -1.0294e-01    1.0699e+00
 9.5100e-01    1.3806e+02   -1.0290e-01    1.0692e+00
 9.5200e-01    1.3808e+02   -1.0299e-01    1.0689e+00
 9.5300e-01    1.3811e+02   -1.0289e-01    1.0683e+00
 9.5400e-01    1.3813e+02   -1.0287e-01    1.0680e+00
 9.5500e-01    1.3816e+02   -1.0272e-01    1.0676e+00
 9.5600e-01    1.3818e+02   -1.0280e-01    1.0672e+00
 9.5700e-01    1.3821e+02   -1.0294e-01    1.0670e+00
 9.5800e-01    1.3823e+02   -1.0286e-01    1.0666e+00
 9.5900e-01    1.3826e+02   -1.0248e-01    1.0662e+00
 9.6000e-01    1.3828e+02   -1.0254e-01    1.0659e+00
 9.6100e-01    1.3831e+02   -1.0243e-01    1.0655e+00
 9.6200e-01    1.3833e+02   -1.0227e-01    1.0651e+00
 9.6300e-01    1.3835e+02   -1.0230e-01    1.0647e+00
 9.6400e-01    1.3838e+02   -1.0211e-01    1.0644e+00
 9.6500e-01    1.3840e+02   -1.0186e-01    1.0639e+00
 9.6600e-01    1.3842e+02   -1.0195e-01    1.0635e+00
 9.6700e-01    1.3845e+02   -1.0191e-01    1.0630e+00
 9.6800e-01    1.3847e+02   -1.0156e-01    1.0627e+00
 9.6900e-01    1.3849e+02   -1.0117e-01    1.0623e+00
 9.7000e-01    1.3851e+02   -1.0142e-01    1.0618e+00
 9.7100e-01    1.3853e+02   -1.0135e-01    1.0614e+00
 9.7200e-01    1.3856e+02   -1.0125e-01    1.0609e+00
 9.7300e-01    1.3858e+02   -1.0108e-01    1.0606e+00
 9.7400e-01    1.3860e+02   -1.0116e-01    1.0600e+00
 9.7500e-01    1.3863e+02   -1.0103e-01    1.0596e+00
 9.7600e-01    1.3865e+02   -1.0094e-01    1.0592e+00
 9.7700e-01    1.3867e+02   -1.0108e-01    1.0588e+00
 9.7800e-01    1.3869e+02   -1.0124e-01    1.0584e+00
 9.7900e-01    1.3872e+02   -1.0094e-01    1.0580e+00
 9.8000e-01    1.3874e+02   -1.0127e-01    1.0577e+00
 9.8100e-01    1.3876e+02   -1.0130e-01    1.0575e+00
 9.8200e-01    1.3878e+02   -1.0102e-01    1.0569e+00
 9.8300e-01    1.3880e+02   -1.0105e-01    1.0565e+00
 9.8400e-01    1.3882e+02   -1.0081e-01    1.0560e+00
 9.8500e-01    1.3884e+02   -1.0076e-01    1.0557e+00
 9.8600e-01    1.3886e+02   -1.0082e-01    1.0553e+00
 9.8700e-01    1.3887e+02   -1.0104e-01    1.0549e+00
 9.8800e-01    1.3889e+02   -1.0091e-01    1.0545e+00
 9.8900e-01    1.3891e+02   -1.0068e-01    1.0542e+00
 9.9000e-01    1.3893e+02   -1.0055e-01    1.0537e+00
 9.9100e-01    1.3895e+02   -1.0054e-01    1.0534e+00
 9.9200e-01    1.3896e+02   -1.0057e-01    1.0528e+00
 9.9300e-01    1.3898e+02   -1.0048e-01    1.0523e+00
 9.9400e-01    1.3900e+02   -1.0026e-01    1.0519e+00
 9.9500e-01    1.3902e+02   -1.0029e-01    1.0516e+00
 9.9600e-01    1.3904e+02   -1.0020e-01    1.0512e+00
 9.9700e-01    1.3906e+02   -1.0025e-01    1.0510e+00
 9.9800e-01    1.3908e+02   -1.0008e-01    1.0507e+00
 9.9900e-01    1.3910e+02   -1.0004e-01    1.0505e+00
 1.0000e+00    1.3912e+02   -1.0021e-01    1.0502e+00
 1.0010e+00    1.3914e+02   -1.0007e-01    1.0498e+00
 1.0020e+00    1.3916e+02   -1.0005e-01    1.0494e+00
 1.0030e+00    1.3918e+02   -9.9819e-02    1.0490e+00
 1.0040e+00    1.3921e+02   -9.9716e-02    1.0486e+00
 1.0050e+00    1.3923e+02   -9.9760e-02    1.0483e+00
 1.0060e+00    1.3925e+02   -9.9528e-02    1.0478e+00
 1.0070e+00    1.3927e+02   -9.9642e-02    1.0475e+00
 1.0080e+00    1.3929e+02   -9.9539e-02    1.0470e+00
 1.0090e+00    1.3930e+02   -9.9796e-02    1.0467e+00
 1.0100e+00    1.3932e+02   -9.9844e-02    1.0464e+00
 1.0110e+00    1.3935e+02   -9.9602e-02    1.0460e+00
 1.0120e+00    1.3937e+02   -9.9740e-02    1.0458e+00
 1.0130e+00    1.3938e+02   -9.9836e-02    1.0454e+00
 1.0140e+00    1.3940e+02   -9.9910e-02    1.0452e+00
 1.0150e+00    1.3943e+02   -9.9691e-02    1.0448e+00
 1.0160e+00    1.3945e+02   -9.9643e-02    1.0443e+00
 1.0170e+00    1.3946e+02   -9.9900e-02    1.0441e+00
 1.0180e+00    1.3948e+02   -9.9706e-02    1.0441e+00
 1.0190e+00    1.3950e+02   -9.9580e-02    1.0438e+00
 1.0200e+00    1.3952e+02   -9.9366e-02    1.0435e+00
 1.0210e+00    1.3954e+02   -9.9394e-02    1.0431e+00
 1.0220e+00    1.3956e+02   -9.9440e-02    1.0428e+00
 1.0230e+00    1.3958e+02   -9.9409e-02    1.0424e+00
 1.0240e+00    1.3960e+02   -9.9439e-02    1.0420e+00
 1.0250e+00    1.3962e+02   -9.9540e-02    1.0417e+00
 1.0260e+00    1.3964e+02   -9.9297e-02    1.0414e+00
 1.0270e+00    1.3966e+02   -9.9211e-02    1.0409e+00
 1.0280e+00    1.3968e+02   -9.9044e-02    1.0407e+00
 1.0290e+00    1.3969e+02   -9.8833e-02    1.0402e+00
 1.0300e+00    1.3971e+02   -9.8725e-02    1.0400e+00
 1.0310e+00    1.3973e+02   -9.8619e-02    1.0397e+00
 1.0320e+00    1.3975e+02   -9.8637e-02    1.0392e+00
 1.0330e+00    1.3976e+02   -9.8609e-02    1.0389e+00
 1.0340e+00    1.3978e+02   -9.8385e-02    1.0386e+00
 1.0350e+00    1.3980e+02   -9.8413e-02    1.0384e+00
 1.0360e+00    1.3982e+02   -9.8362e-02    1.0382e+00
 1.0370e+00    1.3983e+02   -9.8392e-02    1.0379e+00
 1.0380e+00    1.3985e+02   -9.8313e-02    1.0377e+00
 1.0390e+00    1.3987e+02   -9.8171e-02    1.0375e+00
 1.0400e+00    1.3988e+02   -9.8150e-02    1.0371e+00
 1.0410e+00    1.3990e+02   -9.8374e-02    1.0371e+00
 1.0420e+00    1.3992e+02   -9.8361e-02    1.0367e+00
 1.0430e+00    1.3993e+02   -9.8100e-02    1.0361e+00
 1.0440e+00    1.3995e+02   -9.8370e-02    1.0359e+00
 1.0450e+00    1.3996e+02   -9.8390e-02    1.0358e+00
 1.0460e+00    1.3998e+02   -9.8480e-02    1.0354e+00
 1.0470e+00    1.3999e+02   -9.8362e-02    1.0351e+00
 1.0480e+00    1.4000e+02   -9.8245e-02    1.0349e+00
 1.0490e+00    1.4001e+02   -9.8375e-02    1.0346e+00
 1.0500e+00    1.4003e+02   -9.8201e-02    1.0342e+00
 1.0510e+00    1.4004e+02   -9.7760e-02    1.0339e+00
 1.0520e+00    1.4006e+02   -9.7973e-02    1.0335e+00
 1.0530e+00    1.4007e+02   -9.7970e-02    1.0333e+00
 1.0540e+00    1.4009e+02   -9.7727e-02    1.0329e+00
 1.0550e+00    1.4010e+02   -9.7947e-02    1.0326e+00
 1.0560e+00    1.4012e+02   -9.7917e-02    1.0324e+00
 1.0570e+00    1.4014e+02   -9.7726e-02    1.0321e+00
 1.0580e+00    1.4015e+02   -9.7833e-02    1.0318e+00
 1.0590e+00    1.4017e+02   -9.7907e-02    1.0318e+00
 1.0600e+00    1.4018e+02   -9.7648e-02    1.0315e+00
 1.0610e+00    1.4020e+02   -9.7656e-02    1.0312e+00
 1.0620e+00    1.4021e+02   -9.7411e-02    1.0310e+00
 1.0630e+00    1.4023e+02   -9.7491e-02    1.0307e+00
 1.0640e+00    1.4024e+02   -9.7777e-02    1.0303e+00
 1.0650e+00    1.4026e+02   -9.7468e-02    1.0301e+00
 1.0660e+00    1.4028e+02   -9.7286e-02    1.0298e+00
 1.0670e+00    1.4029e+02   -9.7440e-02    1.0295e+00
 1.0680e+00    1.4031e+02   -9.7645e-02    1.0294e+00
 1.0690e+00    1.4032e+02   -9.7471e-02    1.0290e+00
 1.0700e+00    1.4034e+02   -9.7383e-02    1.0290e+00
 1.0710e+00    1.4035e+02   -9.7360e-02    1.0288e+00
 1.0720e+00    1.4037e+02   -9.7380e-02    1.0284e+00
 1.0730e+00    1.4039e+02   -9.7294e-02    1.0281e+00
 1.0740e+00    1.4040e+02   -9.7200e-02    1.0280e+00
 1.0750e+00    1.4042e+02   -9.7130e-02    1.0276e+00
 1.0760e+00    1.4043e+02   -9.7185e-02    1.0274e+00
 1.0770e+00    1.4044e+02   -9.7424e-02    1.0271e+00
 1.0780e+00    1.4046e+02   -9.7239e-02    1.0266e+00
 1.0790e+00    1.4047e+02   -9.7149e-02    1.0262e+00
 1.0800e+00    1.4048e+02   -9.6937e-02    1.0260e+00
 1.0810e+00    1.4050e+02   -9.6943e-02    1.0259e+00
 1.0820e+00    1.4051e+02   -9.7012e-02    1.0257e+00
 1.0830e+00    1.4053e+02   -9.6683e-02    1.0252e+00
 1.0840e+00    1.4054e+02   -9.6717e-02    1.0249e+00
 1.0850e+00    1.4055e+02   -9.6852e-02    1.0248e+00
 1.0860e+00    1.4057e+02   -9.6802e-02    1.0246e+00
 1.0870e+00    1.4058e+02   -9.6721e-02    1.0241e+00
 1.0880e+00    1.4060e+02   -9.6416e-02    1.0238e+00
 1.0890e+00    1.4061e+02   -9.6401e-02    1.0236e+00
 1.0900e+00    1.4063e+02   -9.6358e-02    1.0235e+00
 1.0910e+00    1.4064e+02   -9.6137e-02    1.0231e+00
 1.0920e+00    1.4066e+02   -9.6134e-02    1.0228e+00
 1.0930e+00    1.4068e+02   -9.5650e-02    1.0224e+00
 1.0940e+00    1.4069e+02   -9.5758e-02    1.0223e+00
 1.0950e+00    1.4070e+02   -9.5911e-02    1.0221e+00
 1.0960e+00    1.4072e+02   -9.5650e-02    1.0221e+00
 1.0970e+00    1.4073e+02   -9.5740e-02    1.0216e+00
 1.0980e+00    1.4075e+02   -9.5831e-02    1.0213e+00
 1.0990e+00    1.4076e+02   -9.5708e-02    1.0211e+00
 1.1000e+00    1.4078e+02   -9.5651e-02    1.0208e+00
 1.1010e+00    1.4079e+02   -9.5593e-02    1.0206e+00
 1.1020e+00    1.4080e+02   -9.5578e-02    1.0203e+00
 1.1030e+00    1.4081e+02   -9.5539e-02    1.0201e+00
 1.1040e+00    1.4082e+02   -9.5369e-02    1.0199e+00
 1.1050e+00    1.4083e+02   -9.5463e-02    1.0196e+00
 1.1060e+00    1.4084e+02   -9.5427e-02    1.0194e+00
 1.1070e+00    1.4085e+02   -9.5542e-02    1.0191e+00
 1.1080e+00    1.4085e+02   -9.5687e-02    1.0187e+00
 1.1090e+00    1.4086e+02   -9.5794e-02    1.0185e+00
 1.1100e+00    1.4088e+02   -9.5679e-02    1.0183e+00
 1.1110e+00    1.4089e+02   -9.5655e-02    1.0182e+00
 1.1120e+00    1.4090e+02   -9.5729e-02    1.0179e+00
 1.1130e+00    1.4091e+02   -9.5495e-02    1.0177e+00
 1.1140e+00    1.4092e+02   -9.5516e-02    1.0176e+00
 1.1150e+00    1.4094e+02   -9.5239e-02    1.0171e+00
 1.1160e+00    1.4095e+02   -9.5023e-02    1.0171e+00
 1.1170e+00    1.4095e+02   -9.5198e-02    1.0169e+00
 1.1180e+00    1.4096e+02   -9.4992e-02    1.0168e+00
 1.1190e+00    1.4097e+02   -9.5066e-02    1.0167e+00
 1.1200e+00    1.4098e+02   -9.4920e-02    1.0165e+00
 1.1210e+00    1.4099e+02   -9.4982e-02    1.0163e+00
 1.1220e+00    1.4100e+02   -9.5142e-02    1.0161e+00
 1.1230e+00    1.4101e+02   -9.5056e-02    1.0160e+00
 1.1240e+00    1.4102e+02   -9.5201e-02    1.0158e+00
 1.1250e+00    1.4103e+02   -9.5440e-02    1.0157e+00
 1.1260e+00    1.4104e+02   -9.5446e-02    1.0155e+00
 1.1270e+00    1.4105e+02   -9.5354e-02    1.0154e+00
 1.1280e+00    1.4106e+02   -9.5432e-02    1.0154e+00
 1.1290e+00    1.4107e+02   -9.5356e-02    1.0153e+00
 1.1300e+00    1.4108e+02   -9.5385e-02    1.0152e+00
 1.1310e+00    1.4109e+02   -9.5252e-02    1.0151e+00
 1.1320e+00    1.4110e+02   -9.5280e-02    1.0149e+00
 1.1330e+00    1.4111e+02   -9.5348e-02    1.0149e+00
 1.1340e+00    1.4111e+02   -9.5313e-02    1.0148e+00
 1.1350e+00    1.4112e+02   -9.5573e-02    1.0147e+00
 1.1360e+00    1.4113e+02   -9.5421e-02    1.0145e+00
 1.1370e+00    1.4114e+02   -9.5318e-02    1.0141e+00
 1.1380e+00    1.4114e+02   -9.5467e-02    1.0139e+00
 1.1390e+00    1.4115e+02   -9.5236e-02    1.0138e+00
 1.1400e+00    1.4116e+02   -9.5459e-02    1.0137e+00
 1.1410e+00    1.4117e+02   -9.5511e-02    1.0134e+00
 1.1420e+00    1.4118e+02   -9.5327e-02    1.0133e+00
 1.1430e+00    1.4118e+02   -9.5230e-02    1.0130e+00
 1.1440e+00    1.4119e+02   -9.5372e-02    1.0129e+00
 1.1450e+00    1.4120e+02   -9.5269e-02    1.0128e+00
 1.1460e+00    1.4121e+02   -9.5245e-02    1.0124e+00
 1.1470e+00    1.4122e+02   -9.5355e-02    1.0121e+00
 1.1480e+00    1.4123e+02   -9.5227e-02    1.0121e+00
 1.1490e+00    1.4124e+02   -9.5218e-02    1.0116e+00
 1.1500e+00    1.4125e+02   -9.5105e-02    1.0114e+00
 1.1510e+00    1.4126e+02   -9.5013e-02    1.0113e+00
 1.1520e+00    1.4126e+02   -9.5181e-02    1.0110e+00
 1.1530e+00    1.4127e+02   -9.5316e-02    1.0108e+00
 1.1540e+00    1.4128e+02   -9.5211e-02    1.0105e+00
 1.1550e+00    1.4129e+02   -9.5020e-02    1.0104e+00
 1.1560e+00    1.4130e+02   -9.5237e-02    1.0102e+00
 1.1570e+00    1.4131e+02   -9.5170e-02    1.0102e+00
 1.1580e+00    1.4132e+02   -9.5070e-02    1.0100e+00
 1.1590e+00    1.4133e+02   -9.5114e-02    1.0099e+00
 1.1600e+00    1.4134e+02   -9.4822e-02    1.0096e+00
 1.1610e+00    1.4135e+02   -9.4807e-02    1.0094e+00
 1.1620e+00    1.4136e+02   -9.4810e-02    1.0092e+00
 1.1630e+00    1.4137e+02   -9.4897e-02    1.0091e+00
 1.1640e+00    1.4138e+02   -9.4838e-02    1.0090e+00
 1.1650e+00    1.4139e+02   -9.4989e-02    1.0087e+00
 1.1660e+00    1.4140e+02   -9.4995e-02    1.0087e+00
 1.1670e+00    1.4141e+02   -9.4970e-02    1.0085e+00
 1.1680e+00    1.4142e+02   -9.5138e-02    1.0084e+00
 1.1690e+00    1.4143e+02   -9.5097e-02    1.0082e+00
 1.1700e+00    1.4144e+02   -9.4997e-02    1.0081e+00
 1.1710e+00    1.4145e+02   -9.4877e-02    1.0078e+00
 1.1720e+00    1.4145e+02   -9.4868e-02    1.0077e+00
 1.1730e+00    1.4146e+02   -9.5162e-02    1.0076e+00
 1.1740e+00    1.4147e+02   -9.4838e-02    1.0072e+00
 1.1750e+00    1.4148e+02   -9.4680e-02    1.0072e+00
 1.1760e+00    1.4148e+02   -9.5006e-02    1.0072e+00
 1.1770e+00    1.4149e+02   -9.5017e-02    1.0069e+00
 1.1780e+00    1.4150e+02   -9.5040e-02    1.0067e+00
 1.1790e+00    1.4151e+02   -9.4675e-02    1.0065e+00
 1.1800e+00    1.4152e+02   -9.4822e-02    1.0062e+00
 1.1810e+00    1.4152e+02   -9.4758e-02    1.0060e+00
 1.1820e+00    1.4153e+02   -9.4469e-02    1.0058e+00
 1.1830e+00    1.4154e+02   -9.4434e-02    1.0058e+00
 1.1840e+00    1.4155e+02   -9.4325e-02    1.0057e+00
 1.1850e+00    1.4155e+02   -9.4304e-02    1.0056e+00
 1.1860e+00    1.4156e+02   -9.4444e-02    1.0055e+00
 1.1870e+00    1.4157e+02   -9.4354e-02    1.0054e+00
 1.1880e+00    1.4157e+02   -9.4240e-02    1.0053e+00
 1.1890e+00    1.4158e+02   -9.4382e-02    1.0052e+00
 1.1900e+00    1.4158e+02   -9.4331e-02    1.0052e+00
 1.1910e+00    1.4159e+02   -9.4104e-02    1.0051e+00
 1.1920e+00    1.4160e+02   -9.4164e-02    1.0051e+00
 1.1930e+00    1.4160e+02   -9.4082e-02    1.0050e+00
 1.1940e+00    1.4161e+02   -9.4119e-02    1.0049e+00
 1.1950e+00    1.4161e+02   -9.4083e-02    1.0048e+00
 1.1960e+00    1.4162e+02   -9.4211e-02    1.0047e+00
 1.1970e+00    1.4162e+02   -9.4095e-02    1.0046e+00
 1.1980e+00    1.4163e+02   -9.4200e-02    1.0045e+00
 1.1990e+00    1.4163e+02   -9.4276e-02    1.0044e+00
 1.2000e+00    1.4164e+02   -9.4193e-02    1.0045e+00
 1.2010e+00    1.4164e+02   -9.4241e-02    1.0044e+00
 1.2020e+00    1.4165e+02   -9.4318e-02    1.0042e+00
 1.2030e+00    1.4165e+02   -9.4193e-02    1.0041e+00
 1.2040e+00    1.4165e+02   -9.4294e-02    1.0041e+00
 1.2050e+00    1.4166e+02   -9.4021e-02    1.0042e+00
 1.2060e+00    1.4166e+02   -9.4198e-02    1.0041e+00
 1.2070e+00    1.4166e+02   -9.4159e-02    1.0040e+00
 1.2080e+00    1.4166e+02   -9.4100e-02    1.0039e+00
 1.2090e+00    1.4166e+02   -9.4312e-02    1.0037e+00
 1.2100e+00    1.4166e+02   -9.4177e-02    1.0038e+00
 1.2110e+00    1.4166e+02   -9.4112e-02    1.0037e+00
 1.2120e+00    1.4167e+02   -9.4216e-02    1.0035e+00
 1.2130e+00    1.4167e+02   -9.4249e-02    1.0034e+00
 1.2140e+00    1.4167e+02   -9.4140e-02    1.0033e+00
 1.2150e+00    1.4167e+02   -9.4140e-02    1.0031e+00
 1.2160e+00    1.4168e+02   -9.4278e-02    1.0031e+00
 1.2170e+00    1.4168e+02   -9.4471e-02    1.0030e+00
 1.2180e+00    1.4168e+02   -9.4283e-02    1.0029e+00
 1.2190e+00    1.4169e+02   -9.4479e-02    1.0029e+00
 1.2200e+00    1.4169e+02   -9.4652e-02    1.0029e+00
 1.2210e+00    1.4169e+02   -9.4456e-02    1.0028e+00
 1.2220e+00    1.4170e+02   -9.4309e-02    1.0026e+00
 1.2230e+00    1.4170e+02   -9.4481e-02    1.0024e+00
 1.2240e+00    1.4171e+02   -9.4379e-02    1.0024e+00
 1.2250e+00    1.4172e+02   -9.4183e-02    1.0022e+00
 1.2260e+00    1.4172e+02   -9.4353e-02    1.0024e+00
 1.2270e+00    1.4172e+02   -9.4269e-02    1.0025e+00
 1.2280e+00    1.4173e+02   -9.4048e-02    1.0023e+00
 1.2290e+00    1.4173e+02   -9.4404e-02    1.0024e+00
 1.2300e+00    1.4173e+02   -9.4437e-02    1.0023e+00
 1.2310e+00    1.4174e+02   -9.4318e-02    1.0023e+00
 1.2320e+00    1.4174e+02   -9.4296e-02    1.0023e+00
 1.2330e+00    1.4175e+02   -9.4475e-02    1.0022e+00
 1.2340e+00    1.4175e+02   -9.4531e-02    1.0022e+00
 1.2350e+00    1.4176e+02   -9.4402e-02    1.0021e+00
 1.2360e+00    1.4176e+02   -9.4442e-02    1.0022e+00
 1.2370e+00    1.4177e+02   -9.4356e-02    1.0020e+00
 1.2380e+00    1.4177e+02   -9.4543e-02    1.0021e+00
 1.2390e+00    1.4178e+02   -9.4560e-02    1.0022e+00
 1.2400e+00    1.4178e+02   -9.4445e-02    1.0021e+00
 1.2410e+00    1.4179e+02   -9.4437e-02    1.0022e+00
 1.2420e+00    1.4179e+02   -9.4582e-02    1.0020e+00
 1.2430e+00    1.4180e+02   -9.4503e-02    1.0018e+00
 1.2440e+00    1.4180e+02   -9.4443e-02    1.0018e+00
 1.2450e+00    1.4181e+02   -9.4440e-02    1.0019e+00
 1.2460e+00    1.4181e+02   -9.4467e-02    1.0018e+00
 1.2470e+00    1.4181e+02   -9.4328e-02    1.0017e+00
 1.2480e+00    1.4181e+02   -9.4409e-02    1.0017e+00
 1.2490e+00    1.4181e+02   -9.4450e-02    1.0016e+00
 1.2500e+00    1.4181e+02   -9.4606e-02    1.0014e+00
 1.2510e+00    1.4181e+02   -9.4687e-02    1.0014e+00
 1.2520e+00    1.4181e+02   -9.4636e-02    1.0013e+00
 1.2530e+00    1.4182e+02   -9.4759e-02    1.0012e+00
 1.2540e+00    1.4182e+02   -9.4928e-02    1.0011e+00
 1.2550e+00    1.4182e+02   -9.4744e-02    1.0010e+00
 1.2560e+00    1.4183e+02   -9.4696e-02    1.0010e+00
 1.2570e+00    1.4183e+02   -9.4834e-02    1.0010e+00
 1.2580e+00    1.4183e+02   -9.4980e-02    1.0008e+00
 1.2590e+00    1.4183e+02   -9.4888e-02    1.0009e+00
 1.2600e+00    1.4184e+02   -9.4919e-02    1.0010e+00
 1.2610e+00    1.4184e+02   -9.5102e-02    1.0010e+00
 1.2620e+00    1.4184e+02   -9.4940e-02    1.0011e+00
 1.2630e+00    1.4185e+02   -9.4718e-02    1.0010e+00
 1.2640e+00    1.4185e+02   -9.4817e-02    1.0012e+00
 1.2650e+00    1.4186e+02   -9.4791e-02    1.0010e+00
 1.2660e+00    1.4186e+02   -9.4788e-02    1.0008e+00
 1.2670e+00    1.4186e+02   -9.4771e-02    1.0010e+00
 1.2680e+00    1.4186e+02   -9.4847e-02    1.0009e+00
 1.2690e+00    1.4187e+02   -9.5063e-02    1.0011e+00
 1.2700e+00    1.4187e+02   -9.4663e-02    1.0009e+00
 1.2710e+00    1.4188e+02   -9.4191e-02    1.0009e+00
 1.2720e+00    1.4188e+02   -9.4387e-02    1.0011e+00
 1.2730e+00    1.4188e+02   -9.5148e-02    1.0012e+00
 1.2740e+00    1.4189e+02   -9.4287e-02    1.0011e+00
 1.2750e+00    1.4190e+02   -9.2515e-02    1.0007e+00
 1.2760e+00    1.4189e+02   -9.4319e-02    1.0008e+00
 1.2770e+00    1.4188e+02   -9.6539e-02    1.0011e+00
 1.2780e+00    1.4190e+02   -9.4042e-02    1.0008e+00
 1.2790e+00    1.4193e+02   -9.0432e-02    9.9578e-01
