PROFILES: ELECTRIC POTENTIAL phi, MACH NUMBER U_z/cs, MACH NUMBER U_Bdir/c_s 
distance(mm)    phi(V)      U_z/cs(-)      U_Bdir/c_s(-)
 0.0000e+00    9.4774e+00   -2.5071e+00    2.5071e+00
 1.0000e-03    1.8433e+01   -2.4301e+00    2.4301e+00
 2.0000e-03    2.6875e+01   -2.3551e+00    2.3551e+00
 3.0000e-03    3.4812e+01   -2.2825e+00    2.2825e+00
 4.0000e-03    4.2252e+01   -2.2121e+00    2.2121e+00
 5.0000e-03    4.9210e+01   -2.1442e+00    2.1442e+00
 6.0000e-03    5.5698e+01   -2.0790e+00    2.0790e+00
 7.0000e-03    6.1732e+01   -2.0164e+00    2.0164e+00
 8.0000e-03    6.7330e+01   -1.9565e+00    1.9565e+00
 9.0000e-03    7.2512e+01   -1.8993e+00    1.8993e+00
 1.0000e-02    7.7298e+01   -1.8450e+00    1.8450e+00
 1.1000e-02    8.1709e+01   -1.7934e+00    1.7934e+00
 1.2000e-02    8.5766e+01   -1.7447e+00    1.7447e+00
 1.3000e-02    8.9493e+01   -1.6986e+00    1.6986e+00
 1.4000e-02    9.2911e+01   -1.6553e+00    1.6553e+00
 1.5000e-02    9.6043e+01   -1.6145e+00    1.6145e+00
 1.6000e-02    9.8909e+01   -1.5763e+00    1.5763e+00
 1.7000e-02    1.0153e+02   -1.5405e+00    1.5405e+00
 1.8000e-02    1.0393e+02   -1.5070e+00    1.5070e+00
 1.9000e-02    1.0611e+02   -1.4757e+00    1.4757e+00
 2.0000e-02    1.0811e+02   -1.4466e+00    1.4466e+00
 2.1000e-02    1.0994e+02   -1.4194e+00    1.4194e+00
 2.2000e-02    1.1161e+02   -1.3941e+00    1.3941e+00
 2.3000e-02    1.1313e+02   -1.3706e+00    1.3706e+00
 2.4000e-02    1.1452e+02   -1.3487e+00    1.3487e+00
 2.5000e-02    1.1580e+02   -1.3284e+00    1.3284e+00
 2.6000e-02    1.1696e+02   -1.3095e+00    1.3095e+00
 2.7000e-02    1.1803e+02   -1.2920e+00    1.2920e+00
 2.8000e-02    1.1901e+02   -1.2757e+00    1.2757e+00
 2.9000e-02    1.1990e+02   -1.2606e+00    1.2606e+00
 3.0000e-02    1.2072e+02   -1.2466e+00    1.2466e+00
 3.1000e-02    1.2148e+02   -1.2335e+00    1.2335e+00
 3.2000e-02    1.2217e+02   -1.2215e+00    1.2215e+00
 3.3000e-02    1.2281e+02   -1.2103e+00    1.2103e+00
 3.4000e-02    1.2340e+02   -1.1999e+00    1.1999e+00
 3.5000e-02    1.2394e+02   -1.1902e+00    1.1902e+00
 3.6000e-02    1.2444e+02   -1.1812e+00    1.1812e+00
 3.7000e-02    1.2490e+02   -1.1729e+00    1.1729e+00
 3.8000e-02    1.2533e+02   -1.1651e+00    1.1651e+00
 3.9000e-02    1.2572e+02   -1.1578e+00    1.1578e+00
 4.0000e-02    1.2608e+02   -1.1511e+00    1.1511e+00
 4.1000e-02    1.2642e+02   -1.1448e+00    1.1448e+00
 4.2000e-02    1.2673e+02   -1.1389e+00    1.1389e+00
 4.3000e-02    1.2702e+02   -1.1335e+00    1.1335e+00
 4.4000e-02    1.2729e+02   -1.1284e+00    1.1284e+00
 4.5000e-02    1.2753e+02   -1.1237e+00    1.1237e+00
 4.6000e-02    1.2776e+02   -1.1194e+00    1.1194e+00
 4.7000e-02    1.2797e+02   -1.1153e+00    1.1153e+00
 4.8000e-02    1.2816e+02   -1.1115e+00    1.1115e+00
 4.9000e-02    1.2834e+02   -1.1080e+00    1.1080e+00
 5.0000e-02    1.2851e+02   -1.1048e+00    1.1048e+00
 5.1000e-02    1.2867e+02   -1.1018e+00    1.1018e+00
 5.2000e-02    1.2881e+02   -1.0990e+00    1.0990e+00
 5.3000e-02    1.2894e+02   -1.0964e+00    1.0964e+00
 5.4000e-02    1.2907e+02   -1.0940e+00    1.0940e+00
 5.5000e-02    1.2918e+02   -1.0918e+00    1.0918e+00
 5.6000e-02    1.2928e+02   -1.0898e+00    1.0898e+00
 5.7000e-02    1.2938e+02   -1.0880e+00    1.0880e+00
 5.8000e-02    1.2947e+02   -1.0862e+00    1.0862e+00
 5.9000e-02    1.2955e+02   -1.0847e+00    1.0847e+00
 6.0000e-02    1.2962e+02   -1.0832e+00    1.0832e+00
 6.1000e-02    1.2969e+02   -1.0818e+00    1.0818e+00
 6.2000e-02    1.2976e+02   -1.0806e+00    1.0806e+00
 6.3000e-02    1.2982e+02   -1.0795e+00    1.0795e+00
 6.4000e-02    1.2987e+02   -1.0784e+00    1.0784e+00
 6.5000e-02    1.2992e+02   -1.0774e+00    1.0774e+00
 6.6000e-02    1.2997e+02   -1.0765e+00    1.0765e+00
 6.7000e-02    1.3002e+02   -1.0756e+00    1.0756e+00
 6.8000e-02    1.3006e+02   -1.0748e+00    1.0748e+00
 6.9000e-02    1.3010e+02   -1.0740e+00    1.0740e+00
 7.0000e-02    1.3014e+02   -1.0732e+00    1.0732e+00
 7.1000e-02    1.3018e+02   -1.0725e+00    1.0725e+00
 7.2000e-02    1.3021e+02   -1.0718e+00    1.0718e+00
 7.3000e-02    1.3024e+02   -1.0712e+00    1.0712e+00
 7.4000e-02    1.3028e+02   -1.0706e+00    1.0706e+00
 7.5000e-02    1.3030e+02   -1.0701e+00    1.0701e+00
 7.6000e-02    1.3033e+02   -1.0695e+00    1.0695e+00
 7.7000e-02    1.3036e+02   -1.0690e+00    1.0690e+00
 7.8000e-02    1.3039e+02   -1.0685e+00    1.0685e+00
 7.9000e-02    1.3041e+02   -1.0680e+00    1.0680e+00
 8.0000e-02    1.3044e+02   -1.0674e+00    1.0674e+00
 8.1000e-02    1.3046e+02   -1.0669e+00    1.0669e+00
 8.2000e-02    1.3049e+02   -1.0664e+00    1.0664e+00
 8.3000e-02    1.3051e+02   -1.0659e+00    1.0659e+00
 8.4000e-02    1.3053e+02   -1.0653e+00    1.0653e+00
 8.5000e-02    1.3056e+02   -1.0648e+00    1.0648e+00
 8.6000e-02    1.3058e+02   -1.0643e+00    1.0643e+00
 8.7000e-02    1.3061e+02   -1.0638e+00    1.0638e+00
 8.8000e-02    1.3063e+02   -1.0633e+00    1.0633e+00
 8.9000e-02    1.3065e+02   -1.0628e+00    1.0628e+00
 9.0000e-02    1.3068e+02   -1.0624e+00    1.0624e+00
 9.1000e-02    1.3070e+02   -1.0620e+00    1.0620e+00
 9.2000e-02    1.3072e+02   -1.0616e+00    1.0616e+00
 9.3000e-02    1.3074e+02   -1.0612e+00    1.0612e+00
 9.4000e-02    1.3075e+02   -1.0608e+00    1.0608e+00
 9.5000e-02    1.3077e+02   -1.0605e+00    1.0605e+00
 9.6000e-02    1.3079e+02   -1.0601e+00    1.0601e+00
 9.7000e-02    1.3080e+02   -1.0597e+00    1.0597e+00
 9.8000e-02    1.3082e+02   -1.0594e+00    1.0594e+00
 9.9000e-02    1.3084e+02   -1.0591e+00    1.0591e+00
 1.0000e-01    1.3086e+02   -1.0587e+00    1.0587e+00
 1.0100e-01    1.3087e+02   -1.0584e+00    1.0584e+00
 1.0200e-01    1.3089e+02   -1.0581e+00    1.0581e+00
 1.0300e-01    1.3090e+02   -1.0578e+00    1.0578e+00
 1.0400e-01    1.3092e+02   -1.0575e+00    1.0575e+00
 1.0500e-01    1.3093e+02   -1.0572e+00    1.0572e+00
 1.0600e-01    1.3095e+02   -1.0569e+00    1.0569e+00
 1.0700e-01    1.3096e+02   -1.0566e+00    1.0566e+00
 1.0800e-01    1.3097e+02   -1.0563e+00    1.0563e+00
 1.0900e-01    1.3099e+02   -1.0560e+00    1.0560e+00
 1.1000e-01    1.3100e+02   -1.0557e+00    1.0557e+00
 1.1100e-01    1.3101e+02   -1.0554e+00    1.0554e+00
 1.1200e-01    1.3102e+02   -1.0552e+00    1.0552e+00
 1.1300e-01    1.3104e+02   -1.0549e+00    1.0549e+00
 1.1400e-01    1.3105e+02   -1.0547e+00    1.0547e+00
 1.1500e-01    1.3106e+02   -1.0545e+00    1.0545e+00
 1.1600e-01    1.3106e+02   -1.0543e+00    1.0543e+00
 1.1700e-01    1.3107e+02   -1.0541e+00    1.0541e+00
 1.1800e-01    1.3108e+02   -1.0540e+00    1.0540e+00
 1.1900e-01    1.3108e+02   -1.0539e+00    1.0539e+00
 1.2000e-01    1.3108e+02   -1.0538e+00    1.0538e+00
 1.2100e-01    1.3109e+02   -1.0537e+00    1.0537e+00
 1.2200e-01    1.3110e+02   -1.0536e+00    1.0536e+00
 1.2300e-01    1.3110e+02   -1.0535e+00    1.0535e+00
 1.2400e-01    1.3110e+02   -1.0534e+00    1.0534e+00
 1.2500e-01    1.3111e+02   -1.0533e+00    1.0533e+00
 1.2600e-01    1.3111e+02   -1.0532e+00    1.0532e+00
 1.2700e-01    1.3112e+02   -1.0531e+00    1.0531e+00
 1.2800e-01    1.3113e+02   -1.0530e+00    1.0530e+00
 1.2900e-01    1.3113e+02   -1.0528e+00    1.0528e+00
 1.3000e-01    1.3114e+02   -1.0527e+00    1.0527e+00
 1.3100e-01    1.3114e+02   -1.0526e+00    1.0526e+00
 1.3200e-01    1.3115e+02   -1.0524e+00    1.0524e+00
 1.3300e-01    1.3115e+02   -1.0523e+00    1.0523e+00
 1.3400e-01    1.3116e+02   -1.0521e+00    1.0521e+00
 1.3500e-01    1.3117e+02   -1.0520e+00    1.0520e+00
 1.3600e-01    1.3117e+02   -1.0519e+00    1.0519e+00
 1.3700e-01    1.3118e+02   -1.0517e+00    1.0517e+00
 1.3800e-01    1.3119e+02   -1.0516e+00    1.0516e+00
 1.3900e-01    1.3119e+02   -1.0515e+00    1.0515e+00
 1.4000e-01    1.3120e+02   -1.0514e+00    1.0514e+00
 1.4100e-01    1.3120e+02   -1.0513e+00    1.0513e+00
 1.4200e-01    1.3121e+02   -1.0511e+00    1.0511e+00
 1.4300e-01    1.3121e+02   -1.0510e+00    1.0510e+00
 1.4400e-01    1.3122e+02   -1.0509e+00    1.0509e+00
 1.4500e-01    1.3123e+02   -1.0507e+00    1.0507e+00
 1.4600e-01    1.3123e+02   -1.0506e+00    1.0506e+00
 1.4700e-01    1.3124e+02   -1.0504e+00    1.0504e+00
 1.4800e-01    1.3125e+02   -1.0503e+00    1.0503e+00
 1.4900e-01    1.3126e+02   -1.0501e+00    1.0501e+00
 1.5000e-01    1.3126e+02   -1.0500e+00    1.0500e+00
 1.5100e-01    1.3127e+02   -1.0499e+00    1.0499e+00
 1.5200e-01    1.3128e+02   -1.0497e+00    1.0497e+00
 1.5300e-01    1.3128e+02   -1.0496e+00    1.0496e+00
 1.5400e-01    1.3129e+02   -1.0494e+00    1.0494e+00
 1.5500e-01    1.3129e+02   -1.0492e+00    1.0492e+00
 1.5600e-01    1.3130e+02   -1.0491e+00    1.0491e+00
 1.5700e-01    1.3130e+02   -1.0489e+00    1.0489e+00
 1.5800e-01    1.3131e+02   -1.0488e+00    1.0488e+00
 1.5900e-01    1.3131e+02   -1.0486e+00    1.0486e+00
 1.6000e-01    1.3132e+02   -1.0485e+00    1.0485e+00
 1.6100e-01    1.3132e+02   -1.0485e+00    1.0485e+00
 1.6200e-01    1.3132e+02   -1.0484e+00    1.0484e+00
 1.6300e-01    1.3132e+02   -1.0484e+00    1.0484e+00
 1.6400e-01    1.3132e+02   -1.0484e+00    1.0484e+00
 1.6500e-01    1.3132e+02   -1.0484e+00    1.0484e+00
 1.6600e-01    1.3132e+02   -1.0484e+00    1.0484e+00
 1.6700e-01    1.3131e+02   -1.0485e+00    1.0485e+00
 1.6800e-01    1.3131e+02   -1.0485e+00    1.0485e+00
 1.6900e-01    1.3131e+02   -1.0486e+00    1.0486e+00
 1.7000e-01    1.3130e+02   -1.0487e+00    1.0487e+00
 1.7100e-01    1.3130e+02   -1.0489e+00    1.0489e+00
 1.7200e-01    1.3129e+02   -1.0490e+00    1.0490e+00
 1.7300e-01    1.3128e+02   -1.0492e+00    1.0492e+00
 1.7400e-01    1.3128e+02   -1.0494e+00    1.0494e+00
 1.7500e-01    1.3127e+02   -1.0496e+00    1.0496e+00
 1.7600e-01    1.3126e+02   -1.0498e+00    1.0498e+00
 1.7700e-01    1.3125e+02   -1.0500e+00    1.0500e+00
 1.7800e-01    1.3124e+02   -1.0502e+00    1.0502e+00
 1.7900e-01    1.3123e+02   -1.0504e+00    1.0504e+00
 1.8000e-01    1.3123e+02   -1.0506e+00    1.0506e+00
 1.8100e-01    1.3122e+02   -1.0508e+00    1.0508e+00
 1.8200e-01    1.3121e+02   -1.0510e+00    1.0510e+00
 1.8300e-01    1.3120e+02   -1.0512e+00    1.0512e+00
 1.8400e-01    1.3120e+02   -1.0513e+00    1.0513e+00
 1.8500e-01    1.3119e+02   -1.0514e+00    1.0514e+00
 1.8600e-01    1.3119e+02   -1.0515e+00    1.0515e+00
 1.8700e-01    1.3119e+02   -1.0515e+00    1.0515e+00
 1.8800e-01    1.3119e+02   -1.0515e+00    1.0515e+00
 1.8900e-01    1.3119e+02   -1.0515e+00    1.0515e+00
 1.9000e-01    1.3119e+02   -1.0515e+00    1.0515e+00
 1.9100e-01    1.3119e+02   -1.0515e+00    1.0515e+00
 1.9200e-01    1.3119e+02   -1.0514e+00    1.0514e+00
 1.9300e-01    1.3120e+02   -1.0513e+00    1.0513e+00
 1.9400e-01    1.3120e+02   -1.0513e+00    1.0513e+00
 1.9500e-01    1.3121e+02   -1.0512e+00    1.0512e+00
 1.9600e-01    1.3121e+02   -1.0511e+00    1.0511e+00
 1.9700e-01    1.3122e+02   -1.0510e+00    1.0510e+00
 1.9800e-01    1.3122e+02   -1.0509e+00    1.0509e+00
 1.9900e-01    1.3123e+02   -1.0508e+00    1.0508e+00
 2.0000e-01    1.3123e+02   -1.0507e+00    1.0507e+00
 2.0100e-01    1.3124e+02   -1.0505e+00    1.0505e+00
 2.0200e-01    1.3125e+02   -1.0504e+00    1.0504e+00
 2.0300e-01    1.3126e+02   -1.0503e+00    1.0503e+00
 2.0400e-01    1.3126e+02   -1.0501e+00    1.0501e+00
 2.0500e-01    1.3127e+02   -1.0500e+00    1.0500e+00
 2.0600e-01    1.3128e+02   -1.0498e+00    1.0498e+00
 2.0700e-01    1.3128e+02   -1.0497e+00    1.0497e+00
 2.0800e-01    1.3129e+02   -1.0495e+00    1.0495e+00
 2.0900e-01    1.3129e+02   -1.0494e+00    1.0494e+00
 2.1000e-01    1.3130e+02   -1.0493e+00    1.0493e+00
 2.1100e-01    1.3131e+02   -1.0491e+00    1.0491e+00
 2.1200e-01    1.3132e+02   -1.0489e+00    1.0489e+00
 2.1300e-01    1.3132e+02   -1.0488e+00    1.0488e+00
 2.1400e-01    1.3133e+02   -1.0486e+00    1.0486e+00
 2.1500e-01    1.3134e+02   -1.0484e+00    1.0484e+00
 2.1600e-01    1.3135e+02   -1.0483e+00    1.0483e+00
 2.1700e-01    1.3136e+02   -1.0481e+00    1.0481e+00
 2.1800e-01    1.3137e+02   -1.0479e+00    1.0479e+00
 2.1900e-01    1.3138e+02   -1.0477e+00    1.0477e+00
 2.2000e-01    1.3139e+02   -1.0475e+00    1.0475e+00
 2.2100e-01    1.3140e+02   -1.0473e+00    1.0473e+00
 2.2200e-01    1.3141e+02   -1.0470e+00    1.0470e+00
 2.2300e-01    1.3142e+02   -1.0468e+00    1.0468e+00
 2.2400e-01    1.3143e+02   -1.0466e+00    1.0466e+00
 2.2500e-01    1.3144e+02   -1.0464e+00    1.0464e+00
 2.2600e-01    1.3145e+02   -1.0461e+00    1.0461e+00
 2.2700e-01    1.3146e+02   -1.0459e+00    1.0459e+00
 2.2800e-01    1.3147e+02   -1.0457e+00    1.0457e+00
 2.2900e-01    1.3148e+02   -1.0455e+00    1.0455e+00
 2.3000e-01    1.3149e+02   -1.0453e+00    1.0453e+00
 2.3100e-01    1.3150e+02   -1.0450e+00    1.0450e+00
 2.3200e-01    1.3151e+02   -1.0448e+00    1.0448e+00
 2.3300e-01    1.3152e+02   -1.0446e+00    1.0446e+00
 2.3400e-01    1.3153e+02   -1.0444e+00    1.0444e+00
 2.3500e-01    1.3154e+02   -1.0442e+00    1.0442e+00
 2.3600e-01    1.3155e+02   -1.0440e+00    1.0440e+00
 2.3700e-01    1.3155e+02   -1.0438e+00    1.0438e+00
 2.3800e-01    1.3156e+02   -1.0437e+00    1.0437e+00
 2.3900e-01    1.3156e+02   -1.0436e+00    1.0436e+00
 2.4000e-01    1.3156e+02   -1.0435e+00    1.0435e+00
 2.4100e-01    1.3157e+02   -1.0434e+00    1.0434e+00
 2.4200e-01    1.3157e+02   -1.0433e+00    1.0433e+00
 2.4300e-01    1.3157e+02   -1.0433e+00    1.0433e+00
 2.4400e-01    1.3157e+02   -1.0432e+00    1.0432e+00
 2.4500e-01    1.3157e+02   -1.0432e+00    1.0432e+00
 2.4600e-01    1.3157e+02   -1.0431e+00    1.0431e+00
 2.4700e-01    1.3157e+02   -1.0431e+00    1.0431e+00
 2.4800e-01    1.3157e+02   -1.0431e+00    1.0431e+00
 2.4900e-01    1.3157e+02   -1.0431e+00    1.0431e+00
 2.5000e-01    1.3157e+02   -1.0431e+00    1.0431e+00
 2.5100e-01    1.3156e+02   -1.0432e+00    1.0432e+00
 2.5200e-01    1.3156e+02   -1.0432e+00    1.0432e+00
 2.5300e-01    1.3156e+02   -1.0433e+00    1.0433e+00
 2.5400e-01    1.3156e+02   -1.0433e+00    1.0433e+00
 2.5500e-01    1.3155e+02   -1.0434e+00    1.0434e+00
 2.5600e-01    1.3155e+02   -1.0434e+00    1.0434e+00
 2.5700e-01    1.3155e+02   -1.0435e+00    1.0435e+00
 2.5800e-01    1.3154e+02   -1.0435e+00    1.0435e+00
 2.5900e-01    1.3154e+02   -1.0436e+00    1.0436e+00
 2.6000e-01    1.3154e+02   -1.0437e+00    1.0437e+00
 2.6100e-01    1.3153e+02   -1.0437e+00    1.0437e+00
 2.6200e-01    1.3153e+02   -1.0438e+00    1.0438e+00
 2.6300e-01    1.3153e+02   -1.0438e+00    1.0438e+00
 2.6400e-01    1.3153e+02   -1.0438e+00    1.0438e+00
 2.6500e-01    1.3153e+02   -1.0438e+00    1.0438e+00
 2.6600e-01    1.3153e+02   -1.0438e+00    1.0438e+00
 2.6700e-01    1.3153e+02   -1.0437e+00    1.0437e+00
 2.6800e-01    1.3153e+02   -1.0437e+00    1.0437e+00
 2.6900e-01    1.3153e+02   -1.0437e+00    1.0437e+00
 2.7000e-01    1.3153e+02   -1.0437e+00    1.0437e+00
 2.7100e-01    1.3154e+02   -1.0436e+00    1.0436e+00
 2.7200e-01    1.3154e+02   -1.0436e+00    1.0436e+00
 2.7300e-01    1.3154e+02   -1.0436e+00    1.0436e+00
 2.7400e-01    1.3154e+02   -1.0435e+00    1.0435e+00
 2.7500e-01    1.3155e+02   -1.0435e+00    1.0435e+00
 2.7600e-01    1.3155e+02   -1.0434e+00    1.0434e+00
 2.7700e-01    1.3155e+02   -1.0434e+00    1.0434e+00
 2.7800e-01    1.3156e+02   -1.0433e+00    1.0433e+00
 2.7900e-01    1.3156e+02   -1.0433e+00    1.0433e+00
 2.8000e-01    1.3156e+02   -1.0432e+00    1.0432e+00
 2.8100e-01    1.3157e+02   -1.0431e+00    1.0431e+00
 2.8200e-01    1.3157e+02   -1.0430e+00    1.0430e+00
 2.8300e-01    1.3158e+02   -1.0429e+00    1.0429e+00
 2.8400e-01    1.3158e+02   -1.0428e+00    1.0428e+00
 2.8500e-01    1.3159e+02   -1.0427e+00    1.0427e+00
 2.8600e-01    1.3160e+02   -1.0425e+00    1.0425e+00
 2.8700e-01    1.3160e+02   -1.0424e+00    1.0424e+00
 2.8800e-01    1.3161e+02   -1.0422e+00    1.0422e+00
 2.8900e-01    1.3162e+02   -1.0420e+00    1.0420e+00
 2.9000e-01    1.3163e+02   -1.0419e+00    1.0419e+00
 2.9100e-01    1.3163e+02   -1.0417e+00    1.0417e+00
 2.9200e-01    1.3164e+02   -1.0416e+00    1.0416e+00
 2.9300e-01    1.3165e+02   -1.0414e+00    1.0414e+00
 2.9400e-01    1.3165e+02   -1.0413e+00    1.0413e+00
 2.9500e-01    1.3166e+02   -1.0411e+00    1.0411e+00
 2.9600e-01    1.3166e+02   -1.0410e+00    1.0410e+00
 2.9700e-01    1.3167e+02   -1.0408e+00    1.0408e+00
 2.9800e-01    1.3168e+02   -1.0407e+00    1.0407e+00
 2.9900e-01    1.3168e+02   -1.0405e+00    1.0405e+00
 3.0000e-01    1.3169e+02   -1.0403e+00    1.0403e+00
 3.0100e-01    1.3170e+02   -1.0402e+00    1.0402e+00
 3.0200e-01    1.3171e+02   -1.0400e+00    1.0400e+00
 3.0300e-01    1.3172e+02   -1.0398e+00    1.0398e+00
 3.0400e-01    1.3172e+02   -1.0396e+00    1.0396e+00
 3.0500e-01    1.3173e+02   -1.0395e+00    1.0395e+00
 3.0600e-01    1.3174e+02   -1.0393e+00    1.0393e+00
 3.0700e-01    1.3175e+02   -1.0391e+00    1.0391e+00
 3.0800e-01    1.3176e+02   -1.0389e+00    1.0389e+00
 3.0900e-01    1.3176e+02   -1.0387e+00    1.0387e+00
 3.1000e-01    1.3177e+02   -1.0385e+00    1.0385e+00
 3.1100e-01    1.3178e+02   -1.0383e+00    1.0383e+00
 3.1200e-01    1.3179e+02   -1.0381e+00    1.0381e+00
 3.1300e-01    1.3179e+02   -1.0379e+00    1.0379e+00
 3.1400e-01    1.3180e+02   -1.0378e+00    1.0378e+00
 3.1500e-01    1.3181e+02   -1.0377e+00    1.0377e+00
 3.1600e-01    1.3181e+02   -1.0377e+00    1.0377e+00
 3.1700e-01    1.3181e+02   -1.0376e+00    1.0376e+00
 3.1800e-01    1.3182e+02   -1.0376e+00    1.0376e+00
 3.1900e-01    1.3182e+02   -1.0376e+00    1.0376e+00
 3.2000e-01    1.3182e+02   -1.0375e+00    1.0375e+00
 3.2100e-01    1.3183e+02   -1.0375e+00    1.0375e+00
 3.2200e-01    1.3183e+02   -1.0374e+00    1.0374e+00
 3.2300e-01    1.3183e+02   -1.0374e+00    1.0374e+00
 3.2400e-01    1.3183e+02   -1.0373e+00    1.0373e+00
 3.2500e-01    1.3184e+02   -1.0373e+00    1.0373e+00
 3.2600e-01    1.3184e+02   -1.0372e+00    1.0372e+00
 3.2700e-01    1.3184e+02   -1.0371e+00    1.0371e+00
 3.2800e-01    1.3184e+02   -1.0371e+00    1.0371e+00
 3.2900e-01    1.3184e+02   -1.0370e+00    1.0370e+00
 3.3000e-01    1.3184e+02   -1.0370e+00    1.0370e+00
 3.3100e-01    1.3184e+02   -1.0370e+00    1.0370e+00
 3.3200e-01    1.3185e+02   -1.0369e+00    1.0369e+00
 3.3300e-01    1.3185e+02   -1.0369e+00    1.0369e+00
 3.3400e-01    1.3185e+02   -1.0369e+00    1.0369e+00
 3.3500e-01    1.3185e+02   -1.0369e+00    1.0369e+00
 3.3600e-01    1.3185e+02   -1.0369e+00    1.0369e+00
 3.3700e-01    1.3185e+02   -1.0369e+00    1.0369e+00
 3.3800e-01    1.3185e+02   -1.0369e+00    1.0369e+00
 3.3900e-01    1.3185e+02   -1.0369e+00    1.0369e+00
 3.4000e-01    1.3185e+02   -1.0369e+00    1.0369e+00
 3.4100e-01    1.3185e+02   -1.0369e+00    1.0369e+00
 3.4200e-01    1.3185e+02   -1.0369e+00    1.0369e+00
 3.4300e-01    1.3185e+02   -1.0369e+00    1.0369e+00
 3.4400e-01    1.3185e+02   -1.0369e+00    1.0369e+00
 3.4500e-01    1.3185e+02   -1.0369e+00    1.0369e+00
 3.4600e-01    1.3185e+02   -1.0369e+00    1.0369e+00
 3.4700e-01    1.3185e+02   -1.0369e+00    1.0369e+00
 3.4800e-01    1.3185e+02   -1.0369e+00    1.0369e+00
 3.4900e-01    1.3185e+02   -1.0369e+00    1.0369e+00
 3.5000e-01    1.3185e+02   -1.0369e+00    1.0369e+00
 3.5100e-01    1.3185e+02   -1.0370e+00    1.0370e+00
 3.5200e-01    1.3185e+02   -1.0370e+00    1.0370e+00
 3.5300e-01    1.3185e+02   -1.0370e+00    1.0370e+00
 3.5400e-01    1.3184e+02   -1.0370e+00    1.0370e+00
 3.5500e-01    1.3184e+02   -1.0370e+00    1.0370e+00
 3.5600e-01    1.3184e+02   -1.0371e+00    1.0371e+00
 3.5700e-01    1.3184e+02   -1.0371e+00    1.0371e+00
 3.5800e-01    1.3184e+02   -1.0371e+00    1.0371e+00
 3.5900e-01    1.3184e+02   -1.0371e+00    1.0371e+00
 3.6000e-01    1.3184e+02   -1.0371e+00    1.0371e+00
 3.6100e-01    1.3184e+02   -1.0371e+00    1.0371e+00
 3.6200e-01    1.3184e+02   -1.0371e+00    1.0371e+00
 3.6300e-01    1.3184e+02   -1.0371e+00    1.0371e+00
 3.6400e-01    1.3184e+02   -1.0371e+00    1.0371e+00
 3.6500e-01    1.3184e+02   -1.0372e+00    1.0372e+00
 3.6600e-01    1.3184e+02   -1.0372e+00    1.0372e+00
 3.6700e-01    1.3184e+02   -1.0372e+00    1.0372e+00
 3.6800e-01    1.3184e+02   -1.0372e+00    1.0372e+00
 3.6900e-01    1.3184e+02   -1.0371e+00    1.0371e+00
 3.7000e-01    1.3184e+02   -1.0371e+00    1.0371e+00
 3.7100e-01    1.3184e+02   -1.0370e+00    1.0370e+00
 3.7200e-01    1.3184e+02   -1.0370e+00    1.0370e+00
 3.7300e-01    1.3185e+02   -1.0369e+00    1.0369e+00
 3.7400e-01    1.3185e+02   -1.0368e+00    1.0368e+00
 3.7500e-01    1.3185e+02   -1.0368e+00    1.0368e+00
 3.7600e-01    1.3186e+02   -1.0367e+00    1.0367e+00
 3.7700e-01    1.3186e+02   -1.0366e+00    1.0366e+00
 3.7800e-01    1.3186e+02   -1.0365e+00    1.0365e+00
 3.7900e-01    1.3187e+02   -1.0363e+00    1.0363e+00
 3.8000e-01    1.3187e+02   -1.0362e+00    1.0362e+00
 3.8100e-01    1.3188e+02   -1.0360e+00    1.0360e+00
 3.8200e-01    1.3189e+02   -1.0359e+00    1.0359e+00
 3.8300e-01    1.3189e+02   -1.0358e+00    1.0358e+00
 3.8400e-01    1.3190e+02   -1.0357e+00    1.0357e+00
 3.8500e-01    1.3191e+02   -1.0355e+00    1.0355e+00
 3.8600e-01    1.3191e+02   -1.0354e+00    1.0354e+00
 3.8700e-01    1.3192e+02   -1.0353e+00    1.0353e+00
 3.8800e-01    1.3193e+02   -1.0352e+00    1.0352e+00
 3.8900e-01    1.3193e+02   -1.0351e+00    1.0351e+00
 3.9000e-01    1.3194e+02   -1.0350e+00    1.0350e+00
 3.9100e-01    1.3194e+02   -1.0349e+00    1.0349e+00
 3.9200e-01    1.3195e+02   -1.0348e+00    1.0348e+00
 3.9300e-01    1.3196e+02   -1.0347e+00    1.0347e+00
 3.9400e-01    1.3196e+02   -1.0346e+00    1.0346e+00
 3.9500e-01    1.3197e+02   -1.0345e+00    1.0345e+00
 3.9600e-01    1.3197e+02   -1.0344e+00    1.0344e+00
 3.9700e-01    1.3198e+02   -1.0343e+00    1.0343e+00
 3.9800e-01    1.3198e+02   -1.0341e+00    1.0341e+00
 3.9900e-01    1.3199e+02   -1.0340e+00    1.0340e+00
 4.0000e-01    1.3199e+02   -1.0339e+00    1.0339e+00
 4.0100e-01    1.3200e+02   -1.0338e+00    1.0338e+00
 4.0200e-01    1.3200e+02   -1.0337e+00    1.0337e+00
 4.0300e-01    1.3201e+02   -1.0336e+00    1.0336e+00
 4.0400e-01    1.3201e+02   -1.0335e+00    1.0335e+00
 4.0500e-01    1.3201e+02   -1.0334e+00    1.0334e+00
 4.0600e-01    1.3202e+02   -1.0333e+00    1.0333e+00
 4.0700e-01    1.3202e+02   -1.0332e+00    1.0332e+00
 4.0800e-01    1.3202e+02   -1.0331e+00    1.0331e+00
 4.0900e-01    1.3203e+02   -1.0330e+00    1.0330e+00
 4.1000e-01    1.3203e+02   -1.0329e+00    1.0329e+00
 4.1100e-01    1.3203e+02   -1.0329e+00    1.0329e+00
 4.1200e-01    1.3204e+02   -1.0328e+00    1.0328e+00
 4.1300e-01    1.3204e+02   -1.0327e+00    1.0327e+00
 4.1400e-01    1.3204e+02   -1.0326e+00    1.0326e+00
 4.1500e-01    1.3204e+02   -1.0326e+00    1.0326e+00
 4.1600e-01    1.3204e+02   -1.0325e+00    1.0325e+00
 4.1700e-01    1.3205e+02   -1.0324e+00    1.0324e+00
 4.1800e-01    1.3205e+02   -1.0324e+00    1.0324e+00
 4.1900e-01    1.3205e+02   -1.0324e+00    1.0324e+00
 4.2000e-01    1.3205e+02   -1.0323e+00    1.0323e+00
 4.2100e-01    1.3205e+02   -1.0323e+00    1.0323e+00
 4.2200e-01    1.3205e+02   -1.0323e+00    1.0323e+00
 4.2300e-01    1.3205e+02   -1.0323e+00    1.0323e+00
 4.2400e-01    1.3205e+02   -1.0323e+00    1.0323e+00
 4.2500e-01    1.3204e+02   -1.0323e+00    1.0323e+00
 4.2600e-01    1.3204e+02   -1.0323e+00    1.0323e+00
 4.2700e-01    1.3204e+02   -1.0323e+00    1.0323e+00
 4.2800e-01    1.3204e+02   -1.0323e+00    1.0323e+00
 4.2900e-01    1.3204e+02   -1.0324e+00    1.0324e+00
 4.3000e-01    1.3204e+02   -1.0324e+00    1.0324e+00
 4.3100e-01    1.3204e+02   -1.0324e+00    1.0324e+00
 4.3200e-01    1.3204e+02   -1.0324e+00    1.0324e+00
 4.3300e-01    1.3204e+02   -1.0325e+00    1.0325e+00
 4.3400e-01    1.3204e+02   -1.0325e+00    1.0325e+00
 4.3500e-01    1.3205e+02   -1.0325e+00    1.0325e+00
 4.3600e-01    1.3205e+02   -1.0325e+00    1.0325e+00
 4.3700e-01    1.3205e+02   -1.0325e+00    1.0325e+00
 4.3800e-01    1.3205e+02   -1.0325e+00    1.0325e+00
 4.3900e-01    1.3205e+02   -1.0324e+00    1.0324e+00
 4.4000e-01    1.3205e+02   -1.0324e+00    1.0324e+00
 4.4100e-01    1.3205e+02   -1.0323e+00    1.0323e+00
 4.4200e-01    1.3206e+02   -1.0323e+00    1.0323e+00
 4.4300e-01    1.3206e+02   -1.0322e+00    1.0322e+00
 4.4400e-01    1.3207e+02   -1.0321e+00    1.0321e+00
 4.4500e-01    1.3207e+02   -1.0320e+00    1.0320e+00
 4.4600e-01    1.3208e+02   -1.0319e+00    1.0319e+00
 4.4700e-01    1.3208e+02   -1.0318e+00    1.0318e+00
 4.4800e-01    1.3209e+02   -1.0317e+00    1.0317e+00
 4.4900e-01    1.3209e+02   -1.0315e+00    1.0315e+00
 4.5000e-01    1.3210e+02   -1.0314e+00    1.0314e+00
 4.5100e-01    1.3211e+02   -1.0312e+00    1.0312e+00
 4.5200e-01    1.3211e+02   -1.0311e+00    1.0311e+00
 4.5300e-01    1.3212e+02   -1.0310e+00    1.0310e+00
 4.5400e-01    1.3213e+02   -1.0308e+00    1.0308e+00
 4.5500e-01    1.3213e+02   -1.0307e+00    1.0307e+00
 4.5600e-01    1.3214e+02   -1.0306e+00    1.0306e+00
 4.5700e-01    1.3214e+02   -1.0305e+00    1.0305e+00
 4.5800e-01    1.3215e+02   -1.0304e+00    1.0304e+00
 4.5900e-01    1.3215e+02   -1.0303e+00    1.0303e+00
 4.6000e-01    1.3216e+02   -1.0302e+00    1.0302e+00
 4.6100e-01    1.3216e+02   -1.0301e+00    1.0301e+00
 4.6200e-01    1.3216e+02   -1.0301e+00    1.0301e+00
 4.6300e-01    1.3217e+02   -1.0300e+00    1.0300e+00
 4.6400e-01    1.3217e+02   -1.0299e+00    1.0299e+00
 4.6500e-01    1.3217e+02   -1.0298e+00    1.0298e+00
 4.6600e-01    1.3217e+02   -1.0298e+00    1.0298e+00
 4.6700e-01    1.3218e+02   -1.0297e+00    1.0297e+00
 4.6800e-01    1.3218e+02   -1.0296e+00    1.0296e+00
 4.6900e-01    1.3218e+02   -1.0296e+00    1.0296e+00
 4.7000e-01    1.3218e+02   -1.0295e+00    1.0295e+00
 4.7100e-01    1.3219e+02   -1.0294e+00    1.0294e+00
 4.7200e-01    1.3219e+02   -1.0293e+00    1.0293e+00
 4.7300e-01    1.3219e+02   -1.0293e+00    1.0293e+00
 4.7400e-01    1.3220e+02   -1.0292e+00    1.0292e+00
 4.7500e-01    1.3220e+02   -1.0291e+00    1.0291e+00
 4.7600e-01    1.3220e+02   -1.0290e+00    1.0290e+00
 4.7700e-01    1.3221e+02   -1.0290e+00    1.0290e+00
 4.7800e-01    1.3221e+02   -1.0289e+00    1.0289e+00
 4.7900e-01    1.3221e+02   -1.0289e+00    1.0289e+00
 4.8000e-01    1.3221e+02   -1.0288e+00    1.0288e+00
 4.8100e-01    1.3221e+02   -1.0288e+00    1.0288e+00
 4.8200e-01    1.3221e+02   -1.0287e+00    1.0287e+00
 4.8300e-01    1.3221e+02   -1.0287e+00    1.0287e+00
 4.8400e-01    1.3221e+02   -1.0288e+00    1.0288e+00
 4.8500e-01    1.3220e+02   -1.0288e+00    1.0288e+00
 4.8600e-01    1.3220e+02   -1.0289e+00    1.0289e+00
 4.8700e-01    1.3220e+02   -1.0289e+00    1.0289e+00
 4.8800e-01    1.3220e+02   -1.0290e+00    1.0290e+00
 4.8900e-01    1.3219e+02   -1.0290e+00    1.0290e+00
 4.9000e-01    1.3219e+02   -1.0291e+00    1.0291e+00
 4.9100e-01    1.3219e+02   -1.0292e+00    1.0292e+00
 4.9200e-01    1.3219e+02   -1.0292e+00    1.0292e+00
 4.9300e-01    1.3219e+02   -1.0293e+00    1.0293e+00
 4.9400e-01    1.3219e+02   -1.0293e+00    1.0293e+00
 4.9500e-01    1.3219e+02   -1.0293e+00    1.0293e+00
 4.9600e-01    1.3219e+02   -1.0293e+00    1.0293e+00
 4.9700e-01    1.3219e+02   -1.0293e+00    1.0293e+00
 4.9800e-01    1.3219e+02   -1.0293e+00    1.0293e+00
 4.9900e-01    1.3219e+02   -1.0293e+00    1.0293e+00
 5.0000e-01    1.3219e+02   -1.0294e+00    1.0294e+00
 5.0100e-01    1.3219e+02   -1.0294e+00    1.0294e+00
 5.0200e-01    1.3218e+02   -1.0294e+00    1.0294e+00
 5.0300e-01    1.3218e+02   -1.0294e+00    1.0294e+00
 5.0400e-01    1.3218e+02   -1.0294e+00    1.0294e+00
 5.0500e-01    1.3219e+02   -1.0295e+00    1.0295e+00
 5.0600e-01    1.3219e+02   -1.0295e+00    1.0295e+00
 5.0700e-01    1.3219e+02   -1.0295e+00    1.0295e+00
 5.0800e-01    1.3219e+02   -1.0295e+00    1.0295e+00
 5.0900e-01    1.3219e+02   -1.0295e+00    1.0295e+00
 5.1000e-01    1.3219e+02   -1.0295e+00    1.0295e+00
 5.1100e-01    1.3219e+02   -1.0295e+00    1.0295e+00
 5.1200e-01    1.3219e+02   -1.0295e+00    1.0295e+00
 5.1300e-01    1.3219e+02   -1.0295e+00    1.0295e+00
 5.1400e-01    1.3219e+02   -1.0295e+00    1.0295e+00
 5.1500e-01    1.3219e+02   -1.0295e+00    1.0295e+00
 5.1600e-01    1.3220e+02   -1.0295e+00    1.0295e+00
 5.1700e-01    1.3220e+02   -1.0294e+00    1.0294e+00
 5.1800e-01    1.3220e+02   -1.0294e+00    1.0294e+00
 5.1900e-01    1.3220e+02   -1.0294e+00    1.0294e+00
 5.2000e-01    1.3221e+02   -1.0293e+00    1.0293e+00
 5.2100e-01    1.3221e+02   -1.0293e+00    1.0293e+00
 5.2200e-01    1.3221e+02   -1.0292e+00    1.0292e+00
 5.2300e-01    1.3222e+02   -1.0291e+00    1.0291e+00
 5.2400e-01    1.3223e+02   -1.0291e+00    1.0291e+00
 5.2500e-01    1.3223e+02   -1.0290e+00    1.0290e+00
 5.2600e-01    1.3224e+02   -1.0289e+00    1.0289e+00
 5.2700e-01    1.3224e+02   -1.0288e+00    1.0288e+00
 5.2800e-01    1.3225e+02   -1.0287e+00    1.0287e+00
 5.2900e-01    1.3225e+02   -1.0286e+00    1.0286e+00
 5.3000e-01    1.3225e+02   -1.0285e+00    1.0285e+00
 5.3100e-01    1.3226e+02   -1.0285e+00    1.0285e+00
 5.3200e-01    1.3226e+02   -1.0284e+00    1.0284e+00
 5.3300e-01    1.3227e+02   -1.0283e+00    1.0283e+00
 5.3400e-01    1.3228e+02   -1.0282e+00    1.0282e+00
 5.3500e-01    1.3228e+02   -1.0280e+00    1.0280e+00
 5.3600e-01    1.3229e+02   -1.0278e+00    1.0278e+00
 5.3700e-01    1.3230e+02   -1.0277e+00    1.0277e+00
 5.3800e-01    1.3231e+02   -1.0274e+00    1.0274e+00
 5.3900e-01    1.3232e+02   -1.0272e+00    1.0272e+00
 5.4000e-01    1.3234e+02   -1.0269e+00    1.0269e+00
 5.4100e-01    1.3235e+02   -1.0266e+00    1.0266e+00
 5.4200e-01    1.3236e+02   -1.0263e+00    1.0263e+00
 5.4300e-01    1.3238e+02   -1.0260e+00    1.0260e+00
 5.4400e-01    1.3239e+02   -1.0257e+00    1.0257e+00
 5.4500e-01    1.3240e+02   -1.0254e+00    1.0254e+00
 5.4600e-01    1.3242e+02   -1.0250e+00    1.0250e+00
 5.4700e-01    1.3243e+02   -1.0247e+00    1.0247e+00
 5.4800e-01    1.3245e+02   -1.0245e+00    1.0245e+00
 5.4900e-01    1.3246e+02   -1.0242e+00    1.0242e+00
 5.5000e-01    1.3247e+02   -1.0239e+00    1.0239e+00
 5.5100e-01    1.3248e+02   -1.0237e+00    1.0237e+00
 5.5200e-01    1.3249e+02   -1.0235e+00    1.0235e+00
 5.5300e-01    1.3250e+02   -1.0233e+00    1.0233e+00
 5.5400e-01    1.3251e+02   -1.0232e+00    1.0232e+00
 5.5500e-01    1.3252e+02   -1.0230e+00    1.0230e+00
 5.5600e-01    1.3252e+02   -1.0229e+00    1.0229e+00
 5.5700e-01    1.3253e+02   -1.0227e+00    1.0227e+00
 5.5800e-01    1.3254e+02   -1.0226e+00    1.0226e+00
 5.5900e-01    1.3254e+02   -1.0225e+00    1.0225e+00
 5.6000e-01    1.3255e+02   -1.0224e+00    1.0224e+00
 5.6100e-01    1.3255e+02   -1.0223e+00    1.0223e+00
 5.6200e-01    1.3255e+02   -1.0222e+00    1.0222e+00
 5.6300e-01    1.3256e+02   -1.0221e+00    1.0221e+00
 5.6400e-01    1.3256e+02   -1.0220e+00    1.0220e+00
 5.6500e-01    1.3257e+02   -1.0220e+00    1.0220e+00
 5.6600e-01    1.3257e+02   -1.0219e+00    1.0219e+00
 5.6700e-01    1.3257e+02   -1.0219e+00    1.0219e+00
 5.6800e-01    1.3257e+02   -1.0220e+00    1.0220e+00
 5.6900e-01    1.3257e+02   -1.0220e+00    1.0220e+00
 5.7000e-01    1.3257e+02   -1.0220e+00    1.0220e+00
 5.7100e-01    1.3257e+02   -1.0221e+00    1.0221e+00
 5.7200e-01    1.3256e+02   -1.0222e+00    1.0222e+00
 5.7300e-01    1.3256e+02   -1.0223e+00    1.0223e+00
 5.7400e-01    1.3256e+02   -1.0224e+00    1.0224e+00
 5.7500e-01    1.3255e+02   -1.0225e+00    1.0225e+00
 5.7600e-01    1.3255e+02   -1.0227e+00    1.0227e+00
 5.7700e-01    1.3255e+02   -1.0228e+00    1.0228e+00
 5.7800e-01    1.3254e+02   -1.0229e+00    1.0229e+00
 5.7900e-01    1.3254e+02   -1.0229e+00    1.0229e+00
 5.8000e-01    1.3254e+02   -1.0230e+00    1.0230e+00
 5.8100e-01    1.3254e+02   -1.0231e+00    1.0231e+00
 5.8200e-01    1.3253e+02   -1.0231e+00    1.0231e+00
 5.8300e-01    1.3253e+02   -1.0232e+00    1.0232e+00
 5.8400e-01    1.3253e+02   -1.0232e+00    1.0232e+00
 5.8500e-01    1.3253e+02   -1.0232e+00    1.0232e+00
 5.8600e-01    1.3253e+02   -1.0232e+00    1.0232e+00
 5.8700e-01    1.3252e+02   -1.0232e+00    1.0232e+00
 5.8800e-01    1.3252e+02   -1.0233e+00    1.0233e+00
 5.8900e-01    1.3252e+02   -1.0233e+00    1.0233e+00
 5.9000e-01    1.3252e+02   -1.0233e+00    1.0233e+00
 5.9100e-01    1.3252e+02   -1.0233e+00    1.0233e+00
 5.9200e-01    1.3251e+02   -1.0233e+00    1.0233e+00
 5.9300e-01    1.3251e+02   -1.0234e+00    1.0234e+00
 5.9400e-01    1.3251e+02   -1.0234e+00    1.0234e+00
 5.9500e-01    1.3251e+02   -1.0235e+00    1.0235e+00
 5.9600e-01    1.3250e+02   -1.0236e+00    1.0236e+00
 5.9700e-01    1.3250e+02   -1.0236e+00    1.0236e+00
 5.9800e-01    1.3250e+02   -1.0237e+00    1.0237e+00
 5.9900e-01    1.3250e+02   -1.0237e+00    1.0237e+00
 6.0000e-01    1.3250e+02   -1.0238e+00    1.0238e+00
 6.0100e-01    1.3250e+02   -1.0238e+00    1.0238e+00
 6.0200e-01    1.3250e+02   -1.0238e+00    1.0238e+00
 6.0300e-01    1.3249e+02   -1.0238e+00    1.0238e+00
 6.0400e-01    1.3249e+02   -1.0238e+00    1.0238e+00
 6.0500e-01    1.3250e+02   -1.0238e+00    1.0238e+00
 6.0600e-01    1.3250e+02   -1.0237e+00    1.0237e+00
 6.0700e-01    1.3250e+02   -1.0237e+00    1.0237e+00
 6.0800e-01    1.3250e+02   -1.0236e+00    1.0236e+00
 6.0900e-01    1.3251e+02   -1.0235e+00    1.0235e+00
 6.1000e-01    1.3251e+02   -1.0234e+00    1.0234e+00
 6.1100e-01    1.3251e+02   -1.0233e+00    1.0233e+00
 6.1200e-01    1.3252e+02   -1.0232e+00    1.0232e+00
 6.1300e-01    1.3252e+02   -1.0231e+00    1.0231e+00
 6.1400e-01    1.3253e+02   -1.0230e+00    1.0230e+00
 6.1500e-01    1.3253e+02   -1.0228e+00    1.0228e+00
 6.1600e-01    1.3254e+02   -1.0227e+00    1.0227e+00
 6.1700e-01    1.3254e+02   -1.0226e+00    1.0226e+00
 6.1800e-01    1.3255e+02   -1.0225e+00    1.0225e+00
 6.1900e-01    1.3255e+02   -1.0224e+00    1.0224e+00
 6.2000e-01    1.3256e+02   -1.0223e+00    1.0223e+00
 6.2100e-01    1.3256e+02   -1.0222e+00    1.0222e+00
 6.2200e-01    1.3257e+02   -1.0221e+00    1.0221e+00
 6.2300e-01    1.3257e+02   -1.0219e+00    1.0219e+00
 6.2400e-01    1.3258e+02   -1.0218e+00    1.0218e+00
 6.2500e-01    1.3258e+02   -1.0217e+00    1.0217e+00
 6.2600e-01    1.3259e+02   -1.0216e+00    1.0216e+00
 6.2700e-01    1.3259e+02   -1.0214e+00    1.0214e+00
 6.2800e-01    1.3260e+02   -1.0213e+00    1.0213e+00
 6.2900e-01    1.3260e+02   -1.0212e+00    1.0212e+00
 6.3000e-01    1.3260e+02   -1.0211e+00    1.0211e+00
 6.3100e-01    1.3261e+02   -1.0210e+00    1.0210e+00
 6.3200e-01    1.3261e+02   -1.0209e+00    1.0209e+00
 6.3300e-01    1.3261e+02   -1.0209e+00    1.0209e+00
 6.3400e-01    1.3261e+02   -1.0208e+00    1.0208e+00
 6.3500e-01    1.3261e+02   -1.0208e+00    1.0208e+00
 6.3600e-01    1.3261e+02   -1.0208e+00    1.0208e+00
 6.3700e-01    1.3261e+02   -1.0207e+00    1.0207e+00
 6.3800e-01    1.3262e+02   -1.0207e+00    1.0207e+00
 6.3900e-01    1.3262e+02   -1.0207e+00    1.0207e+00
 6.4000e-01    1.3262e+02   -1.0207e+00    1.0207e+00
 6.4100e-01    1.3262e+02   -1.0207e+00    1.0207e+00
 6.4200e-01    1.3262e+02   -1.0207e+00    1.0207e+00
 6.4300e-01    1.3262e+02   -1.0207e+00    1.0207e+00
 6.4400e-01    1.3262e+02   -1.0207e+00    1.0207e+00
 6.4500e-01    1.3263e+02   -1.0206e+00    1.0206e+00
 6.4600e-01    1.3263e+02   -1.0206e+00    1.0206e+00
 6.4700e-01    1.3263e+02   -1.0205e+00    1.0205e+00
 6.4800e-01    1.3263e+02   -1.0204e+00    1.0204e+00
 6.4900e-01    1.3264e+02   -1.0203e+00    1.0203e+00
 6.5000e-01    1.3264e+02   -1.0202e+00    1.0202e+00
 6.5100e-01    1.3265e+02   -1.0200e+00    1.0200e+00
 6.5200e-01    1.3265e+02   -1.0199e+00    1.0199e+00
 6.5300e-01    1.3266e+02   -1.0197e+00    1.0197e+00
 6.5400e-01    1.3267e+02   -1.0196e+00    1.0196e+00
 6.5500e-01    1.3267e+02   -1.0195e+00    1.0195e+00
 6.5600e-01    1.3268e+02   -1.0194e+00    1.0194e+00
 6.5700e-01    1.3269e+02   -1.0193e+00    1.0193e+00
 6.5800e-01    1.3269e+02   -1.0192e+00    1.0192e+00
 6.5900e-01    1.3270e+02   -1.0191e+00    1.0191e+00
 6.6000e-01    1.3271e+02   -1.0189e+00    1.0189e+00
 6.6100e-01    1.3272e+02   -1.0188e+00    1.0188e+00
 6.6200e-01    1.3272e+02   -1.0186e+00    1.0186e+00
 6.6300e-01    1.3273e+02   -1.0185e+00    1.0185e+00
 6.6400e-01    1.3274e+02   -1.0184e+00    1.0184e+00
 6.6500e-01    1.3274e+02   -1.0183e+00    1.0183e+00
 6.6600e-01    1.3275e+02   -1.0181e+00    1.0181e+00
 6.6700e-01    1.3275e+02   -1.0180e+00    1.0180e+00
 6.6800e-01    1.3276e+02   -1.0179e+00    1.0179e+00
 6.6900e-01    1.3276e+02   -1.0178e+00    1.0178e+00
 6.7000e-01    1.3277e+02   -1.0176e+00    1.0176e+00
 6.7100e-01    1.3277e+02   -1.0175e+00    1.0175e+00
 6.7200e-01    1.3278e+02   -1.0174e+00    1.0174e+00
 6.7300e-01    1.3278e+02   -1.0173e+00    1.0173e+00
 6.7400e-01    1.3278e+02   -1.0172e+00    1.0172e+00
 6.7500e-01    1.3279e+02   -1.0172e+00    1.0172e+00
 6.7600e-01    1.3279e+02   -1.0171e+00    1.0171e+00
 6.7700e-01    1.3279e+02   -1.0170e+00    1.0170e+00
 6.7800e-01    1.3280e+02   -1.0170e+00    1.0170e+00
 6.7900e-01    1.3280e+02   -1.0170e+00    1.0170e+00
 6.8000e-01    1.3280e+02   -1.0169e+00    1.0169e+00
 6.8100e-01    1.3280e+02   -1.0169e+00    1.0169e+00
 6.8200e-01    1.3280e+02   -1.0170e+00    1.0170e+00
 6.8300e-01    1.3280e+02   -1.0170e+00    1.0170e+00
 6.8400e-01    1.3280e+02   -1.0170e+00    1.0170e+00
 6.8500e-01    1.3280e+02   -1.0170e+00    1.0170e+00
 6.8600e-01    1.3280e+02   -1.0170e+00    1.0170e+00
 6.8700e-01    1.3280e+02   -1.0170e+00    1.0170e+00
 6.8800e-01    1.3280e+02   -1.0170e+00    1.0170e+00
 6.8900e-01    1.3280e+02   -1.0170e+00    1.0170e+00
 6.9000e-01    1.3280e+02   -1.0170e+00    1.0170e+00
 6.9100e-01    1.3280e+02   -1.0170e+00    1.0170e+00
 6.9200e-01    1.3280e+02   -1.0170e+00    1.0170e+00
 6.9300e-01    1.3280e+02   -1.0169e+00    1.0169e+00
 6.9400e-01    1.3280e+02   -1.0169e+00    1.0169e+00
 6.9500e-01    1.3281e+02   -1.0168e+00    1.0168e+00
 6.9600e-01    1.3281e+02   -1.0168e+00    1.0168e+00
 6.9700e-01    1.3281e+02   -1.0167e+00    1.0167e+00
 6.9800e-01    1.3281e+02   -1.0166e+00    1.0166e+00
 6.9900e-01    1.3281e+02   -1.0166e+00    1.0166e+00
 7.0000e-01    1.3281e+02   -1.0165e+00    1.0165e+00
 7.0100e-01    1.3282e+02   -1.0165e+00    1.0165e+00
 7.0200e-01    1.3282e+02   -1.0164e+00    1.0164e+00
 7.0300e-01    1.3282e+02   -1.0164e+00    1.0164e+00
 7.0400e-01    1.3282e+02   -1.0164e+00    1.0164e+00
 7.0500e-01    1.3283e+02   -1.0163e+00    1.0163e+00
 7.0600e-01    1.3283e+02   -1.0163e+00    1.0163e+00
 7.0700e-01    1.3283e+02   -1.0162e+00    1.0162e+00
 7.0800e-01    1.3283e+02   -1.0161e+00    1.0161e+00
 7.0900e-01    1.3284e+02   -1.0160e+00    1.0160e+00
 7.1000e-01    1.3284e+02   -1.0160e+00    1.0160e+00
 7.1100e-01    1.3285e+02   -1.0159e+00    1.0159e+00
 7.1200e-01    1.3285e+02   -1.0158e+00    1.0158e+00
 7.1300e-01    1.3285e+02   -1.0157e+00    1.0157e+00
 7.1400e-01    1.3285e+02   -1.0157e+00    1.0157e+00
 7.1500e-01    1.3286e+02   -1.0156e+00    1.0156e+00
 7.1600e-01    1.3286e+02   -1.0155e+00    1.0155e+00
 7.1700e-01    1.3286e+02   -1.0154e+00    1.0154e+00
 7.1800e-01    1.3287e+02   -1.0153e+00    1.0153e+00
 7.1900e-01    1.3287e+02   -1.0153e+00    1.0153e+00
 7.2000e-01    1.3287e+02   -1.0152e+00    1.0152e+00
 7.2100e-01    1.3288e+02   -1.0151e+00    1.0151e+00
 7.2200e-01    1.3288e+02   -1.0151e+00    1.0151e+00
 7.2300e-01    1.3288e+02   -1.0150e+00    1.0150e+00
 7.2400e-01    1.3288e+02   -1.0150e+00    1.0150e+00
 7.2500e-01    1.3288e+02   -1.0149e+00    1.0149e+00
 7.2600e-01    1.3288e+02   -1.0149e+00    1.0149e+00
 7.2700e-01    1.3288e+02   -1.0148e+00    1.0148e+00
 7.2800e-01    1.3288e+02   -1.0148e+00    1.0148e+00
 7.2900e-01    1.3288e+02   -1.0147e+00    1.0147e+00
 7.3000e-01    1.3288e+02   -1.0147e+00    1.0147e+00
 7.3100e-01    1.3288e+02   -1.0147e+00    1.0147e+00
 7.3200e-01    1.3288e+02   -1.0147e+00    1.0147e+00
 7.3300e-01    1.3288e+02   -1.0147e+00    1.0147e+00
 7.3400e-01    1.3288e+02   -1.0147e+00    1.0147e+00
 7.3500e-01    1.3287e+02   -1.0148e+00    1.0148e+00
 7.3600e-01    1.3287e+02   -1.0149e+00    1.0149e+00
 7.3700e-01    1.3287e+02   -1.0149e+00    1.0149e+00
 7.3800e-01    1.3286e+02   -1.0150e+00    1.0150e+00
 7.3900e-01    1.3286e+02   -1.0151e+00    1.0151e+00
 7.4000e-01    1.3285e+02   -1.0152e+00    1.0152e+00
 7.4100e-01    1.3285e+02   -1.0153e+00    1.0153e+00
 7.4200e-01    1.3284e+02   -1.0154e+00    1.0154e+00
 7.4300e-01    1.3284e+02   -1.0155e+00    1.0155e+00
 7.4400e-01    1.3284e+02   -1.0155e+00    1.0155e+00
 7.4500e-01    1.3284e+02   -1.0155e+00    1.0155e+00
 7.4600e-01    1.3284e+02   -1.0156e+00    1.0156e+00
 7.4700e-01    1.3284e+02   -1.0156e+00    1.0156e+00
 7.4800e-01    1.3284e+02   -1.0156e+00    1.0156e+00
 7.4900e-01    1.3284e+02   -1.0156e+00    1.0156e+00
 7.5000e-01    1.3284e+02   -1.0156e+00    1.0156e+00
 7.5100e-01    1.3284e+02   -1.0156e+00    1.0156e+00
 7.5200e-01    1.3284e+02   -1.0155e+00    1.0155e+00
 7.5300e-01    1.3284e+02   -1.0155e+00    1.0155e+00
 7.5400e-01    1.3285e+02   -1.0154e+00    1.0154e+00
 7.5500e-01    1.3285e+02   -1.0154e+00    1.0154e+00
 7.5600e-01    1.3285e+02   -1.0154e+00    1.0154e+00
 7.5700e-01    1.3285e+02   -1.0153e+00    1.0153e+00
 7.5800e-01    1.3285e+02   -1.0153e+00    1.0153e+00
 7.5900e-01    1.3286e+02   -1.0152e+00    1.0152e+00
 7.6000e-01    1.3286e+02   -1.0151e+00    1.0151e+00
 7.6100e-01    1.3286e+02   -1.0151e+00    1.0151e+00
 7.6200e-01    1.3286e+02   -1.0150e+00    1.0150e+00
 7.6300e-01    1.3287e+02   -1.0149e+00    1.0149e+00
 7.6400e-01    1.3287e+02   -1.0148e+00    1.0148e+00
 7.6500e-01    1.3288e+02   -1.0147e+00    1.0147e+00
 7.6600e-01    1.3288e+02   -1.0146e+00    1.0146e+00
 7.6700e-01    1.3289e+02   -1.0145e+00    1.0145e+00
 7.6800e-01    1.3289e+02   -1.0144e+00    1.0144e+00
 7.6900e-01    1.3290e+02   -1.0143e+00    1.0143e+00
 7.7000e-01    1.3290e+02   -1.0142e+00    1.0142e+00
 7.7100e-01    1.3291e+02   -1.0140e+00    1.0140e+00
 7.7200e-01    1.3292e+02   -1.0139e+00    1.0139e+00
 7.7300e-01    1.3292e+02   -1.0137e+00    1.0137e+00
 7.7400e-01    1.3293e+02   -1.0136e+00    1.0136e+00
 7.7500e-01    1.3294e+02   -1.0134e+00    1.0134e+00
 7.7600e-01    1.3295e+02   -1.0132e+00    1.0132e+00
 7.7700e-01    1.3295e+02   -1.0130e+00    1.0130e+00
 7.7800e-01    1.3296e+02   -1.0128e+00    1.0128e+00
 7.7900e-01    1.3297e+02   -1.0126e+00    1.0126e+00
 7.8000e-01    1.3298e+02   -1.0124e+00    1.0124e+00
 7.8100e-01    1.3298e+02   -1.0123e+00    1.0123e+00
 7.8200e-01    1.3299e+02   -1.0121e+00    1.0121e+00
 7.8300e-01    1.3300e+02   -1.0119e+00    1.0119e+00
 7.8400e-01    1.3301e+02   -1.0118e+00    1.0118e+00
 7.8500e-01    1.3301e+02   -1.0117e+00    1.0117e+00
 7.8600e-01    1.3302e+02   -1.0115e+00    1.0115e+00
 7.8700e-01    1.3302e+02   -1.0114e+00    1.0114e+00
 7.8800e-01    1.3303e+02   -1.0113e+00    1.0113e+00
 7.8900e-01    1.3303e+02   -1.0112e+00    1.0112e+00
 7.9000e-01    1.3304e+02   -1.0111e+00    1.0111e+00
 7.9100e-01    1.3304e+02   -1.0111e+00    1.0111e+00
 7.9200e-01    1.3305e+02   -1.0110e+00    1.0110e+00
 7.9300e-01    1.3305e+02   -1.0110e+00    1.0110e+00
 7.9400e-01    1.3305e+02   -1.0109e+00    1.0109e+00
 7.9500e-01    1.3306e+02   -1.0109e+00    1.0109e+00
 7.9600e-01    1.3306e+02   -1.0109e+00    1.0109e+00
 7.9700e-01    1.3306e+02   -1.0108e+00    1.0108e+00
 7.9800e-01    1.3307e+02   -1.0108e+00    1.0108e+00
 7.9900e-01    1.3307e+02   -1.0107e+00    1.0107e+00
 8.0000e-01    1.3307e+02   -1.0107e+00    1.0107e+00
 8.0100e-01    1.3307e+02   -1.0107e+00    1.0107e+00
 8.0200e-01    1.3307e+02   -1.0106e+00    1.0106e+00
 8.0300e-01    1.3308e+02   -1.0106e+00    1.0106e+00
 8.0400e-01    1.3308e+02   -1.0105e+00    1.0105e+00
 8.0500e-01    1.3308e+02   -1.0105e+00    1.0105e+00
 8.0600e-01    1.3308e+02   -1.0104e+00    1.0104e+00
 8.0700e-01    1.3308e+02   -1.0104e+00    1.0104e+00
 8.0800e-01    1.3308e+02   -1.0104e+00    1.0104e+00
 8.0900e-01    1.3308e+02   -1.0103e+00    1.0103e+00
 8.1000e-01    1.3309e+02   -1.0103e+00    1.0103e+00
 8.1100e-01    1.3309e+02   -1.0103e+00    1.0103e+00
 8.1200e-01    1.3309e+02   -1.0102e+00    1.0102e+00
 8.1300e-01    1.3309e+02   -1.0102e+00    1.0102e+00
 8.1400e-01    1.3309e+02   -1.0102e+00    1.0102e+00
 8.1500e-01    1.3309e+02   -1.0102e+00    1.0102e+00
 8.1600e-01    1.3309e+02   -1.0102e+00    1.0102e+00
 8.1700e-01    1.3309e+02   -1.0102e+00    1.0102e+00
 8.1800e-01    1.3309e+02   -1.0102e+00    1.0102e+00
 8.1900e-01    1.3309e+02   -1.0103e+00    1.0103e+00
 8.2000e-01    1.3308e+02   -1.0103e+00    1.0103e+00
 8.2100e-01    1.3308e+02   -1.0103e+00    1.0103e+00
 8.2200e-01    1.3308e+02   -1.0104e+00    1.0104e+00
 8.2300e-01    1.3308e+02   -1.0104e+00    1.0104e+00
 8.2400e-01    1.3308e+02   -1.0104e+00    1.0104e+00
 8.2500e-01    1.3308e+02   -1.0105e+00    1.0105e+00
 8.2600e-01    1.3308e+02   -1.0105e+00    1.0105e+00
 8.2700e-01    1.3308e+02   -1.0105e+00    1.0105e+00
 8.2800e-01    1.3307e+02   -1.0105e+00    1.0105e+00
 8.2900e-01    1.3307e+02   -1.0106e+00    1.0106e+00
 8.3000e-01    1.3307e+02   -1.0106e+00    1.0106e+00
 8.3100e-01    1.3307e+02   -1.0106e+00    1.0106e+00
 8.3200e-01    1.3306e+02   -1.0106e+00    1.0106e+00
 8.3300e-01    1.3306e+02   -1.0106e+00    1.0106e+00
 8.3400e-01    1.3306e+02   -1.0107e+00    1.0107e+00
 8.3500e-01    1.3306e+02   -1.0107e+00    1.0107e+00
 8.3600e-01    1.3306e+02   -1.0107e+00    1.0107e+00
 8.3700e-01    1.3305e+02   -1.0107e+00    1.0107e+00
 8.3800e-01    1.3305e+02   -1.0107e+00    1.0107e+00
 8.3900e-01    1.3305e+02   -1.0107e+00    1.0107e+00
 8.4000e-01    1.3305e+02   -1.0108e+00    1.0108e+00
 8.4100e-01    1.3305e+02   -1.0108e+00    1.0108e+00
 8.4200e-01    1.3304e+02   -1.0108e+00    1.0108e+00
 8.4300e-01    1.3304e+02   -1.0109e+00    1.0109e+00
 8.4400e-01    1.3304e+02   -1.0109e+00    1.0109e+00
 8.4500e-01    1.3304e+02   -1.0110e+00    1.0110e+00
 8.4600e-01    1.3304e+02   -1.0110e+00    1.0110e+00
 8.4700e-01    1.3304e+02   -1.0110e+00    1.0110e+00
 8.4800e-01    1.3304e+02   -1.0111e+00    1.0111e+00
 8.4900e-01    1.3304e+02   -1.0111e+00    1.0111e+00
 8.5000e-01    1.3304e+02   -1.0111e+00    1.0111e+00
 8.5100e-01    1.3304e+02   -1.0111e+00    1.0111e+00
 8.5200e-01    1.3304e+02   -1.0111e+00    1.0111e+00
 8.5300e-01    1.3304e+02   -1.0111e+00    1.0111e+00
 8.5400e-01    1.3304e+02   -1.0111e+00    1.0111e+00
 8.5500e-01    1.3304e+02   -1.0111e+00    1.0111e+00
 8.5600e-01    1.3304e+02   -1.0111e+00    1.0111e+00
 8.5700e-01    1.3305e+02   -1.0111e+00    1.0111e+00
 8.5800e-01    1.3305e+02   -1.0110e+00    1.0110e+00
 8.5900e-01    1.3305e+02   -1.0110e+00    1.0110e+00
 8.6000e-01    1.3305e+02   -1.0110e+00    1.0110e+00
 8.6100e-01    1.3305e+02   -1.0109e+00    1.0109e+00
 8.6200e-01    1.3306e+02   -1.0108e+00    1.0108e+00
 8.6300e-01    1.3306e+02   -1.0108e+00    1.0108e+00
 8.6400e-01    1.3306e+02   -1.0107e+00    1.0107e+00
 8.6500e-01    1.3307e+02   -1.0106e+00    1.0106e+00
 8.6600e-01    1.3307e+02   -1.0105e+00    1.0105e+00
 8.6700e-01    1.3308e+02   -1.0104e+00    1.0104e+00
 8.6800e-01    1.3308e+02   -1.0103e+00    1.0103e+00
 8.6900e-01    1.3309e+02   -1.0102e+00    1.0102e+00
 8.7000e-01    1.3309e+02   -1.0100e+00    1.0100e+00
 8.7100e-01    1.3310e+02   -1.0099e+00    1.0099e+00
 8.7200e-01    1.3311e+02   -1.0097e+00    1.0097e+00
 8.7300e-01    1.3311e+02   -1.0096e+00    1.0096e+00
 8.7400e-01    1.3312e+02   -1.0094e+00    1.0094e+00
 8.7500e-01    1.3313e+02   -1.0092e+00    1.0092e+00
 8.7600e-01    1.3313e+02   -1.0091e+00    1.0091e+00
 8.7700e-01    1.3314e+02   -1.0089e+00    1.0089e+00
 8.7800e-01    1.3314e+02   -1.0088e+00    1.0088e+00
 8.7900e-01    1.3315e+02   -1.0086e+00    1.0086e+00
 8.8000e-01    1.3315e+02   -1.0085e+00    1.0085e+00
 8.8100e-01    1.3316e+02   -1.0084e+00    1.0084e+00
 8.8200e-01    1.3316e+02   -1.0083e+00    1.0083e+00
 8.8300e-01    1.3317e+02   -1.0082e+00    1.0082e+00
 8.8400e-01    1.3317e+02   -1.0082e+00    1.0082e+00
 8.8500e-01    1.3317e+02   -1.0081e+00    1.0081e+00
 8.8600e-01    1.3317e+02   -1.0081e+00    1.0081e+00
 8.8700e-01    1.3317e+02   -1.0080e+00    1.0080e+00
 8.8800e-01    1.3318e+02   -1.0080e+00    1.0080e+00
 8.8900e-01    1.3318e+02   -1.0080e+00    1.0080e+00
 8.9000e-01    1.3318e+02   -1.0080e+00    1.0080e+00
 8.9100e-01    1.3318e+02   -1.0079e+00    1.0079e+00
 8.9200e-01    1.3318e+02   -1.0079e+00    1.0079e+00
 8.9300e-01    1.3318e+02   -1.0079e+00    1.0079e+00
 8.9400e-01    1.3318e+02   -1.0079e+00    1.0079e+00
 8.9500e-01    1.3318e+02   -1.0079e+00    1.0079e+00
 8.9600e-01    1.3318e+02   -1.0079e+00    1.0079e+00
 8.9700e-01    1.3318e+02   -1.0079e+00    1.0079e+00
 8.9800e-01    1.3318e+02   -1.0080e+00    1.0080e+00
 8.9900e-01    1.3317e+02   -1.0080e+00    1.0080e+00
 9.0000e-01    1.3317e+02   -1.0080e+00    1.0080e+00
 9.0100e-01    1.3317e+02   -1.0080e+00    1.0080e+00
 9.0200e-01    1.3317e+02   -1.0080e+00    1.0080e+00
 9.0300e-01    1.3317e+02   -1.0080e+00    1.0080e+00
 9.0400e-01    1.3317e+02   -1.0081e+00    1.0081e+00
 9.0500e-01    1.3316e+02   -1.0081e+00    1.0081e+00
 9.0600e-01    1.3316e+02   -1.0081e+00    1.0081e+00
 9.0700e-01    1.3316e+02   -1.0082e+00    1.0082e+00
 9.0800e-01    1.3316e+02   -1.0082e+00    1.0082e+00
 9.0900e-01    1.3316e+02   -1.0082e+00    1.0082e+00
 9.1000e-01    1.3316e+02   -1.0082e+00    1.0082e+00
 9.1100e-01    1.3316e+02   -1.0083e+00    1.0083e+00
 9.1200e-01    1.3315e+02   -1.0083e+00    1.0083e+00
 9.1300e-01    1.3315e+02   -1.0083e+00    1.0083e+00
 9.1400e-01    1.3315e+02   -1.0083e+00    1.0083e+00
 9.1500e-01    1.3315e+02   -1.0083e+00    1.0083e+00
 9.1600e-01    1.3315e+02   -1.0083e+00    1.0083e+00
 9.1700e-01    1.3315e+02   -1.0083e+00    1.0083e+00
 9.1800e-01    1.3315e+02   -1.0083e+00    1.0083e+00
 9.1900e-01    1.3315e+02   -1.0083e+00    1.0083e+00
 9.2000e-01    1.3315e+02   -1.0084e+00    1.0084e+00
 9.2100e-01    1.3315e+02   -1.0084e+00    1.0084e+00
 9.2200e-01    1.3315e+02   -1.0084e+00    1.0084e+00
 9.2300e-01    1.3314e+02   -1.0085e+00    1.0085e+00
 9.2400e-01    1.3314e+02   -1.0085e+00    1.0085e+00
 9.2500e-01    1.3314e+02   -1.0086e+00    1.0086e+00
 9.2600e-01    1.3313e+02   -1.0086e+00    1.0086e+00
 9.2700e-01    1.3313e+02   -1.0087e+00    1.0087e+00
 9.2800e-01    1.3312e+02   -1.0088e+00    1.0088e+00
 9.2900e-01    1.3312e+02   -1.0089e+00    1.0089e+00
 9.3000e-01    1.3311e+02   -1.0090e+00    1.0090e+00
 9.3100e-01    1.3310e+02   -1.0092e+00    1.0092e+00
 9.3200e-01    1.3310e+02   -1.0093e+00    1.0093e+00
 9.3300e-01    1.3309e+02   -1.0094e+00    1.0094e+00
 9.3400e-01    1.3308e+02   -1.0096e+00    1.0096e+00
 9.3500e-01    1.3308e+02   -1.0097e+00    1.0097e+00
 9.3600e-01    1.3307e+02   -1.0098e+00    1.0098e+00
 9.3700e-01    1.3306e+02   -1.0100e+00    1.0100e+00
 9.3800e-01    1.3306e+02   -1.0101e+00    1.0101e+00
 9.3900e-01    1.3305e+02   -1.0102e+00    1.0102e+00
 9.4000e-01    1.3305e+02   -1.0103e+00    1.0103e+00
 9.4100e-01    1.3304e+02   -1.0103e+00    1.0103e+00
 9.4200e-01    1.3304e+02   -1.0104e+00    1.0104e+00
 9.4300e-01    1.3304e+02   -1.0104e+00    1.0104e+00
 9.4400e-01    1.3303e+02   -1.0104e+00    1.0104e+00
 9.4500e-01    1.3303e+02   -1.0105e+00    1.0105e+00
 9.4600e-01    1.3303e+02   -1.0105e+00    1.0105e+00
 9.4700e-01    1.3303e+02   -1.0105e+00    1.0105e+00
 9.4800e-01    1.3303e+02   -1.0106e+00    1.0106e+00
 9.4900e-01    1.3302e+02   -1.0106e+00    1.0106e+00
 9.5000e-01    1.3302e+02   -1.0106e+00    1.0106e+00
 9.5100e-01    1.3302e+02   -1.0106e+00    1.0106e+00
 9.5200e-01    1.3302e+02   -1.0106e+00    1.0106e+00
 9.5300e-01    1.3302e+02   -1.0106e+00    1.0106e+00
 9.5400e-01    1.3302e+02   -1.0105e+00    1.0105e+00
 9.5500e-01    1.3303e+02   -1.0105e+00    1.0105e+00
 9.5600e-01    1.3303e+02   -1.0105e+00    1.0105e+00
 9.5700e-01    1.3303e+02   -1.0105e+00    1.0105e+00
 9.5800e-01    1.3303e+02   -1.0105e+00    1.0105e+00
 9.5900e-01    1.3303e+02   -1.0105e+00    1.0105e+00
 9.6000e-01    1.3303e+02   -1.0105e+00    1.0105e+00
 9.6100e-01    1.3303e+02   -1.0105e+00    1.0105e+00
 9.6200e-01    1.3303e+02   -1.0105e+00    1.0105e+00
 9.6300e-01    1.3303e+02   -1.0105e+00    1.0105e+00
 9.6400e-01    1.3303e+02   -1.0105e+00    1.0105e+00
 9.6500e-01    1.3303e+02   -1.0104e+00    1.0104e+00
 9.6600e-01    1.3303e+02   -1.0104e+00    1.0104e+00
 9.6700e-01    1.3303e+02   -1.0103e+00    1.0103e+00
 9.6800e-01    1.3304e+02   -1.0102e+00    1.0102e+00
 9.6900e-01    1.3304e+02   -1.0102e+00    1.0102e+00
 9.7000e-01    1.3304e+02   -1.0101e+00    1.0101e+00
 9.7100e-01    1.3305e+02   -1.0100e+00    1.0100e+00
 9.7200e-01    1.3305e+02   -1.0099e+00    1.0099e+00
 9.7300e-01    1.3305e+02   -1.0098e+00    1.0098e+00
 9.7400e-01    1.3305e+02   -1.0097e+00    1.0097e+00
 9.7500e-01    1.3306e+02   -1.0096e+00    1.0096e+00
 9.7600e-01    1.3307e+02   -1.0095e+00    1.0095e+00
 9.7700e-01    1.3307e+02   -1.0093e+00    1.0093e+00
 9.7800e-01    1.3308e+02   -1.0092e+00    1.0092e+00
 9.7900e-01    1.3309e+02   -1.0090e+00    1.0090e+00
 9.8000e-01    1.3310e+02   -1.0088e+00    1.0088e+00
 9.8100e-01    1.3310e+02   -1.0086e+00    1.0086e+00
 9.8200e-01    1.3311e+02   -1.0083e+00    1.0083e+00
 9.8300e-01    1.3312e+02   -1.0081e+00    1.0081e+00
 9.8400e-01    1.3313e+02   -1.0079e+00    1.0079e+00
 9.8500e-01    1.3314e+02   -1.0077e+00    1.0077e+00
 9.8600e-01    1.3314e+02   -1.0076e+00    1.0076e+00
 9.8700e-01    1.3315e+02   -1.0074e+00    1.0074e+00
 9.8800e-01    1.3316e+02   -1.0073e+00    1.0073e+00
 9.8900e-01    1.3316e+02   -1.0072e+00    1.0072e+00
 9.9000e-01    1.3317e+02   -1.0070e+00    1.0070e+00
 9.9100e-01    1.3317e+02   -1.0069e+00    1.0069e+00
 9.9200e-01    1.3318e+02   -1.0068e+00    1.0068e+00
 9.9300e-01    1.3318e+02   -1.0067e+00    1.0067e+00
 9.9400e-01    1.3319e+02   -1.0066e+00    1.0066e+00
 9.9500e-01    1.3319e+02   -1.0065e+00    1.0065e+00
 9.9600e-01    1.3320e+02   -1.0064e+00    1.0064e+00
 9.9700e-01    1.3321e+02   -1.0063e+00    1.0063e+00
 9.9800e-01    1.3321e+02   -1.0062e+00    1.0062e+00
 9.9900e-01    1.3321e+02   -1.0061e+00    1.0061e+00
 1.0000e+00    1.3322e+02   -1.0060e+00    1.0060e+00
 1.0010e+00    1.3322e+02   -1.0059e+00    1.0059e+00
 1.0020e+00    1.3322e+02   -1.0058e+00    1.0058e+00
 1.0030e+00    1.3323e+02   -1.0058e+00    1.0058e+00
 1.0040e+00    1.3323e+02   -1.0057e+00    1.0057e+00
 1.0050e+00    1.3323e+02   -1.0056e+00    1.0056e+00
 1.0060e+00    1.3323e+02   -1.0056e+00    1.0056e+00
 1.0070e+00    1.3323e+02   -1.0056e+00    1.0056e+00
 1.0080e+00    1.3323e+02   -1.0056e+00    1.0056e+00
 1.0090e+00    1.3323e+02   -1.0056e+00    1.0056e+00
 1.0100e+00    1.3323e+02   -1.0056e+00    1.0056e+00
 1.0110e+00    1.3323e+02   -1.0056e+00    1.0056e+00
 1.0120e+00    1.3323e+02   -1.0057e+00    1.0057e+00
 1.0130e+00    1.3323e+02   -1.0057e+00    1.0057e+00
 1.0140e+00    1.3322e+02   -1.0058e+00    1.0058e+00
 1.0150e+00    1.3322e+02   -1.0058e+00    1.0058e+00
 1.0160e+00    1.3322e+02   -1.0059e+00    1.0059e+00
 1.0170e+00    1.3321e+02   -1.0059e+00    1.0059e+00
 1.0180e+00    1.3321e+02   -1.0060e+00    1.0060e+00
 1.0190e+00    1.3321e+02   -1.0061e+00    1.0061e+00
 1.0200e+00    1.3320e+02   -1.0062e+00    1.0062e+00
 1.0210e+00    1.3320e+02   -1.0063e+00    1.0063e+00
 1.0220e+00    1.3319e+02   -1.0064e+00    1.0064e+00
 1.0230e+00    1.3319e+02   -1.0065e+00    1.0065e+00
 1.0240e+00    1.3318e+02   -1.0066e+00    1.0066e+00
 1.0250e+00    1.3318e+02   -1.0067e+00    1.0067e+00
 1.0260e+00    1.3318e+02   -1.0068e+00    1.0068e+00
 1.0270e+00    1.3317e+02   -1.0069e+00    1.0069e+00
 1.0280e+00    1.3317e+02   -1.0071e+00    1.0071e+00
 1.0290e+00    1.3316e+02   -1.0072e+00    1.0072e+00
 1.0300e+00    1.3316e+02   -1.0073e+00    1.0073e+00
 1.0310e+00    1.3315e+02   -1.0074e+00    1.0074e+00
 1.0320e+00    1.3315e+02   -1.0075e+00    1.0075e+00
 1.0330e+00    1.3314e+02   -1.0076e+00    1.0076e+00
 1.0340e+00    1.3314e+02   -1.0078e+00    1.0078e+00
 1.0350e+00    1.3313e+02   -1.0079e+00    1.0079e+00
 1.0360e+00    1.3312e+02   -1.0081e+00    1.0081e+00
 1.0370e+00    1.3311e+02   -1.0082e+00    1.0082e+00
 1.0380e+00    1.3311e+02   -1.0083e+00    1.0083e+00
 1.0390e+00    1.3310e+02   -1.0085e+00    1.0085e+00
 1.0400e+00    1.3309e+02   -1.0086e+00    1.0086e+00
 1.0410e+00    1.3309e+02   -1.0087e+00    1.0087e+00
 1.0420e+00    1.3309e+02   -1.0088e+00    1.0088e+00
 1.0430e+00    1.3308e+02   -1.0089e+00    1.0089e+00
 1.0440e+00    1.3308e+02   -1.0090e+00    1.0090e+00
 1.0450e+00    1.3308e+02   -1.0091e+00    1.0091e+00
 1.0460e+00    1.3307e+02   -1.0092e+00    1.0092e+00
 1.0470e+00    1.3307e+02   -1.0093e+00    1.0093e+00
 1.0480e+00    1.3306e+02   -1.0093e+00    1.0093e+00
 1.0490e+00    1.3306e+02   -1.0094e+00    1.0094e+00
 1.0500e+00    1.3306e+02   -1.0095e+00    1.0095e+00
 1.0510e+00    1.3305e+02   -1.0095e+00    1.0095e+00
 1.0520e+00    1.3305e+02   -1.0095e+00    1.0095e+00
 1.0530e+00    1.3305e+02   -1.0096e+00    1.0096e+00
 1.0540e+00    1.3305e+02   -1.0096e+00    1.0096e+00
 1.0550e+00    1.3305e+02   -1.0097e+00    1.0097e+00
 1.0560e+00    1.3304e+02   -1.0097e+00    1.0097e+00
 1.0570e+00    1.3304e+02   -1.0097e+00    1.0097e+00
 1.0580e+00    1.3304e+02   -1.0098e+00    1.0098e+00
 1.0590e+00    1.3304e+02   -1.0098e+00    1.0098e+00
 1.0600e+00    1.3304e+02   -1.0098e+00    1.0098e+00
 1.0610e+00    1.3303e+02   -1.0099e+00    1.0099e+00
 1.0620e+00    1.3303e+02   -1.0099e+00    1.0099e+00
 1.0630e+00    1.3303e+02   -1.0099e+00    1.0099e+00
 1.0640e+00    1.3303e+02   -1.0099e+00    1.0099e+00
 1.0650e+00    1.3303e+02   -1.0099e+00    1.0099e+00
 1.0660e+00    1.3303e+02   -1.0099e+00    1.0099e+00
 1.0670e+00    1.3303e+02   -1.0099e+00    1.0099e+00
 1.0680e+00    1.3303e+02   -1.0099e+00    1.0099e+00
 1.0690e+00    1.3303e+02   -1.0099e+00    1.0099e+00
 1.0700e+00    1.3303e+02   -1.0099e+00    1.0099e+00
 1.0710e+00    1.3303e+02   -1.0098e+00    1.0098e+00
 1.0720e+00    1.3304e+02   -1.0098e+00    1.0098e+00
 1.0730e+00    1.3304e+02   -1.0097e+00    1.0097e+00
 1.0740e+00    1.3304e+02   -1.0097e+00    1.0097e+00
 1.0750e+00    1.3305e+02   -1.0096e+00    1.0096e+00
 1.0760e+00    1.3305e+02   -1.0095e+00    1.0095e+00
 1.0770e+00    1.3305e+02   -1.0094e+00    1.0094e+00
 1.0780e+00    1.3306e+02   -1.0093e+00    1.0093e+00
 1.0790e+00    1.3306e+02   -1.0092e+00    1.0092e+00
 1.0800e+00    1.3307e+02   -1.0091e+00    1.0091e+00
 1.0810e+00    1.3307e+02   -1.0090e+00    1.0090e+00
 1.0820e+00    1.3308e+02   -1.0089e+00    1.0089e+00
 1.0830e+00    1.3308e+02   -1.0087e+00    1.0087e+00
 1.0840e+00    1.3309e+02   -1.0086e+00    1.0086e+00
 1.0850e+00    1.3310e+02   -1.0084e+00    1.0084e+00
 1.0860e+00    1.3310e+02   -1.0083e+00    1.0083e+00
 1.0870e+00    1.3311e+02   -1.0081e+00    1.0081e+00
 1.0880e+00    1.3311e+02   -1.0080e+00    1.0080e+00
 1.0890e+00    1.3312e+02   -1.0078e+00    1.0078e+00
 1.0900e+00    1.3312e+02   -1.0077e+00    1.0077e+00
 1.0910e+00    1.3313e+02   -1.0076e+00    1.0076e+00
 1.0920e+00    1.3313e+02   -1.0075e+00    1.0075e+00
 1.0930e+00    1.3314e+02   -1.0074e+00    1.0074e+00
 1.0940e+00    1.3314e+02   -1.0073e+00    1.0073e+00
 1.0950e+00    1.3314e+02   -1.0072e+00    1.0072e+00
 1.0960e+00    1.3315e+02   -1.0071e+00    1.0071e+00
 1.0970e+00    1.3315e+02   -1.0071e+00    1.0071e+00
 1.0980e+00    1.3316e+02   -1.0070e+00    1.0070e+00
 1.0990e+00    1.3316e+02   -1.0069e+00    1.0069e+00
 1.1000e+00    1.3316e+02   -1.0068e+00    1.0068e+00
 1.1010e+00    1.3317e+02   -1.0067e+00    1.0067e+00
 1.1020e+00    1.3317e+02   -1.0067e+00    1.0067e+00
 1.1030e+00    1.3317e+02   -1.0066e+00    1.0066e+00
 1.1040e+00    1.3318e+02   -1.0066e+00    1.0066e+00
 1.1050e+00    1.3318e+02   -1.0066e+00    1.0066e+00
 1.1060e+00    1.3318e+02   -1.0066e+00    1.0066e+00
 1.1070e+00    1.3318e+02   -1.0066e+00    1.0066e+00
 1.1080e+00    1.3318e+02   -1.0066e+00    1.0066e+00
 1.1090e+00    1.3317e+02   -1.0066e+00    1.0066e+00
 1.1100e+00    1.3317e+02   -1.0067e+00    1.0067e+00
 1.1110e+00    1.3317e+02   -1.0067e+00    1.0067e+00
 1.1120e+00    1.3317e+02   -1.0068e+00    1.0068e+00
 1.1130e+00    1.3317e+02   -1.0068e+00    1.0068e+00
 1.1140e+00    1.3316e+02   -1.0069e+00    1.0069e+00
 1.1150e+00    1.3316e+02   -1.0069e+00    1.0069e+00
 1.1160e+00    1.3316e+02   -1.0070e+00    1.0070e+00
 1.1170e+00    1.3316e+02   -1.0070e+00    1.0070e+00
 1.1180e+00    1.3315e+02   -1.0071e+00    1.0071e+00
 1.1190e+00    1.3315e+02   -1.0072e+00    1.0072e+00
 1.1200e+00    1.3315e+02   -1.0073e+00    1.0073e+00
 1.1210e+00    1.3314e+02   -1.0073e+00    1.0073e+00
 1.1220e+00    1.3314e+02   -1.0074e+00    1.0074e+00
 1.1230e+00    1.3314e+02   -1.0075e+00    1.0075e+00
 1.1240e+00    1.3313e+02   -1.0075e+00    1.0075e+00
 1.1250e+00    1.3313e+02   -1.0076e+00    1.0076e+00
 1.1260e+00    1.3313e+02   -1.0077e+00    1.0077e+00
 1.1270e+00    1.3312e+02   -1.0078e+00    1.0078e+00
 1.1280e+00    1.3312e+02   -1.0078e+00    1.0078e+00
 1.1290e+00    1.3311e+02   -1.0079e+00    1.0079e+00
 1.1300e+00    1.3311e+02   -1.0080e+00    1.0080e+00
 1.1310e+00    1.3311e+02   -1.0081e+00    1.0081e+00
 1.1320e+00    1.3310e+02   -1.0082e+00    1.0082e+00
 1.1330e+00    1.3310e+02   -1.0083e+00    1.0083e+00
 1.1340e+00    1.3309e+02   -1.0084e+00    1.0084e+00
 1.1350e+00    1.3309e+02   -1.0084e+00    1.0084e+00
 1.1360e+00    1.3309e+02   -1.0085e+00    1.0085e+00
 1.1370e+00    1.3308e+02   -1.0086e+00    1.0086e+00
 1.1380e+00    1.3308e+02   -1.0087e+00    1.0087e+00
 1.1390e+00    1.3308e+02   -1.0087e+00    1.0087e+00
 1.1400e+00    1.3308e+02   -1.0087e+00    1.0087e+00
 1.1410e+00    1.3308e+02   -1.0088e+00    1.0088e+00
 1.1420e+00    1.3307e+02   -1.0088e+00    1.0088e+00
 1.1430e+00    1.3307e+02   -1.0088e+00    1.0088e+00
 1.1440e+00    1.3307e+02   -1.0088e+00    1.0088e+00
 1.1450e+00    1.3307e+02   -1.0088e+00    1.0088e+00
 1.1460e+00    1.3307e+02   -1.0088e+00    1.0088e+00
 1.1470e+00    1.3307e+02   -1.0088e+00    1.0088e+00
 1.1480e+00    1.3307e+02   -1.0088e+00    1.0088e+00
 1.1490e+00    1.3307e+02   -1.0088e+00    1.0088e+00
 1.1500e+00    1.3308e+02   -1.0087e+00    1.0087e+00
 1.1510e+00    1.3308e+02   -1.0087e+00    1.0087e+00
 1.1520e+00    1.3308e+02   -1.0087e+00    1.0087e+00
 1.1530e+00    1.3308e+02   -1.0086e+00    1.0086e+00
 1.1540e+00    1.3309e+02   -1.0086e+00    1.0086e+00
 1.1550e+00    1.3309e+02   -1.0085e+00    1.0085e+00
 1.1560e+00    1.3309e+02   -1.0085e+00    1.0085e+00
 1.1570e+00    1.3310e+02   -1.0084e+00    1.0084e+00
 1.1580e+00    1.3310e+02   -1.0083e+00    1.0083e+00
 1.1590e+00    1.3311e+02   -1.0083e+00    1.0083e+00
 1.1600e+00    1.3311e+02   -1.0082e+00    1.0082e+00
 1.1610e+00    1.3311e+02   -1.0081e+00    1.0081e+00
 1.1620e+00    1.3312e+02   -1.0080e+00    1.0080e+00
 1.1630e+00    1.3312e+02   -1.0079e+00    1.0079e+00
 1.1640e+00    1.3312e+02   -1.0078e+00    1.0078e+00
 1.1650e+00    1.3313e+02   -1.0078e+00    1.0078e+00
 1.1660e+00    1.3313e+02   -1.0077e+00    1.0077e+00
 1.1670e+00    1.3313e+02   -1.0077e+00    1.0077e+00
 1.1680e+00    1.3313e+02   -1.0077e+00    1.0077e+00
 1.1690e+00    1.3313e+02   -1.0076e+00    1.0076e+00
 1.1700e+00    1.3314e+02   -1.0076e+00    1.0076e+00
 1.1710e+00    1.3314e+02   -1.0076e+00    1.0076e+00
 1.1720e+00    1.3314e+02   -1.0075e+00    1.0075e+00
 1.1730e+00    1.3314e+02   -1.0075e+00    1.0075e+00
 1.1740e+00    1.3314e+02   -1.0075e+00    1.0075e+00
 1.1750e+00    1.3314e+02   -1.0074e+00    1.0074e+00
 1.1760e+00    1.3314e+02   -1.0074e+00    1.0074e+00
 1.1770e+00    1.3315e+02   -1.0074e+00    1.0074e+00
 1.1780e+00    1.3315e+02   -1.0073e+00    1.0073e+00
 1.1790e+00    1.3315e+02   -1.0073e+00    1.0073e+00
 1.1800e+00    1.3315e+02   -1.0072e+00    1.0072e+00
 1.1810e+00    1.3316e+02   -1.0071e+00    1.0071e+00
 1.1820e+00    1.3316e+02   -1.0071e+00    1.0071e+00
 1.1830e+00    1.3316e+02   -1.0070e+00    1.0070e+00
 1.1840e+00    1.3317e+02   -1.0069e+00    1.0069e+00
 1.1850e+00    1.3317e+02   -1.0068e+00    1.0068e+00
 1.1860e+00    1.3318e+02   -1.0067e+00    1.0067e+00
 1.1870e+00    1.3318e+02   -1.0066e+00    1.0066e+00
 1.1880e+00    1.3319e+02   -1.0065e+00    1.0065e+00
 1.1890e+00    1.3319e+02   -1.0064e+00    1.0064e+00
 1.1900e+00    1.3320e+02   -1.0062e+00    1.0062e+00
 1.1910e+00    1.3320e+02   -1.0061e+00    1.0061e+00
 1.1920e+00    1.3321e+02   -1.0060e+00    1.0060e+00
 1.1930e+00    1.3321e+02   -1.0059e+00    1.0059e+00
 1.1940e+00    1.3322e+02   -1.0058e+00    1.0058e+00
 1.1950e+00    1.3322e+02   -1.0057e+00    1.0057e+00
 1.1960e+00    1.3323e+02   -1.0056e+00    1.0056e+00
 1.1970e+00    1.3323e+02   -1.0055e+00    1.0055e+00
 1.1980e+00    1.3323e+02   -1.0055e+00    1.0055e+00
 1.1990e+00    1.3324e+02   -1.0054e+00    1.0054e+00
 1.2000e+00    1.3324e+02   -1.0054e+00    1.0054e+00
 1.2010e+00    1.3324e+02   -1.0053e+00    1.0053e+00
 1.2020e+00    1.3324e+02   -1.0053e+00    1.0053e+00
 1.2030e+00    1.3324e+02   -1.0052e+00    1.0052e+00
 1.2040e+00    1.3324e+02   -1.0052e+00    1.0052e+00
 1.2050e+00    1.3324e+02   -1.0052e+00    1.0052e+00
 1.2060e+00    1.3324e+02   -1.0051e+00    1.0051e+00
 1.2070e+00    1.3325e+02   -1.0051e+00    1.0051e+00
 1.2080e+00    1.3325e+02   -1.0051e+00    1.0051e+00
 1.2090e+00    1.3325e+02   -1.0051e+00    1.0051e+00
 1.2100e+00    1.3325e+02   -1.0051e+00    1.0051e+00
 1.2110e+00    1.3325e+02   -1.0051e+00    1.0051e+00
 1.2120e+00    1.3325e+02   -1.0051e+00    1.0051e+00
 1.2130e+00    1.3325e+02   -1.0051e+00    1.0051e+00
 1.2140e+00    1.3325e+02   -1.0051e+00    1.0051e+00
 1.2150e+00    1.3324e+02   -1.0051e+00    1.0051e+00
 1.2160e+00    1.3324e+02   -1.0051e+00    1.0051e+00
 1.2170e+00    1.3325e+02   -1.0051e+00    1.0051e+00
 1.2180e+00    1.3325e+02   -1.0050e+00    1.0050e+00
 1.2190e+00    1.3325e+02   -1.0050e+00    1.0050e+00
 1.2200e+00    1.3325e+02   -1.0049e+00    1.0049e+00
 1.2210e+00    1.3325e+02   -1.0049e+00    1.0049e+00
 1.2220e+00    1.3325e+02   -1.0048e+00    1.0048e+00
 1.2230e+00    1.3325e+02   -1.0048e+00    1.0048e+00
 1.2240e+00    1.3326e+02   -1.0048e+00    1.0048e+00
 1.2250e+00    1.3326e+02   -1.0048e+00    1.0048e+00
 1.2260e+00    1.3326e+02   -1.0047e+00    1.0047e+00
 1.2270e+00    1.3326e+02   -1.0047e+00    1.0047e+00
 1.2280e+00    1.3327e+02   -1.0047e+00    1.0047e+00
 1.2290e+00    1.3327e+02   -1.0047e+00    1.0047e+00
 1.2300e+00    1.3327e+02   -1.0046e+00    1.0046e+00
 1.2310e+00    1.3327e+02   -1.0046e+00    1.0046e+00
 1.2320e+00    1.3327e+02   -1.0046e+00    1.0046e+00
 1.2330e+00    1.3327e+02   -1.0046e+00    1.0046e+00
 1.2340e+00    1.3328e+02   -1.0045e+00    1.0045e+00
 1.2350e+00    1.3328e+02   -1.0045e+00    1.0045e+00
 1.2360e+00    1.3328e+02   -1.0044e+00    1.0044e+00
 1.2370e+00    1.3328e+02   -1.0044e+00    1.0044e+00
 1.2380e+00    1.3329e+02   -1.0043e+00    1.0043e+00
 1.2390e+00    1.3329e+02   -1.0042e+00    1.0042e+00
 1.2400e+00    1.3330e+02   -1.0042e+00    1.0042e+00
 1.2410e+00    1.3330e+02   -1.0041e+00    1.0041e+00
 1.2420e+00    1.3331e+02   -1.0040e+00    1.0040e+00
 1.2430e+00    1.3332e+02   -1.0039e+00    1.0039e+00
 1.2440e+00    1.3332e+02   -1.0037e+00    1.0037e+00
 1.2450e+00    1.3333e+02   -1.0036e+00    1.0036e+00
 1.2460e+00    1.3333e+02   -1.0035e+00    1.0035e+00
 1.2470e+00    1.3334e+02   -1.0034e+00    1.0034e+00
 1.2480e+00    1.3335e+02   -1.0033e+00    1.0033e+00
 1.2490e+00    1.3335e+02   -1.0031e+00    1.0031e+00
 1.2500e+00    1.3336e+02   -1.0030e+00    1.0030e+00
 1.2510e+00    1.3336e+02   -1.0029e+00    1.0029e+00
 1.2520e+00    1.3337e+02   -1.0028e+00    1.0028e+00
 1.2530e+00    1.3337e+02   -1.0026e+00    1.0026e+00
 1.2540e+00    1.3338e+02   -1.0025e+00    1.0025e+00
 1.2550e+00    1.3339e+02   -1.0023e+00    1.0023e+00
 1.2560e+00    1.3339e+02   -1.0022e+00    1.0022e+00
 1.2570e+00    1.3340e+02   -1.0021e+00    1.0021e+00
 1.2580e+00    1.3340e+02   -1.0019e+00    1.0019e+00
 1.2590e+00    1.3341e+02   -1.0018e+00    1.0018e+00
 1.2600e+00    1.3341e+02   -1.0017e+00    1.0017e+00
 1.2610e+00    1.3342e+02   -1.0015e+00    1.0015e+00
 1.2620e+00    1.3343e+02   -1.0014e+00    1.0014e+00
 1.2630e+00    1.3343e+02   -1.0013e+00    1.0013e+00
 1.2640e+00    1.3343e+02   -1.0012e+00    1.0012e+00
 1.2650e+00    1.3344e+02   -1.0010e+00    1.0010e+00
 1.2660e+00    1.3344e+02   -1.0009e+00    1.0009e+00
 1.2670e+00    1.3345e+02   -1.0008e+00    1.0008e+00
 1.2680e+00    1.3345e+02   -1.0007e+00    1.0007e+00
 1.2690e+00    1.3346e+02   -1.0006e+00    1.0006e+00
 1.2700e+00    1.3346e+02   -1.0005e+00    1.0005e+00
 1.2710e+00    1.3347e+02   -1.0004e+00    1.0004e+00
 1.2720e+00    1.3347e+02   -1.0003e+00    1.0003e+00
 1.2730e+00    1.3347e+02   -1.0003e+00    1.0003e+00
 1.2740e+00    1.3348e+02   -1.0002e+00    1.0002e+00
 1.2750e+00    1.3348e+02   -1.0002e+00    1.0002e+00
 1.2760e+00    1.3348e+02   -1.0002e+00    1.0002e+00
 1.2770e+00    1.3348e+02   -1.0002e+00    1.0002e+00
 1.2780e+00    1.3348e+02   -1.0001e+00    1.0001e+00
 1.2790e+00    1.3348e+02   -9.9473e-01    9.9473e-01
